0,111,1451,1683,1918
1,105,1451,1681,1918
2,102,1451,1681,1918
3,100,1450,1681,1918
4,100,1450,1681,1918
5,101,1450,1681,1918
6,100,1450,1680,1918
7,99,1450,1680,1918
8,100,1450,1680,1918
9,101,1450,1680,1918
10,99,1450,1680,1918
11,101,1449,1680,1918
12,97,1450,1681,1918
13,97,1450,1681,1918
14,96,1450,1681,1918
15,96,1450,1680,1918
16,96,1450,1680,1918
17,96,1450,1680,1918
18,97,1450,1681,1918
19,98,1451,1681,1918
20,97,1451,1681,1918
21,96,1450,1681,1918
22,96,1450,1681,1918
23,95,1450,1681,1918
24,88,1448,1681,1918
25,89,1449,1681,1918
26,90,1449,1681,1918
27,90,1448,1681,1918
28,86,1449,1681,1918
29,87,1449,1681,1918
30,91,1449,1681,1918
31,92,1449,1681,1918
32,92,1449,1681,1918
33,90,1449,1681,1918
34,91,1449,1681,1918
35,92,1449,1681,1918
36,97,1450,1681,1918
37,100,1450,1681,1918
38,101,1451,1681,1918
39,97,1451,1681,1918
40,96,1451,1681,1918
41,97,1451,1681,1918
42,97,1451,1681,1918
43,96,1450,1681,1918
44,96,1450,1681,1918
45,95,1451,1681,1918
46,95,1450,1681,1918
47,97,1451,1681,1918
48,102,1450,1681,1918
49,102,1451,1681,1918
50,99,1450,1681,1918
51,98,1450,1681,1918
52,98,1450,1681,1918
53,99,1451,1681,1918
54,99,1451,1681,1918
55,100,1450,1681,1918
56,100,1451,1681,1918
57,101,1450,1681,1918
58,99,1450,1681,1918
59,98,1450,1681,1918
60,100,1450,1681,1918
61,100,1451,1681,1918
62,102,1451,1680,1918
63,104,1451,1680,1918
64,101,1450,1680,1918
65,104,1450,1680,1918
66,102,1450,1680,1918
67,98,1450,1680,1918
68,104,1451,1680,1918
69,99,1450,1680,1918
70,100,1451,1680,1918
71,99,1451,1680,1918
72,101,1452,1681,1918
73,102,1452,1681,1918
74,101,1451,1681,1918
75,103,1452,1681,1918
76,102,1451,1681,1918
77,101,1451,1681,1918
78,101,1451,1681,1918
79,101,1450,1681,1918
80,101,1451,1681,1918
81,97,1451,1681,1918
82,100,1451,1681,1918
83,97,1451,1681,1918
84,106,1450,1681,1918
85,112,1450,1681,1918
86,111,1450,1681,1918
87,110,1450,1681,1918
88,110,1450,1681,1918
89,110,1450,1681,1918
180,84,1448,1682,1918
181,83,1448,1682,1918
182,84,1449,1682,1918
183,82,1449,1682,1918
184,83,1449,1682,1918
185,82,1448,1682,1918
186,82,1448,1682,1918
187,85,1448,1682,1918
188,84,1448,1682,1918
189,82,1448,1682,1918
190,81,1449,1682,1918
191,80,1448,1682,1918
192,82,1448,1681,1918
193,90,1448,1681,1918
194,89,1448,1681,1918
195,90,1448,1681,1918
196,91,1448,1682,1918
197,91,1447,1682,1918
198,88,1446,1681,1918
199,86,1447,1681,1918
200,86,1447,1681,1918
201,85,1448,1681,1918
202,85,1448,1681,1918
203,86,1447,1682,1918
204,91,1450,1682,1918
205,95,1449,1682,1918
206,92,1450,1682,1918
207,91,1449,1682,1918
208,91,1449,1682,1918
209,91,1449,1682,1918
210,90,1449,1682,1918
211,91,1449,1682,1918
212,91,1448,1682,1918
213,91,1448,1682,1918
214,90,1448,1682,1918
215,87,1449,1682,1918
216,86,1449,1682,1918
217,89,1449,1682,1918
218,88,1450,1682,1918
218,548,789,634,860
219,567,796,640,860
219,86,1450,1682,1918
220,566,795,648,859
220,95,1450,1682,1918
220,580,805,648,855
221,577,791,658,861
221,92,1449,1682,1918
222,90,1449,1682,1918
222,569,790,666,862
222,587,799,666,860
223,90,1449,1682,1918
224,90,1449,1682,1918
225,88,1450,1682,1918
226,623,805,695,863
226,86,1450,1682,1918
227,628,809,703,864
227,84,1449,1682,1918
228,92,1449,1682,1918
228,638,809,708,863
229,90,1448,1682,1918
230,89,1448,1682,1918
231,89,1448,1682,1918
232,87,1448,1682,1918
233,88,1449,1683,1918
234,87,1449,1682,1918
235,88,1448,1682,1918
236,735,803,804,870
236,88,1448,1682,1918
237,738,808,822,875
237,87,1448,1682,1918
238,736,804,834,876
238,85,1447,1682,1918
239,739,805,846,880
240,752,812,862,888
241,760,812,874,890
242,776,811,890,893
243,786,812,906,896
244,795,814,923,903
245,815,815,942,909
246,824,814,961,916
247,841,820,984,919
248,858,818,1003,926
249,870,819,1027,929
250,886,820,1052,941
251,902,817,1082,948
252,924,821,1108,956
253,942,820,1143,965
254,966,827,1176,975
255,993,828,1218,989
256,1020,835,1257,1005
257,1052,838,1315,1016
257,102,1440,1679,1918
258,1087,842,1367,1038
259,1122,844,1433,1056
259,101,1435,1680,1919
260,1165,850,1512,1081
260,103,1439,1680,1918
261,1217,854,1604,1109
261,106,1436,1681,1918
262,1273,865,1719,1145
262,100,1443,1681,1918
263,1345,874,1859,1185
263,100,1438,1681,1918
264,1428,883,2026,1241
264,92,1437,1680,1918
265,1532,895,2252,1308
265,104,1431,1678,1919
266,1662,909,2547,1393
267,1830,935,2559,1522
268,2048,960,2559,1490
269,2352,1035,2558,1516
285,127,1447,1678,1918
286,128,1447,1679,1918
287,127,1447,1679,1918
290,122,1445,1679,1918
294,121,1446,1679,1918
295,121,1445,1679,1918
296,122,1446,1679,1918
297,122,1446,1679,1918
298,121,1446,1679,1918
299,121,1446,1678,1918
305,122,1448,1679,1918
306,122,1448,1679,1918
307,121,1448,1679,1918
321,126,1447,1680,1918
323,126,1447,1680,1918
324,122,1446,1680,1918
325,122,1446,1680,1918
326,122,1446,1680,1918
327,124,1446,1680,1918
328,107,1440,1682,1918
329,126,1446,1680,1918
330,107,1441,1681,1918
331,123,1447,1680,1918
332,123,1447,1680,1918
333,123,1446,1680,1918
334,122,1447,1680,1918
335,123,1447,1680,1918
344,119,1446,1680,1918
360,89,1448,1683,1918
361,91,1448,1683,1918
362,90,1449,1683,1918
363,86,1449,1683,1918
364,84,1448,1683,1918
365,87,1448,1683,1918
366,88,1448,1683,1918
367,89,1447,1683,1918
368,87,1448,1683,1918
369,89,1448,1683,1918
370,91,1449,1683,1918
371,89,1449,1683,1918
372,90,1450,1682,1918
373,92,1450,1683,1918
374,91,1449,1683,1918
375,92,1449,1683,1918
376,91,1449,1683,1918
377,90,1449,1683,1918
378,93,1448,1683,1918
379,89,1448,1683,1918
380,91,1448,1683,1918
381,91,1448,1683,1918
382,93,1449,1683,1918
383,91,1449,1683,1918
384,82,1449,1684,1918
396,84,1449,1684,1918
397,85,1449,1684,1918
398,87,1449,1684,1918
399,89,1449,1684,1918
400,89,1449,1684,1918
401,88,1449,1684,1918
402,86,1449,1684,1918
403,80,1449,1684,1918
404,85,1450,1685,1918
405,88,1450,1685,1918
406,91,1450,1685,1918
407,91,1450,1685,1918
408,87,1447,1685,1918
409,89,1447,1685,1918
410,88,1449,1685,1918
411,91,1449,1685,1918
412,89,1449,1685,1918
413,90,1450,1685,1918
414,95,1450,1685,1918
415,95,1450,1685,1918
416,95,1450,1685,1918
417,95,1450,1684,1918
418,94,1450,1685,1918
419,95,1450,1685,1918
420,89,1450,1684,1918
421,88,1450,1684,1918
422,89,1450,1684,1918
423,88,1450,1684,1918
424,95,1450,1684,1918
425,93,1450,1684,1918
426,91,1450,1684,1918
427,88,1450,1684,1918
428,89,1450,1684,1918
429,101,1444,1679,1919
430,96,1445,1679,1918
431,94,1446,1679,1918
432,96,1442,1680,1918
433,96,1443,1680,1918
434,95,1443,1681,1918
435,94,1443,1680,1918
436,94,1442,1680,1918
437,94,1442,1680,1918
438,95,1443,1680,1918
439,93,1443,1680,1918
440,98,1443,1680,1918
441,95,1443,1680,1918
442,95,1443,1680,1918
443,96,1444,1679,1918
444,97,1443,1679,1918
445,98,1444,1679,1918
446,98,1443,1679,1918
447,99,1444,1679,1919
448,99,1444,1679,1918
449,98,1443,1679,1918
450,101,1444,1679,1918
451,101,1443,1679,1918
452,99,1443,1679,1918
453,98,1443,1679,1918
454,101,1444,1679,1918
455,101,1445,1679,1918
456,99,1441,1679,1918
457,98,1440,1680,1918
458,97,1441,1679,1918
459,99,1442,1679,1918
460,102,1444,1679,1918
461,101,1444,1679,1918
462,101,1444,1679,1918
463,104,1444,1679,1918
464,105,1444,1679,1918
465,104,1445,1679,1918
466,106,1445,1679,1918
467,107,1445,1679,1918
468,100,1446,1680,1918
469,99,1446,1679,1918
470,96,1446,1679,1918
471,96,1446,1679,1918
472,95,1446,1679,1918
473,97,1446,1679,1918
474,94,1446,1679,1918
475,97,1446,1680,1918
476,97,1446,1680,1918
477,98,1446,1680,1918
478,99,1446,1679,1918
479,99,1446,1680,1918
480,104,1447,1680,1918
481,106,1448,1680,1918
482,103,1448,1680,1918
483,112,1446,1679,1918
484,112,1446,1679,1918
485,114,1447,1679,1918
486,114,1446,1679,1918
487,115,1446,1679,1918
488,116,1446,1679,1918
489,115,1446,1679,1918
490,95,1442,1681,1918
491,96,1443,1681,1918
492,82,1445,1681,1918
493,84,1445,1681,1918
494,85,1446,1681,1918
495,88,1447,1681,1918
496,89,1448,1681,1918
497,91,1448,1681,1918
498,89,1448,1681,1918
499,89,1448,1681,1918
500,96,1447,1680,1918
501,95,1446,1680,1918
502,96,1447,1680,1918
503,94,1447,1680,1918
504,88,1443,1681,1918
505,88,1442,1681,1918
506,88,1443,1681,1918
507,105,1447,1679,1918
508,106,1447,1679,1918
509,104,1447,1679,1918
510,106,1448,1679,1918
511,96,1448,1679,1918
512,94,1448,1679,1918
513,97,1437,1681,1918
514,94,1434,1680,1918
515,93,1435,1681,1918
516,98,1438,1680,1918
517,97,1438,1680,1918
518,98,1437,1680,1918
519,98,1437,1680,1918
520,94,1437,1680,1918
521,95,1438,1680,1918
522,95,1437,1681,1918
523,89,1439,1681,1918
524,87,1439,1680,1918
525,84,1437,1680,1918
526,92,1439,1680,1918
527,94,1440,1680,1918
528,92,1442,1680,1918
529,91,1443,1680,1918
530,88,1440,1680,1918
531,88,1440,1680,1918
532,90,1442,1680,1918
533,93,1443,1680,1918
534,91,1440,1681,1918
535,91,1440,1681,1918
536,91,1442,1680,1918
537,92,1439,1681,1918
538,90,1441,1681,1918
539,91,1442,1681,1918
540,93,1438,1681,1918
541,94,1437,1682,1918
542,95,1437,1681,1918
543,95,1437,1681,1918
544,94,1438,1681,1918
545,93,1438,1681,1918
546,94,1438,1681,1918
549,91,1435,1681,1918
550,90,1435,1682,1918
551,94,1435,1682,1918
552,104,1439,1681,1918
564,116,1447,1678,1918
565,119,1446,1678,1918
566,119,1446,1677,1918
567,118,1447,1677,1918
568,117,1447,1677,1918
569,116,1446,1677,1918
570,110,1444,1676,1918
571,110,1444,1677,1918
572,114,1444,1677,1918
573,112,1445,1677,1918
574,114,1446,1677,1918
575,117,1445,1677,1918
576,120,1447,1678,1918
577,120,1447,1678,1918
578,122,1447,1678,1918
579,123,1447,1678,1918
580,122,1447,1678,1918
581,122,1447,1677,1918
582,121,1447,1677,1918
583,118,1447,1677,1918
584,120,1447,1677,1918
585,118,1447,1677,1918
586,117,1446,1677,1918
587,118,1445,1677,1918
588,110,1444,1677,1918
589,110,1442,1677,1918
590,111,1444,1677,1918
591,109,1444,1677,1918
592,109,1443,1677,1918
593,108,1444,1677,1918
594,108,1445,1677,1918
595,107,1444,1677,1918
596,110,1444,1677,1918
597,110,1444,1677,1918
598,108,1443,1677,1918
599,107,1445,1677,1918
600,110,1443,1677,1918
601,110,1442,1677,1918
602,109,1442,1677,1918
603,93,1439,1679,1918
605,94,1440,1679,1918
606,97,1439,1679,1918
607,94,1439,1678,1918
608,100,1440,1678,1918
609,105,1439,1678,1918
610,106,1439,1679,1919
611,104,1436,1679,1919
612,91,1433,1685,1918
613,89,1433,1684,1918
614,104,1439,1681,1919
615,98,1439,1682,1919
617,99,1438,1681,1919
618,99,1439,1681,1919
619,103,1441,1681,1919
620,106,1441,1682,1919
621,101,1442,1682,1918
622,102,1443,1682,1918
623,101,1444,1682,1918
624,101,1442,1681,1918
625,100,1443,1681,1918
626,99,1442,1681,1919
627,102,1442,1681,1919
628,102,1442,1681,1919
629,102,1441,1681,1919
630,103,1441,1681,1919
631,101,1441,1682,1919
632,100,1441,1682,1919
633,100,1440,1682,1919
634,98,1440,1682,1919
635,99,1440,1682,1919
636,103,1439,1682,1919
637,99,1439,1682,1919
638,100,1439,1682,1919
639,99,1438,1682,1919
640,94,1438,1682,1918
641,91,1438,1682,1918
642,89,1438,1682,1918
643,92,1438,1682,1918
644,97,1439,1682,1918
645,92,1437,1682,1918
646,94,1438,1682,1918
647,96,1439,1681,1919
648,104,1441,1682,1919
649,103,1441,1681,1919
650,78,1433,1685,1918
651,78,1431,1685,1918
652,77,1432,1685,1918
653,98,1440,1682,1919
654,98,1440,1682,1919
655,96,1440,1682,1919
656,99,1439,1682,1919
658,96,1438,1681,1919
659,97,1438,1681,1919
660,110,1438,1681,1919
661,111,1439,1681,1919
662,110,1439,1681,1919
663,91,1435,1685,1918
664,108,1444,1680,1918
665,108,1444,1679,1918
666,109,1444,1679,1918
667,109,1444,1679,1918
668,108,1445,1680,1918
669,108,1446,1679,1918
670,112,1445,1679,1918
671,112,1446,1679,1918
672,109,1444,1680,1918
673,110,1445,1680,1918
674,110,1445,1680,1918
675,112,1443,1680,1918
676,115,1443,1680,1918
677,117,1445,1680,1918
678,120,1446,1679,1918
679,120,1447,1679,1918
680,119,1447,1679,1918
681,118,1446,1679,1918
682,111,1445,1679,1918
683,109,1446,1679,1918
684,126,1444,1680,1918
685,124,1443,1680,1918
686,112,1443,1680,1918
687,115,1443,1680,1918
688,118,1443,1680,1918
689,118,1443,1680,1918
690,121,1442,1680,1918
691,117,1443,1680,1918
692,119,1442,1680,1918
693,119,1441,1680,1918
694,120,1442,1680,1918
695,120,1443,1680,1918
696,119,1446,1679,1918
697,119,1445,1679,1918
698,119,1445,1679,1918
699,120,1445,1679,1918
700,119,1444,1679,1918
701,119,1445,1679,1918
702,117,1444,1679,1918
703,119,1445,1679,1918
704,118,1445,1679,1918
705,119,1445,1679,1918
706,118,1445,1679,1918
707,118,1445,1679,1918
708,118,1445,1679,1918
709,119,1445,1679,1918
710,119,1445,1679,1918
711,117,1445,1679,1918
712,118,1445,1679,1918
713,119,1445,1679,1918
714,119,1445,1679,1918
715,120,1445,1679,1918
716,119,1445,1679,1918
717,119,1445,1679,1918
718,120,1445,1679,1918
719,120,1445,1679,1918
720,124,1446,1679,1918
721,116,1447,1679,1918
722,114,1447,1679,1918
723,119,1446,1680,1918
724,122,1445,1680,1918
725,120,1445,1680,1918
726,123,1444,1681,1918
727,2440,756,2559,969
727,124,1446,1680,1918
728,2269,692,2558,950
728,123,1446,1679,1918
729,2126,659,2558,970
729,126,1446,1679,1918
730,2003,659,2559,950
730,122,1445,1679,1918
731,1898,661,2421,931
732,1809,662,2271,917
733,1729,678,2148,906
734,1657,679,2038,891
735,1592,684,1941,886
736,1533,689,1857,873
736,544,784,632,847
737,1482,692,1780,867
737,549,786,642,848
738,1437,693,1709,861
738,556,787,646,850
739,1396,693,1649,856
739,547,783,649,851
740,1354,701,1596,850
740,560,788,656,851
741,1320,700,1546,846
741,575,786,665,852
741,109,1443,1677,1918
742,1286,702,1498,842
742,563,785,669,852
742,109,1445,1677,1918
742,586,790,668,850
743,1253,709,1458,837
743,589,787,674,850
743,107,1446,1677,1918
744,1222,714,1419,834
744,593,787,679,851
744,565,783,680,854
744,88,1447,1677,1918
745,1194,712,1382,833
745,598,789,683,852
745,91,1447,1677,1918
745,557,784,685,856
746,1172,715,1351,831
746,603,790,691,852
746,91,1447,1677,1918
747,1146,716,1319,830
747,611,789,693,851
747,89,1447,1677,1918
748,1123,716,1286,830
748,616,788,697,851
748,86,1445,1677,1918
749,1104,725,1258,827
749,623,791,698,854
749,86,1443,1677,1918
750,1080,719,1233,826
750,633,789,702,852
751,1061,722,1207,827
752,1043,723,1182,823
753,1024,729,1159,819
754,1011,726,1138,822
755,993,731,1119,817
755,662,771,767,858
756,975,731,1098,816
757,959,733,1079,816
757,673,767,793,852
758,945,737,1062,815
758,726,777,801,851
758,686,771,801,856
759,926,735,1044,813
759,722,777,809,854
759,692,771,810,858
760,914,738,1026,815
760,706,774,820,858
761,736,779,831,860
761,900,738,1014,817
762,735,778,840,862
762,888,743,995,818
763,735,776,850,866
763,874,748,985,817
764,738,775,860,866
764,866,751,965,815
764,2437,740,2559,944
765,2278,684,2559,927
765,750,776,874,867
765,856,752,949,815
765,99,1445,1678,1918
766,2139,661,2559,922
766,756,772,886,871
766,852,751,933,810
766,101,1444,1678,1918
767,2022,655,2560,927
767,760,769,893,873
767,98,1446,1678,1918
767,841,751,919,809
768,1917,651,2533,910
768,769,756,906,875
768,102,1446,1680,1918
769,1835,663,2372,898
769,782,763,921,876
769,100,1447,1680,1918
770,1752,664,2239,888
770,786,774,928,880
770,107,1449,1680,1918
771,1684,669,2124,874
771,798,775,942,882
771,106,1448,1680,1918
772,1622,670,2024,866
772,806,773,953,888
772,764,752,847,819
772,107,1448,1680,1919
773,1565,673,1933,858
773,816,772,963,889
773,754,760,837,822
773,106,1449,1680,1918
774,1513,678,1853,851
774,820,773,981,894
774,747,763,831,822
774,106,1451,1680,1918
775,827,774,988,897
775,1465,683,1782,847
775,735,764,816,819
775,107,1450,1680,1918
776,1427,684,1714,841
776,840,771,1001,898
776,730,764,802,818
776,99,1449,1676,1918
777,1385,689,1657,837
777,846,775,1013,904
777,722,767,787,815
777,102,1452,1677,1918
778,1345,693,1603,831
778,855,774,1031,908
778,724,765,781,812
778,108,1453,1677,1918
779,1313,696,1554,830
779,863,774,1044,915
779,725,768,775,811
779,107,1453,1677,1918
780,870,772,1054,919
780,1278,695,1510,827
780,106,1443,1676,1918
781,880,772,1064,924
781,1247,702,1463,827
781,106,1443,1676,1918
782,1216,706,1424,825
782,891,773,1084,929
782,107,1442,1676,1918
783,1188,709,1388,823
783,898,776,1094,935
783,105,1443,1676,1919
784,905,776,1112,940
784,1163,709,1349,820
784,105,1442,1676,1918
785,914,774,1128,949
785,1138,716,1316,821
785,107,1438,1676,1918
785,647,777,700,822
786,924,780,1145,957
786,1115,717,1285,816
786,108,1425,1677,1919
786,642,777,696,823
787,929,783,1160,963
787,1100,718,1253,810
787,634,774,695,823
787,109,1420,1678,1919
788,939,784,1183,970
788,1075,721,1229,810
788,629,778,689,824
788,116,1428,1677,1919
789,953,785,1206,983
789,1052,721,1202,809
789,115,1431,1677,1919
790,967,789,1233,991
790,1031,721,1175,805
790,119,1429,1677,1919
791,1007,726,1152,818
791,975,790,1254,1001
791,120,1429,1677,1919
792,986,728,1124,814
792,988,780,1282,1013
792,125,1420,1678,1919
793,1012,790,1315,1021
793,967,730,1104,813
793,127,1417,1678,1919
794,951,735,1078,814
794,1023,791,1346,1029
794,129,1423,1677,1919
795,932,734,1062,816
795,1036,790,1381,1044
795,126,1413,1679,1919
796,918,738,1042,817
796,1055,791,1419,1055
796,142,1437,1677,1919
797,1087,791,1460,1071
797,900,740,1023,816
797,142,1440,1677,1919
798,1095,785,1510,1088
798,884,744,1007,820
798,140,1439,1677,1918
799,871,742,992,817
799,1120,790,1566,1107
799,139,1442,1677,1918
800,1135,795,1621,1121
800,859,749,973,819
800,140,1444,1677,1919
801,1163,796,1685,1144
801,843,753,956,822
801,142,1441,1677,1919
802,1199,800,1754,1167
802,832,752,941,823
802,141,1444,1678,1918
803,1230,796,1836,1189
803,818,758,922,825
803,137,1442,1678,1918
804,2340,727,2558,951
804,1266,799,1929,1216
804,804,757,907,822
804,136,1444,1679,1918
805,2195,660,2558,937
805,793,758,890,824
805,1297,799,2032,1249
805,136,1443,1679,1918
806,2063,665,2558,959
806,1358,802,2157,1282
806,778,754,877,820
806,110,1452,1678,1918
807,1406,802,2301,1324
807,1964,650,2560,939
807,766,753,864,821
807,112,1451,1678,1918
808,1871,650,2457,910
808,1474,804,2467,1374
808,753,754,850,823
808,109,1449,1677,1918
809,1535,808,2560,1420
809,1782,659,2309,875
809,747,757,841,821
809,113,1448,1677,1918
810,1616,812,2559,1495
810,1704,663,2180,879
810,739,764,827,823
810,117,1451,1679,1918
811,1710,815,2559,1468
811,1642,668,2069,889
811,734,764,813,820
811,118,1451,1679,1919
812,1580,673,1973,876
812,729,768,801,819
812,1815,824,2558,1468
812,120,1451,1679,1919
813,1525,677,1887,871
813,1944,882,2558,1420
813,725,767,787,816
813,118,1452,1677,1919
814,1476,684,1810,862
814,2099,895,2558,1477
814,721,768,779,814
814,119,1453,1677,1919
815,1430,686,1738,856
815,2284,914,2559,1510
815,119,1452,1677,1919
816,1391,686,1676,851
816,114,1449,1678,1918
817,1347,694,1619,846
817,113,1450,1678,1918
818,1315,698,1565,842
818,112,1450,1678,1918
819,1283,698,1518,838
819,111,1450,1678,1918
820,1249,708,1473,836
820,112,1450,1678,1918
821,1220,706,1436,834
821,112,1450,1678,1918
822,1190,710,1398,830
822,111,1449,1678,1918
823,1166,710,1361,830
823,113,1448,1678,1918
824,1135,717,1328,830
824,112,1449,1678,1918
825,1118,717,1296,829
825,106,1450,1679,1918
826,1092,721,1264,828
826,101,1445,1677,1918
827,1071,722,1236,827
827,99,1442,1678,1918
828,1051,724,1209,828
828,105,1442,1678,1918
829,1026,725,1183,826
829,102,1442,1679,1918
830,1011,728,1155,825
830,106,1443,1679,1918
831,989,731,1134,822
831,111,1445,1678,1918
832,976,731,1113,820
832,109,1442,1679,1918
833,960,734,1090,819
833,107,1442,1678,1918
834,942,735,1072,819
834,108,1443,1678,1918
835,925,736,1050,817
835,107,1443,1678,1918
836,910,738,1032,819
836,105,1442,1678,1918
837,893,741,1017,819
837,107,1442,1678,1918
838,879,739,998,822
838,105,1440,1678,1918
839,866,744,983,821
839,106,1441,1678,1918
840,857,748,965,823
840,106,1440,1679,1918
841,842,752,951,820
841,108,1442,1678,1918
842,826,753,937,825
842,107,1442,1679,1918
843,814,756,919,823
843,109,1442,1679,1918
844,804,756,903,820
844,111,1443,1679,1918
845,790,753,890,822
845,110,1442,1679,1918
846,772,752,876,821
846,127,1450,1679,1918
847,766,751,865,822
847,125,1449,1679,1918
848,754,755,848,824
848,126,1449,1679,1919
849,748,757,840,821
849,126,1449,1679,1918
850,748,762,822,819
850,123,1449,1679,1918
851,733,761,812,820
851,125,1449,1679,1918
852,137,1451,1679,1918
852,727,766,800,816
853,724,765,789,816
853,138,1451,1679,1918
854,140,1451,1680,1918
854,716,764,778,815
855,139,1450,1680,1918
856,141,1450,1680,1918
857,142,1450,1680,1918
858,142,1450,1679,1918
859,142,1449,1679,1918
860,140,1449,1679,1918
861,140,1449,1679,1918
862,138,1449,1679,1918
863,139,1449,1679,1918
864,129,1448,1680,1918
865,129,1449,1679,1918
866,126,1448,1680,1918
867,127,1449,1681,1918
872,104,1449,1678,1918
890,94,1446,1684,1919
891,92,1446,1684,1919
892,94,1447,1684,1919
893,98,1447,1684,1919
896,118,1450,1681,1919
897,119,1450,1682,1919
898,119,1450,1681,1919
899,120,1450,1681,1919
902,97,1448,1684,1919
903,122,1451,1681,1919
904,125,1451,1681,1919
905,126,1451,1681,1919
906,126,1451,1681,1919
907,126,1451,1681,1919
908,126,1451,1681,1919
909,128,1451,1681,1919
910,127,1451,1682,1919
911,131,1452,1682,1919
912,107,1451,1685,1919
913,108,1451,1685,1919
914,123,1451,1682,1919
919,128,1452,1682,1919
924,107,1451,1684,1919
925,111,1451,1684,1919
927,110,1451,1684,1919
928,109,1448,1680,1918
928,0,1331,115,1485
929,0,1319,150,1492
929,101,1448,1680,1919
930,0,1316,189,1502
930,142,1450,1681,1918
931,0,1306,221,1492
931,145,1452,1681,1919
932,0,1295,257,1487
932,146,1451,1682,1919
933,0,1289,292,1487
933,147,1451,1682,1919
934,0,1279,325,1487
934,139,1451,1681,1919
935,1,1271,354,1488
935,138,1450,1681,1919
936,0,1256,380,1489
936,131,1446,1683,1919
936,0,1322,129,1383
937,0,1250,397,1491
937,132,1446,1683,1919
938,0,1246,414,1495
938,135,1446,1683,1919
939,0,1236,421,1506
939,130,1445,1682,1919
940,0,1234,419,1499
940,133,1447,1682,1919
941,1,1222,414,1491
941,137,1447,1683,1919
941,418,1224,535,1351
942,0,1269,424,1479
942,420,1217,559,1353
942,131,1448,1682,1919
942,345,1217,558,1353
943,1,1261,380,1474
943,416,1213,586,1353
943,134,1450,1682,1919
943,0,1217,586,1476
944,418,1200,607,1362
944,17,1252,404,1469
944,131,1452,1683,1919
944,13,1228,605,1471
945,426,1197,635,1367
945,45,1191,639,1465
945,132,1452,1682,1919
946,412,1188,654,1369
946,60,1214,616,1459
946,137,1453,1682,1919
946,60,1178,634,1413
947,83,1179,687,1452
947,407,1180,673,1368
947,141,1454,1683,1919
948,107,1174,693,1437
948,400,1173,693,1365
948,153,1453,1683,1919
948,105,1236,439,1444
949,153,1454,1684,1919
949,401,1169,715,1363
949,124,1215,696,1444
949,113,1167,712,1367
950,400,1163,729,1357
950,152,1454,1684,1919
950,140,1162,728,1420
950,138,1217,685,1439
951,155,1156,742,1420
951,152,1454,1684,1919
951,395,1156,745,1352
951,154,1214,645,1437
952,171,1154,764,1418
952,149,1454,1683,1919
952,389,1154,764,1351
953,189,1146,781,1410
953,377,1150,782,1347
953,149,1454,1683,1919
954,207,1140,800,1411
954,131,1454,1681,1919
954,386,1144,800,1351
955,131,1454,1682,1919
955,396,1140,819,1350
955,223,1137,817,1402
956,128,1454,1682,1919
956,236,1130,832,1399
956,394,1133,831,1351
956,242,1247,402,1408
957,121,1454,1683,1919
957,250,1124,853,1391
957,384,1128,854,1359
957,251,1241,430,1400
958,271,1123,864,1379
958,123,1454,1682,1919
958,397,1126,863,1345
959,281,1122,876,1377
959,124,1454,1682,1919
960,396,1120,886,1346
960,118,1453,1683,1919
961,402,1115,897,1352
961,110,1454,1683,1919
962,397,1108,913,1357
962,116,1453,1683,1919
963,401,1107,919,1355
963,115,1454,1683,1919
964,406,1102,925,1361
964,137,1455,1683,1919
965,412,1102,938,1371
965,135,1455,1682,1919
966,417,1099,943,1365
966,133,1455,1683,1919
967,418,1096,958,1373
967,133,1455,1683,1919
968,417,1093,968,1371
968,131,1455,1683,1919
969,427,1092,980,1370
969,135,1455,1683,1919
970,421,1089,992,1368
970,136,1456,1684,1919
971,421,1086,1004,1363
971,138,1456,1684,1919
972,422,1082,1025,1359
972,142,1456,1684,1919
973,435,1075,1042,1357
973,143,1456,1684,1919
974,461,1072,1069,1352
974,134,1456,1685,1919
975,477,1068,1086,1346
975,131,1456,1684,1919
976,498,1063,1102,1341
976,132,1456,1684,1919
977,521,1055,1129,1336
977,133,1456,1684,1919
978,548,1052,1155,1329
978,133,1457,1685,1919
979,574,1042,1182,1323
979,128,1457,1685,1919
980,601,1039,1213,1314
980,116,1456,1685,1919
981,631,1030,1236,1310
981,124,1456,1684,1919
982,654,1024,1271,1300
982,131,1457,1684,1919
983,687,1021,1308,1299
983,123,1456,1684,1919
984,716,1016,1336,1290
984,134,1455,1683,1919
985,748,1005,1376,1287
985,123,1454,1683,1919
986,785,1003,1413,1291
986,113,1454,1682,1919
987,812,997,1449,1286
987,114,1454,1683,1919
988,849,995,1480,1279
988,97,1453,1682,1919
989,882,981,1525,1270
989,108,1453,1678,1918
990,913,979,1567,1269
990,114,1454,1678,1918
991,948,972,1604,1264
991,110,1450,1678,1918
992,985,967,1648,1264
992,112,1451,1677,1918
993,1023,968,1696,1268
993,100,1443,1682,1919
994,1060,975,1747,1274
994,69,1450,1692,1918
995,1092,962,1799,1284
995,95,1443,1684,1919
996,1134,957,1852,1294
996,96,1445,1684,1919
997,1179,955,1909,1316
997,76,1450,1692,1919
998,1221,950,1976,1338
998,64,1441,1692,1919
999,1256,954,2042,1360
999,55,1444,1693,1919
1000,1305,948,2121,1386
1000,55,1446,1690,1919
1001,1355,955,2208,1407
1001,90,1448,1678,1919
1002,1402,954,2304,1437
1002,59,1451,1690,1918
1003,1451,962,2416,1469
1003,107,1445,1675,1919
1004,1507,969,2537,1508
1004,117,1451,1672,1918
1005,1568,975,2557,1548
1005,113,1449,1671,1918
1006,1637,979,2559,1599
1006,114,1449,1676,1918
1007,1709,988,2559,1660
1007,113,1449,1678,1918
1008,1787,995,2558,1616
1008,122,1451,1680,1918
1009,1879,1008,2558,1620
1009,121,1451,1680,1918
1010,1980,1015,2557,1625
1010,122,1451,1678,1918
1011,2086,1038,2558,1614
1011,125,1451,1677,1918
1012,2218,1086,2559,1659
1012,124,1451,1677,1918
1013,2365,1125,2558,1662
1013,127,1452,1678,1918
1014,119,1453,1684,1919
1015,118,1453,1684,1919
1016,117,1452,1684,1919
1017,119,1452,1684,1919
1018,114,1452,1684,1919
1019,109,1452,1684,1919
1020,98,1450,1685,1919
1021,93,1451,1685,1919
1022,100,1452,1685,1919
1023,99,1451,1685,1919
1034,104,1444,1678,1919
1035,102,1443,1678,1919
1036,102,1442,1678,1919
1037,105,1442,1678,1919
1038,113,1442,1678,1919
1039,117,1443,1678,1919
1040,123,1445,1679,1919
1041,117,1445,1679,1919
1042,115,1444,1679,1919
1043,115,1445,1679,1919
1044,103,1449,1681,1919
1045,105,1450,1681,1919
1046,105,1450,1681,1919
1047,103,1452,1681,1919
1048,104,1451,1681,1919
1049,103,1451,1681,1919
1050,102,1450,1681,1919
1051,102,1450,1681,1919
1052,101,1450,1681,1919
1053,103,1450,1681,1919
1054,103,1450,1681,1919
1055,102,1450,1681,1919
1056,124,1448,1679,1919
1057,121,1448,1679,1919
1058,120,1448,1679,1919
1059,116,1448,1679,1919
1060,115,1448,1679,1919
1061,115,1448,1679,1919
1062,115,1448,1679,1919
1063,113,1448,1679,1919
1064,114,1448,1679,1919
1065,110,1447,1680,1919
1066,107,1447,1679,1919
1067,106,1448,1679,1919
1068,107,1448,1680,1919
1069,108,1448,1680,1919
1070,107,1448,1680,1919
1071,108,1448,1680,1919
1072,110,1448,1680,1919
1073,110,1448,1680,1919
1074,110,1448,1680,1919
1088,2383,690,2558,994
1089,2261,628,2558,975
1090,2160,615,2558,958
1092,1976,570,2559,987
1093,1901,586,2559,970
1093,100,1439,1677,1919
1094,1835,596,2560,951
1095,1776,600,2467,936
1095,104,1440,1677,1919
1096,104,1441,1678,1918
1097,1668,617,2256,911
1097,103,1442,1678,1918
1098,1622,617,2163,903
1098,102,1445,1678,1918
1099,102,1446,1678,1918
1100,1538,622,2013,884
1100,97,1444,1678,1918
1101,1501,619,1944,877
1101,122,1452,1676,1919
1102,1468,638,1882,871
1102,127,1453,1677,1919
1103,1434,636,1827,866
1103,133,1453,1677,1919
1104,137,1449,1679,1919
1105,1371,644,1724,856
1105,140,1449,1678,1919
1106,1345,646,1681,853
1106,140,1450,1678,1919
1107,1323,650,1638,848
1107,142,1450,1678,1919
1108,1297,654,1600,845
1108,144,1450,1678,1919
1109,1278,660,1564,839
1109,146,1450,1678,1919
1110,1254,662,1532,835
1110,143,1449,1678,1919
1111,1230,659,1497,834
1111,95,1448,1677,1918
1112,1213,665,1472,831
1112,100,1449,1678,1918
1113,1193,669,1441,830
1113,98,1448,1678,1918
1114,1177,674,1412,828
1114,96,1447,1678,1918
1115,1159,677,1387,826
1115,98,1448,1677,1918
1116,1136,679,1364,823
1116,90,1449,1677,1918
1117,1126,681,1339,825
1117,87,1446,1677,1918
1118,1106,686,1314,820
1118,90,1447,1677,1918
1119,1093,684,1296,819
1119,90,1447,1677,1918
1120,1077,686,1278,818
1120,92,1449,1678,1918
1121,1061,685,1254,820
1122,1046,685,1237,817
1123,1031,695,1217,817
1123,100,1447,1683,1918
1124,1018,700,1202,817
1124,98,1447,1683,1918
1125,1006,697,1182,816
1125,95,1447,1683,1918
1126,983,697,1165,815
1127,975,703,1150,814
1127,90,1446,1683,1918
1128,969,705,1134,812
1129,959,704,1119,814
1130,948,707,1106,815
1131,935,711,1091,815
1132,926,707,1077,814
1133,914,714,1062,814
1134,905,714,1049,818
1135,894,716,1037,815
1136,884,717,1026,819
1137,873,717,1013,817
1138,865,717,1001,816
1139,855,719,991,817
1139,2495,804,2559,953
1140,2355,761,2558,981
1140,847,724,986,818
1141,2240,702,2558,964
1141,836,725,964,819
1142,831,731,957,820
1142,2134,713,2558,957
1143,2041,670,2559,978
1143,822,733,945,821
1144,1959,675,2559,965
1144,811,732,935,821
1145,1879,676,2517,951
1145,803,735,923,820
1146,1811,680,2392,935
1146,796,734,916,819
1147,1750,681,2283,925
1147,783,736,907,821
1148,1691,687,2188,920
1148,771,740,895,823
1149,1642,688,2104,912
1149,766,741,888,822
1150,1598,687,2022,901
1150,763,742,880,821
1151,1551,692,1957,894
1151,759,744,868,823
1151,123,1441,1678,1919
1152,1513,695,1893,889
1152,752,744,859,823
1152,116,1440,1678,1919
1153,1478,698,1834,880
1153,739,746,853,823
1153,113,1440,1678,1919
1154,1446,702,1780,876
1154,738,748,844,822
1154,111,1439,1677,1919
1155,1418,700,1732,874
1155,731,747,835,821
1155,112,1441,1677,1919
1156,1389,704,1687,868
1156,726,747,828,821
1156,114,1444,1677,1919
1157,1361,707,1643,864
1157,726,749,819,819
1157,114,1444,1677,1919
1158,1337,711,1605,860
1158,721,748,809,816
1158,116,1445,1677,1918
1159,1313,713,1573,859
1159,722,755,800,815
1159,119,1446,1677,1919
1160,1294,709,1538,852
1160,720,756,795,814
1160,119,1447,1677,1919
1161,1275,712,1510,852
1161,719,756,786,812
1162,1259,713,1484,849
1163,1246,714,1455,844
1164,1231,716,1433,840
1165,1223,712,1411,838
1166,1216,712,1395,836
1167,1210,709,1378,831
1168,1203,707,1366,830
1169,1204,706,1352,822
1170,1204,701,1348,815
1171,1208,701,1337,814
1172,1212,698,1334,808
1173,1211,693,1329,804
1173,633,765,699,822
1174,1213,689,1328,798
1175,1212,690,1337,795
1175,625,764,696,822
1175,88,1446,1678,1918
1176,1217,683,1335,785
1176,619,763,692,823
1176,92,1444,1677,1918
1177,1221,676,1340,778
1177,616,766,688,822
1177,90,1444,1677,1918
1178,1225,673,1339,767
1178,614,765,687,823
1178,90,1445,1677,1918
1179,1232,665,1359,762
1179,88,1445,1677,1918
1180,1240,657,1370,752
1180,94,1447,1677,1919
1181,1249,654,1374,743
1181,93,1447,1677,1919
1182,1255,643,1389,736
1182,92,1445,1677,1919
1183,1270,639,1404,731
1183,1294,635,1404,714
1183,93,1446,1677,1919
1184,1279,632,1407,723
1184,92,1445,1677,1918
1185,1291,640,1400,714
1185,92,1444,1676,1918
1186,1306,625,1404,704
1186,88,1444,1676,1918
1187,1316,626,1406,697
1188,1335,618,1412,689
1188,1337,605,1464,687
1188,82,1442,1676,1918
1189,80,1441,1676,1918
1190,80,1440,1677,1918
1192,1407,572,1532,646
1193,1417,567,1541,643
1194,1429,559,1558,637
1195,1436,553,1573,635
1199,1494,532,1606,609
1201,72,1439,1681,1918
1202,72,1441,1681,1918
1203,76,1443,1681,1918
1204,79,1444,1681,1918
1205,78,1444,1681,1918
1206,79,1445,1681,1918
1207,79,1446,1681,1918
1207,1569,473,1725,551
1208,75,1445,1681,1918
1209,75,1446,1681,1918
1210,2469,750,2559,989
1210,77,1446,1681,1918
1211,2350,702,2559,972
1211,77,1446,1680,1918
1212,2245,648,2558,958
1212,75,1448,1682,1918
1212,1673,446,1758,516
1213,2152,626,2558,945
1213,1681,438,1771,512
1213,80,1443,1682,1918
1214,2064,639,2558,978
1214,1674,440,1762,505
1214,80,1445,1681,1918
1215,1984,612,2558,961
1215,84,1446,1682,1918
1216,1913,618,2551,947
1216,84,1445,1682,1918
1217,1848,624,2429,937
1217,1658,443,1735,501
1217,81,1445,1681,1918
1218,1784,631,2327,926
1218,1658,442,1738,499
1218,81,1445,1681,1918
1219,1731,635,2235,918
1219,1656,444,1737,501
1219,85,1446,1681,1918
1220,1677,639,2142,908
1220,1651,445,1726,503
1220,84,1447,1681,1918
1221,1635,644,2067,898
1221,1644,444,1731,506
1221,85,1447,1681,1918
1222,1588,647,1992,891
1222,86,1449,1681,1918
1222,1641,447,1720,506
1223,1544,648,1925,887
1223,105,1438,1678,1919
1223,1642,448,1721,507
1224,1508,654,1866,880
1224,95,1418,1679,1919
1225,1468,661,1809,874
1225,91,1425,1679,1919
1226,1435,668,1755,872
1226,93,1421,1679,1919
1227,1403,669,1706,864
1227,93,1424,1679,1919
1227,1633,455,1707,510
1228,1371,669,1663,859
1228,87,1426,1679,1919
1229,1344,677,1619,857
1229,88,1431,1679,1919
1230,1317,681,1577,851
1230,91,1432,1678,1919
1231,1293,683,1543,849
1231,90,1430,1678,1919
1232,1264,687,1505,845
1232,89,1433,1678,1919
1233,1245,687,1471,845
1233,86,1443,1676,1918
1234,1217,690,1440,842
1234,539,781,632,858
1235,1196,694,1410,839
1235,543,784,633,857
1235,90,1442,1677,1918
1236,1177,694,1384,837
1236,552,786,641,858
1236,96,1446,1678,1918
1237,1155,697,1355,836
1237,561,789,645,860
1237,94,1446,1678,1918
1237,540,781,646,861
1238,1134,701,1331,834
1238,565,790,649,859
1238,92,1446,1678,1918
1238,541,781,650,860
1239,1118,701,1305,832
1239,571,790,657,859
1239,91,1446,1678,1918
1240,1102,706,1280,830
1240,573,790,665,859
1240,94,1445,1678,1918
1241,1083,707,1256,830
1241,583,792,672,858
1241,100,1443,1678,1918
1242,1066,712,1238,829
1242,589,793,675,859
1242,102,1446,1678,1918
1243,1051,715,1214,829
1243,597,792,680,857
1243,125,1452,1681,1918
1244,1032,716,1195,829
1244,125,1451,1681,1918
1244,601,791,684,857
1245,1021,716,1175,827
1245,125,1452,1681,1918
1245,608,792,694,858
1246,1004,718,1153,827
1246,129,1453,1681,1918
1246,611,792,700,861
1247,985,718,1137,827
1247,126,1452,1680,1918
1247,617,793,702,861
1248,977,717,1118,824
1248,626,794,704,862
1248,119,1446,1680,1918
1249,966,718,1102,822
1249,117,1447,1680,1918
1249,629,792,708,863
1250,948,719,1085,822
1250,131,1450,1680,1918
1250,638,792,709,862
1251,936,725,1071,821
1251,128,1450,1680,1918
1251,643,795,711,862
1252,924,723,1055,819
1252,128,1449,1680,1918
1253,911,728,1039,825
1253,127,1450,1680,1918
1254,898,730,1024,823
1254,129,1450,1680,1918
1254,662,786,770,862
1255,887,730,1013,823
1255,129,1450,1680,1918
1255,667,794,780,864
1256,879,733,996,824
1256,129,1449,1680,1918
1256,674,791,791,867
1257,863,735,986,823
1257,129,1449,1680,1918
1257,681,788,795,869
1258,854,738,966,822
1258,688,787,805,867
1258,129,1448,1680,1918
1259,839,739,951,821
1259,717,792,813,867
1259,129,1447,1680,1918
1260,834,743,943,820
1260,733,791,826,871
1260,123,1448,1680,1918
1260,703,785,823,870
1261,736,793,837,871
1261,124,1447,1680,1918
1261,827,743,931,818
1262,736,790,846,876
1262,124,1448,1680,1918
1262,824,746,911,816
1263,735,787,854,878
1263,126,1449,1680,1918
1263,807,746,900,814
1264,735,786,865,882
1264,124,1449,1680,1918
1264,792,743,890,814
1265,742,756,880,884
1265,124,1450,1681,1918
1266,748,752,890,888
1266,125,1450,1680,1918
1266,755,786,891,889
1267,769,788,902,891
1267,124,1449,1680,1918
1267,760,750,855,822
1268,778,785,920,894
1268,124,1448,1680,1918
1268,754,749,844,823
1269,785,786,926,896
1269,125,1448,1680,1918
1270,796,791,944,896
1270,129,1449,1680,1918
1270,735,758,821,825
1271,809,789,960,902
1271,735,761,811,821
1271,128,1449,1680,1918
1272,820,785,974,908
1272,134,1449,1680,1918
1272,731,763,795,820
1273,824,784,991,911
1273,726,762,789,817
1273,149,1445,1676,1919
1274,836,786,1005,913
1274,148,1442,1676,1919
1274,725,762,782,814
1275,848,784,1022,920
1275,146,1443,1676,1919
1275,726,763,776,813
1276,858,782,1041,924
1276,146,1443,1676,1919
1277,873,787,1056,925
1277,147,1442,1676,1919
1278,883,785,1074,932
1278,148,1445,1676,1919
1279,897,787,1092,936
1279,145,1445,1675,1919
1280,911,788,1114,941
1280,144,1443,1675,1919
1281,923,783,1136,948
1281,143,1441,1675,1919
1282,936,784,1158,952
1282,144,1438,1675,1919
1283,951,785,1184,962
1283,142,1440,1675,1919
1284,967,785,1211,974
1284,131,1427,1675,1918
1285,984,784,1238,979
1285,129,1422,1675,1918
1285,628,768,694,826
1286,1003,787,1270,991
1286,130,1425,1675,1918
1287,1017,792,1305,1006
1287,129,1422,1675,1918
1288,1040,794,1339,1017
1288,129,1429,1675,1918
1288,612,775,679,824
1289,1061,795,1377,1031
1289,127,1434,1675,1918
1290,1086,803,1416,1046
1290,122,1449,1675,1918
1291,1109,803,1468,1062
1291,123,1446,1675,1918
1292,1138,794,1522,1085
1292,124,1450,1675,1918
1293,1165,805,1584,1109
1293,120,1450,1675,1918
1294,1204,806,1661,1130
1294,148,1435,1678,1919
1295,1244,812,1738,1162
1295,148,1427,1681,1919
1296,1284,816,1837,1194
1296,123,1448,1678,1918
1297,1334,820,1953,1233
1297,125,1447,1677,1918
1298,1395,825,2084,1277
1298,120,1449,1676,1918
1299,1460,831,2249,1333
1299,118,1446,1675,1918
1300,1533,841,2443,1400
1300,132,1448,1674,1918
1301,1626,847,2559,1479
1301,131,1446,1675,1918
1302,1737,860,2559,1584
1302,136,1444,1677,1918
1303,1871,871,2559,1558
1303,150,1441,1683,1918
1304,2042,883,2557,1554
1304,135,1447,1677,1918
1305,2249,906,2558,1608
1305,135,1448,1676,1918
1306,134,1448,1679,1918
1307,135,1448,1679,1918
1308,131,1446,1679,1918
1309,132,1446,1679,1918
1310,99,1437,1679,1918
1311,98,1438,1679,1918
1312,111,1436,1681,1918
1313,106,1441,1679,1918
1314,108,1441,1679,1918
1315,112,1441,1679,1918
1316,114,1437,1683,1918
1317,115,1438,1683,1918
1318,119,1437,1683,1918
1319,114,1437,1682,1918
1320,119,1447,1679,1918
1321,126,1443,1680,1918
1322,128,1443,1680,1918
1323,119,1447,1679,1918
1324,122,1447,1679,1918
1325,122,1447,1679,1919
1326,120,1447,1679,1918
1327,121,1443,1680,1918
1328,124,1443,1680,1918
1329,122,1442,1680,1918
1330,123,1441,1680,1918
1331,123,1442,1679,1918
1332,131,1440,1681,1918
1333,129,1441,1681,1918
1334,130,1441,1681,1918
1335,126,1440,1681,1918
1336,128,1440,1681,1918
1337,129,1441,1681,1918
1338,128,1440,1681,1918
1339,127,1440,1681,1918
1340,128,1442,1681,1918
1341,128,1442,1681,1918
1342,128,1443,1681,1918
1343,128,1442,1681,1918
1344,132,1440,1682,1918
1345,136,1441,1681,1918
1346,134,1440,1681,1918
1347,136,1441,1681,1918
1348,135,1442,1682,1918
1349,135,1442,1681,1918
1350,133,1441,1681,1918
1351,139,1445,1682,1918
1352,129,1449,1680,1918
1353,136,1447,1680,1918
1354,135,1448,1679,1918
1355,135,1449,1679,1918
1356,126,1450,1678,1918
1357,128,1451,1678,1918
1358,129,1451,1678,1918
1359,126,1450,1677,1918
1360,126,1449,1678,1918
1361,127,1449,1678,1918
1362,125,1449,1678,1918
1363,126,1449,1678,1918
1364,126,1449,1678,1918
1365,127,1450,1678,1918
1366,125,1450,1678,1918
1367,125,1450,1678,1918
1368,123,1449,1678,1918
1369,125,1450,1678,1918
1370,120,1449,1678,1918
1371,120,1449,1678,1918
1372,121,1449,1678,1918
1373,119,1449,1678,1918
1374,118,1449,1678,1918
1375,117,1449,1678,1918
1376,117,1449,1678,1918
1377,118,1450,1679,1918
1378,118,1450,1678,1918
1379,118,1450,1678,1918
1380,120,1448,1678,1918
1381,121,1448,1678,1918
1382,122,1448,1678,1918
1383,120,1448,1678,1918
1384,121,1448,1678,1918
1385,121,1448,1678,1918
1386,121,1448,1678,1918
1387,121,1448,1678,1918
1388,120,1448,1678,1918
1389,115,1448,1678,1918
1390,113,1449,1678,1918
1391,102,1449,1678,1918
1392,111,1450,1679,1918
1393,109,1450,1679,1918
1394,117,1450,1678,1918
1394,1631,460,1705,513
1395,117,1450,1678,1918
1395,1634,459,1706,512
1396,120,1450,1679,1918
1396,1633,462,1708,513
1397,117,1450,1679,1918
1397,1641,460,1705,511
1398,1643,458,1706,511
1398,119,1449,1679,1918
1399,1644,458,1712,510
1399,120,1450,1679,1918
1400,1644,457,1717,508
1400,117,1449,1679,1918
1401,1652,454,1724,508
1401,116,1449,1679,1918
1402,1657,457,1729,505
1402,115,1449,1679,1918
1403,1659,451,1737,502
1403,109,1448,1681,1918
1404,128,1437,1680,1918
1404,1672,450,1743,498
1405,122,1434,1680,1918
1405,1662,448,1758,503
1406,1671,445,1759,493
1406,123,1435,1681,1918
1407,123,1435,1681,1918
1407,1668,442,1763,493
1408,125,1438,1681,1918
1408,1693,443,1766,488
1408,1674,446,1763,497
1409,124,1438,1681,1918
1409,1688,442,1773,490
1410,124,1437,1681,1918
1410,1693,441,1789,496
1411,123,1437,1681,1918
1412,122,1437,1681,1918
1413,124,1437,1681,1918
1414,123,1436,1681,1918
1415,124,1437,1681,1918
1416,126,1440,1680,1918
1417,126,1442,1680,1918
1418,126,1442,1680,1918
1419,126,1443,1680,1918
1420,126,1442,1680,1918
1421,127,1442,1680,1918
1422,127,1443,1680,1918
1423,126,1443,1680,1918
1424,125,1443,1680,1918
1425,125,1442,1680,1918
1426,125,1442,1680,1918
1427,123,1443,1680,1918
1428,123,1440,1680,1918
1429,123,1441,1681,1918
1430,124,1442,1681,1918
1431,118,1441,1681,1918
1432,118,1442,1681,1918
1433,118,1444,1679,1918
1434,123,1446,1679,1918
1435,124,1446,1679,1918
1436,125,1444,1678,1918
1437,126,1443,1679,1918
1438,124,1442,1679,1918
1439,123,1441,1679,1918
1440,138,1445,1680,1918
1441,137,1446,1680,1918
1442,137,1446,1680,1918
1443,137,1445,1680,1918
1444,135,1444,1680,1918
1445,135,1444,1680,1918
1446,134,1444,1680,1918
1447,131,1443,1680,1918
1448,133,1443,1680,1918
1449,133,1443,1679,1918
1450,131,1443,1680,1918
1451,133,1442,1680,1918
1452,135,1444,1679,1918
1453,134,1444,1679,1918
1454,135,1444,1679,1918
1455,134,1442,1679,1918
1456,135,1442,1679,1918
1457,135,1442,1679,1918
1458,133,1442,1679,1918
1459,133,1442,1679,1918
1460,133,1442,1679,1918
1461,2416,843,2559,1092
1461,134,1441,1679,1918
1462,2256,808,2559,1080
1462,133,1441,1678,1918
1463,2109,734,2558,1075
1463,116,1440,1677,1918
1464,1977,728,2559,1076
1464,126,1444,1678,1919
1465,1857,757,2559,1090
1465,121,1441,1677,1919
1466,1744,748,2546,1087
1466,123,1441,1677,1919
1467,1637,767,2384,1085
1467,125,1438,1676,1919
1468,1529,779,2238,1090
1468,121,1437,1675,1919
1469,1436,804,2104,1094
1469,118,1439,1676,1919
1470,1346,817,1977,1102
1470,125,1442,1676,1919
1471,1088,870,1650,1143
1471,114,1445,1675,1918
1472,1010,889,1548,1161
1472,115,1436,1683,1918
1473,931,906,1454,1175
1473,101,1448,1675,1918
1474,854,928,1365,1191
1474,133,1446,1681,1918
1475,777,946,1276,1209
1475,113,1453,1676,1918
1476,702,968,1195,1227
1476,128,1450,1677,1918
1477,622,992,1107,1243
1477,131,1448,1676,1918
1478,542,1013,1025,1262
1478,150,1446,1681,1918
1479,478,1029,943,1281
1479,130,1450,1681,1919
1480,400,1047,861,1297
1480,125,1451,1681,1919
1481,388,1075,779,1283
1481,131,1450,1681,1919
1482,383,1093,702,1281
1482,132,1455,1682,1919
1483,163,1115,626,1343
1483,377,1119,623,1297
1483,122,1452,1680,1919
1484,89,1143,541,1370
1484,130,1445,1678,1919
1484,381,1133,542,1282
1484,84,1182,368,1372
1485,19,1183,369,1382
1485,129,1447,1679,1919
1486,4,1177,367,1377
1486,130,1445,1679,1919
1487,0,1192,318,1375
1487,140,1445,1678,1919
1488,0,1212,235,1386
1488,138,1448,1679,1919
1489,0,1235,157,1391
1489,129,1445,1679,1919
1490,0,1230,80,1388
1490,91,1440,1678,1919
1491,114,1430,1680,1918
1492,112,1429,1680,1918
1493,115,1430,1681,1918
1494,115,1431,1681,1918
1495,94,1438,1678,1919
1496,95,1439,1678,1919
1497,96,1439,1678,1919
1498,95,1440,1678,1919
1499,94,1439,1678,1919
1500,89,1443,1678,1918
1501,89,1444,1678,1918
1502,89,1444,1678,1918
1503,90,1444,1678,1918
1504,89,1443,1679,1918
1505,90,1444,1678,1919
1506,90,1444,1678,1919
1507,88,1444,1679,1919
1508,87,1444,1679,1918
1509,89,1445,1679,1918
1510,84,1443,1679,1918
1511,80,1443,1679,1918
1512,83,1443,1678,1918
1513,83,1444,1679,1918
1514,85,1444,1679,1918
1515,82,1444,1679,1918
1516,81,1443,1679,1918
1517,102,1437,1682,1918
1518,102,1436,1683,1918
1519,100,1436,1683,1918
1520,103,1442,1683,1918
1521,97,1447,1677,1918
1522,106,1450,1677,1918
1523,107,1449,1677,1918
1524,101,1449,1679,1918
1525,100,1449,1679,1918
1526,102,1449,1679,1918
1527,104,1449,1679,1918
1528,103,1448,1679,1918
1529,97,1447,1679,1918
1530,92,1447,1678,1918
1531,89,1450,1679,1918
1532,108,1450,1689,1918
1533,118,1450,1688,1918
1534,96,1452,1679,1918
1535,117,1450,1689,1918
1536,102,1451,1680,1918
1537,103,1451,1680,1918
1538,102,1451,1680,1918
1539,101,1450,1680,1918
1540,101,1451,1680,1918
1541,101,1451,1680,1918
1542,100,1451,1680,1918
1543,99,1451,1680,1918
1544,99,1451,1680,1918
1545,100,1450,1680,1918
1546,98,1450,1680,1918
1547,100,1450,1680,1918
1548,107,1452,1681,1918
1549,106,1453,1681,1918
1550,104,1452,1681,1918
1551,99,1452,1681,1918
1552,101,1452,1680,1918
1553,103,1452,1680,1918
1554,102,1453,1680,1918
1555,102,1452,1680,1918
1556,102,1452,1680,1918
1557,102,1452,1680,1918
1558,107,1452,1680,1918
1559,106,1452,1680,1918
1560,125,1447,1683,1918
1561,124,1446,1683,1918
1562,124,1446,1683,1918
1563,120,1446,1684,1918
1564,123,1447,1684,1918
1565,124,1448,1683,1918
1566,124,1448,1683,1918
1567,122,1448,1683,1918
1568,124,1448,1684,1918
1569,124,1449,1684,1918
1570,118,1447,1684,1918
1571,118,1447,1684,1918
1572,122,1446,1685,1918
1573,101,1448,1679,1918
1574,101,1449,1679,1918
1575,103,1449,1679,1918
1576,106,1449,1679,1918
1577,105,1449,1679,1918
1578,104,1449,1679,1918
1579,104,1449,1679,1918
1580,100,1448,1679,1918
1581,98,1448,1679,1918
1582,115,1445,1685,1918
1583,96,1448,1679,1918
1584,97,1446,1679,1918
1585,99,1446,1679,1918
1586,99,1446,1679,1918
1587,96,1445,1679,1918
1588,95,1444,1679,1918
1589,92,1443,1679,1918
1590,97,1445,1679,1918
1591,108,1446,1680,1918
1592,113,1447,1679,1918
1593,110,1443,1680,1918
1594,114,1443,1679,1918
1595,118,1444,1679,1918
1596,124,1448,1680,1918
1597,123,1448,1680,1918
1598,122,1447,1680,1918
1599,122,1448,1680,1918
1600,118,1446,1680,1918
1601,118,1445,1680,1918
1602,116,1445,1680,1918
1603,115,1446,1680,1918
1604,112,1445,1680,1918
1605,108,1444,1680,1918
1606,109,1445,1680,1918
1607,107,1446,1680,1918
1608,110,1445,1679,1918
1609,109,1445,1679,1918
1610,108,1446,1679,1918
1611,107,1446,1679,1918
1612,105,1446,1679,1918
1613,108,1445,1679,1918
1614,109,1445,1679,1918
1615,111,1443,1680,1918
1616,118,1445,1680,1918
1617,118,1443,1679,1918
1618,119,1444,1679,1918
1619,120,1444,1679,1918
1620,112,1445,1679,1918
1620,539,784,632,852
1621,543,786,639,852
1621,111,1445,1679,1918
1622,549,787,645,854
1622,113,1444,1679,1918
1623,558,790,651,854
1623,112,1444,1679,1918
1624,564,792,658,855
1624,112,1444,1679,1918
1625,561,791,670,857
1625,594,796,669,852
1625,111,1444,1679,1918
1626,601,795,675,855
1626,561,789,676,858
1626,110,1443,1679,1918
1627,608,793,682,852
1627,113,1444,1679,1918
1628,616,795,688,854
1628,115,1444,1679,1918
1629,623,795,696,856
1629,113,1445,1679,1918
1630,633,797,703,855
1630,111,1445,1679,1918
1631,637,793,704,854
1631,108,1444,1679,1918
1632,106,1447,1680,1918
1633,106,1447,1680,1918
1634,107,1448,1680,1918
1635,110,1448,1680,1918
1636,107,1448,1680,1918
1637,733,793,793,851
1637,105,1448,1680,1918
1638,736,790,808,852
1638,99,1446,1681,1918
1638,697,775,808,856
1639,735,789,819,853
1639,98,1446,1681,1918
1639,700,777,821,855
1640,739,792,834,861
1640,104,1442,1690,1918
1641,733,791,845,865
1641,96,1446,1681,1918
1642,742,790,859,867
1642,105,1442,1690,1918
1643,755,791,871,870
1643,96,1446,1681,1918
1644,768,787,887,873
1644,125,1446,1681,1918
1645,778,788,899,874
1645,126,1446,1681,1918
1646,787,789,912,879
1646,125,1446,1681,1918
1647,802,790,927,884
1647,125,1446,1681,1918
1648,813,790,939,888
1648,125,1447,1681,1918
1649,818,787,953,893
1649,123,1448,1681,1918
1650,833,789,972,897
1650,129,1447,1681,1918
1651,844,789,988,900
1651,133,1447,1680,1919
1652,853,790,1004,911
1652,133,1447,1680,1919
1653,864,790,1022,916
1653,135,1447,1680,1919
1654,879,797,1048,920
1654,135,1447,1680,1919
1655,892,797,1064,926
1655,135,1447,1680,1919
1656,909,803,1086,934
1656,126,1448,1680,1918
1657,920,799,1112,942
1657,124,1447,1680,1919
1658,939,800,1140,946
1658,123,1447,1680,1918
1659,958,800,1170,959
1659,125,1446,1680,1919
1660,978,803,1201,968
1660,123,1445,1679,1918
1661,998,807,1240,977
1661,121,1445,1679,1918
1662,1026,808,1279,991
1662,126,1425,1676,1919
1663,1054,806,1327,1005
1663,114,1422,1676,1919
1664,1085,809,1377,1018
1664,111,1418,1676,1919
1665,1120,814,1434,1033
1665,106,1416,1676,1918
1666,1155,818,1506,1057
1666,109,1421,1676,1918
1667,1199,820,1588,1078
1667,110,1420,1677,1918
1668,1247,820,1687,1109
1668,121,1418,1678,1918
1669,1305,820,1798,1140
1669,123,1420,1678,1919
1670,1374,828,1932,1179
1670,118,1419,1678,1919
1671,1457,834,2104,1225
1671,117,1433,1674,1918
1672,1554,835,2315,1280
1672,121,1439,1674,1918
1673,1679,840,2558,1358
1673,127,1439,1674,1919
1674,1826,852,2559,1462
1674,122,1444,1676,1918
1675,2020,877,2558,1379
1675,124,1443,1674,1919
1676,2274,880,2558,1457
1676,127,1444,1674,1919
1677,127,1445,1677,1918
1678,126,1445,1677,1918
1679,127,1445,1677,1918
1680,139,1442,1685,1918
1681,139,1443,1685,1918
1682,139,1442,1685,1918
1683,140,1442,1685,1918
1684,140,1441,1685,1918
1685,139,1441,1685,1918
1686,141,1442,1686,1918
1687,140,1442,1686,1918
1688,141,1442,1685,1918
1689,141,1442,1685,1918
1690,140,1442,1686,1918
1691,140,1442,1686,1918
1692,140,1442,1685,1918
1693,140,1442,1684,1918
1694,141,1441,1684,1918
1695,141,1441,1684,1918
1696,141,1442,1684,1918
1697,141,1441,1685,1918
1698,140,1440,1685,1918
1699,140,1440,1685,1918
1700,140,1440,1684,1918
1701,129,1445,1678,1918
1702,128,1445,1678,1918
1703,129,1445,1678,1918
1704,137,1438,1684,1918
1705,138,1438,1685,1918
1706,139,1439,1685,1918
1707,126,1444,1678,1918
1708,138,1439,1684,1918
1709,138,1439,1684,1918
1710,138,1439,1684,1918
1711,137,1440,1684,1918
1712,136,1440,1684,1918
1713,139,1440,1684,1918
1714,124,1444,1678,1918
1715,125,1445,1678,1918
1716,120,1447,1678,1918
1717,138,1443,1683,1918
1718,120,1446,1677,1918
1719,120,1446,1677,1918
1720,119,1446,1677,1918
1721,118,1445,1677,1918
1722,103,1449,1680,1918
1723,105,1449,1681,1918
1724,107,1451,1681,1918
1725,103,1448,1680,1918
1726,103,1448,1680,1918
1727,103,1448,1680,1918
1728,96,1449,1679,1918
1729,96,1450,1679,1918
1730,100,1450,1680,1918
1731,101,1449,1679,1918
1732,101,1450,1679,1919
1733,98,1450,1679,1918
1734,100,1450,1679,1918
1735,101,1449,1680,1918
1736,100,1450,1680,1918
1737,101,1450,1680,1918
1738,102,1451,1679,1918
1739,97,1450,1679,1918
1740,95,1450,1679,1918
1741,95,1450,1679,1918
1742,110,1447,1679,1918
1743,110,1447,1679,1918
1744,112,1447,1679,1918
1745,112,1447,1679,1918
1746,112,1447,1679,1918
1747,111,1447,1679,1918
1748,111,1447,1679,1918
1749,113,1447,1679,1918
1750,110,1448,1680,1918
1751,111,1447,1681,1918
1752,106,1448,1687,1918
1753,105,1447,1688,1918
1754,103,1447,1688,1918
1755,104,1446,1687,1918
1756,107,1446,1687,1918
1757,105,1446,1686,1918
1758,101,1446,1686,1918
1759,101,1446,1686,1918
1760,103,1446,1686,1918
1761,104,1446,1686,1918
1762,102,1447,1687,1918
1763,116,1445,1680,1918
1764,119,1445,1679,1918
1765,119,1445,1679,1918
1766,118,1445,1679,1918
1767,118,1445,1679,1918
1768,117,1444,1679,1918
1769,117,1444,1679,1918
1770,110,1444,1679,1918
1770,540,782,617,850
1771,542,784,622,851
1771,112,1444,1679,1918
1772,544,786,631,852
1772,112,1444,1679,1918
1773,547,786,635,854
1773,112,1444,1679,1918
1774,556,787,648,858
1774,111,1444,1678,1918
1775,112,1444,1678,1918
1775,555,787,650,861
1775,581,792,650,857
1776,560,787,656,857
1776,111,1442,1679,1919
1777,588,792,665,857
1777,111,1442,1679,1918
1778,595,792,674,858
1778,112,1442,1679,1918
1779,601,794,681,856
1779,111,1441,1679,1918
1779,563,787,682,863
1780,611,795,686,854
1780,107,1442,1679,1918
1781,612,793,696,859
1781,106,1441,1679,1918
1782,621,794,699,861
1782,103,1442,1679,1918
1783,103,1442,1679,1918
1783,627,792,699,862
1784,104,1442,1679,1918
1784,636,791,702,857
1785,104,1442,1679,1918
1786,105,1442,1679,1918
1787,104,1444,1679,1918
1788,114,1444,1679,1918
1789,114,1444,1679,1918
1790,121,1446,1679,1919
1791,121,1445,1679,1919
1791,733,791,792,861
1792,737,786,807,858
1792,120,1445,1679,1919
1793,736,785,817,862
1793,119,1445,1679,1919
1794,735,790,826,872
1794,119,1444,1679,1919
1795,735,786,841,875
1795,121,1446,1679,1918
1796,736,784,857,878
1796,123,1446,1679,1918
1797,744,786,866,883
1797,125,1445,1679,1918
1798,753,788,880,888
1798,112,1444,1679,1918
1799,768,790,895,891
1799,110,1443,1679,1918
1800,781,788,907,898
1800,111,1443,1678,1918
1801,789,791,921,900
1801,113,1446,1678,1918
1802,800,789,936,905
1802,135,1443,1679,1919
1803,815,792,953,909
1803,134,1440,1678,1919
1804,823,790,971,913
1804,135,1440,1678,1919
1805,837,792,989,918
1805,131,1439,1678,1919
1806,851,792,1011,925
1806,134,1439,1678,1919
1807,863,793,1029,935
1807,135,1442,1677,1919
1808,877,794,1052,940
1808,132,1443,1678,1919
1809,891,800,1073,951
1809,137,1444,1677,1919
1810,908,799,1098,956
1810,139,1442,1678,1919
1811,923,800,1127,965
1811,135,1442,1678,1919
1812,940,802,1152,975
1812,121,1437,1678,1918
1813,960,803,1188,987
1813,123,1439,1678,1918
1814,981,804,1224,1001
1814,121,1439,1678,1918
1815,1007,805,1269,1021
1815,120,1433,1677,1918
1816,1034,808,1317,1031
1816,120,1429,1677,1918
1817,1064,813,1368,1046
1817,113,1440,1678,1918
1818,1098,811,1431,1069
1818,111,1441,1677,1918
1819,1134,812,1502,1093
1819,118,1448,1678,1918
1820,1178,817,1585,1122
1820,109,1441,1678,1918
1821,1227,821,1690,1159
1821,138,1431,1691,1918
1822,1290,823,1808,1199
1822,113,1439,1679,1918
1823,1360,830,1960,1251
1823,114,1438,1677,1918
1824,1448,832,2146,1311
1824,116,1435,1677,1918
1825,1550,841,2391,1394
1825,115,1435,1676,1918
1826,1680,854,2558,1492
1827,1848,869,2559,1486
1827,119,1438,1677,1918
1828,2077,881,2558,1507
1828,118,1442,1674,1918
1829,2387,990,2558,1433
1829,120,1442,1675,1918
1830,115,1441,1676,1918
1831,110,1439,1676,1918
1832,112,1439,1676,1918
1833,110,1438,1676,1918
1834,108,1438,1676,1918
1835,110,1439,1676,1918
1836,113,1444,1678,1918
1837,112,1449,1678,1918
1838,116,1449,1678,1918
1839,116,1449,1678,1918
1840,113,1447,1678,1918
1841,112,1448,1678,1918
1842,112,1447,1678,1918
1843,112,1447,1678,1918
1844,110,1445,1678,1918
1845,112,1446,1678,1918
1846,114,1446,1678,1918
1847,115,1447,1678,1918
1848,117,1448,1678,1918
1849,119,1448,1678,1919
1850,117,1448,1678,1918
1851,117,1448,1678,1918
1852,118,1448,1678,1918
1853,117,1448,1678,1918
1854,115,1448,1678,1918
1855,115,1448,1678,1918
1856,112,1448,1679,1918
1857,111,1449,1679,1918
1858,111,1449,1678,1918
1859,115,1448,1679,1918
1860,118,1448,1678,1919
1861,118,1448,1678,1919
1862,118,1448,1678,1919
1863,119,1448,1678,1918
1864,119,1448,1679,1919
1865,120,1448,1679,1919
1866,120,1448,1679,1919
1867,122,1448,1679,1919
1868,124,1448,1679,1919
1869,124,1448,1679,1919
1870,123,1448,1679,1919
1871,124,1448,1679,1919
1872,117,1447,1678,1919
1873,112,1446,1678,1919
1874,112,1447,1679,1919
1875,106,1448,1679,1918
1876,103,1448,1679,1918
1877,104,1448,1679,1918
1878,102,1448,1679,1918
1879,105,1448,1679,1918
1880,105,1447,1679,1918
1881,104,1447,1679,1918
1882,107,1448,1679,1918
1883,106,1447,1679,1918
1884,113,1449,1679,1918
1885,113,1449,1679,1918
1886,114,1449,1679,1918
1887,116,1450,1679,1918
1888,114,1450,1679,1918
1889,115,1449,1679,1918
1890,121,1451,1679,1918
1891,120,1451,1680,1918
1892,117,1451,1680,1918
1893,115,1451,1680,1918
1894,118,1452,1679,1918
1895,117,1452,1680,1918
1896,115,1449,1680,1918
1897,112,1450,1680,1918
1898,111,1451,1680,1918
1899,111,1451,1680,1918
1900,111,1451,1680,1918
1901,108,1451,1680,1918
1902,111,1451,1680,1918
1903,113,1451,1680,1918
1904,110,1452,1680,1918
1905,109,1451,1680,1918
1906,89,1450,1682,1918
1907,112,1452,1680,1918
1908,103,1452,1680,1918
1909,106,1452,1680,1918
1910,112,1453,1680,1918
1911,109,1453,1680,1918
1912,111,1454,1680,1918
1913,112,1453,1680,1918
1914,110,1453,1680,1918
1915,111,1452,1680,1918
1916,111,1451,1679,1918
1917,113,1451,1679,1918
1918,112,1451,1679,1918
1919,107,1451,1679,1918
1920,117,1451,1677,1918
1921,116,1451,1677,1918
1922,117,1451,1677,1918
1923,117,1452,1677,1918
1924,116,1452,1677,1918
1925,118,1452,1677,1918
1926,115,1452,1677,1918
1927,114,1451,1677,1918
1928,122,1452,1677,1918
1929,121,1451,1677,1918
1930,120,1452,1677,1918
1931,121,1452,1677,1918
1932,127,1452,1677,1918
1933,124,1452,1677,1918
1934,127,1452,1677,1918
1935,125,1452,1678,1918
1936,125,1452,1678,1918
1937,126,1452,1678,1918
1938,130,1452,1678,1918
1939,130,1452,1678,1918
1940,130,1450,1678,1918
1941,130,1450,1678,1918
1942,129,1451,1678,1918
1943,126,1450,1678,1918
1944,112,1449,1678,1918
1945,113,1450,1678,1918
1946,113,1449,1678,1918
1947,111,1450,1678,1918
1948,112,1449,1678,1918
1949,111,1449,1678,1918
1950,113,1450,1679,1918
1951,114,1451,1679,1918
1952,113,1451,1679,1918
1953,114,1451,1679,1918
1954,115,1452,1679,1918
1955,113,1452,1679,1918
1956,109,1453,1678,1918
1957,110,1449,1679,1918
1958,109,1449,1679,1918
1959,114,1450,1680,1918
1960,113,1448,1679,1918
1963,134,1446,1681,1918
1964,138,1445,1681,1918
1968,136,1435,1683,1919
1969,135,1436,1682,1919
1970,136,1436,1681,1919
1971,131,1433,1681,1919
1972,131,1434,1681,1919
1973,132,1435,1681,1919
1974,134,1435,1682,1919
1975,134,1436,1682,1919
1976,135,1436,1682,1919
1977,133,1436,1682,1919
1978,134,1437,1682,1919
1979,134,1438,1682,1919
1980,131,1440,1681,1919
1981,130,1439,1681,1919
1982,128,1437,1681,1919
1983,102,1440,1679,1918
1984,118,1417,1689,1919
1985,103,1439,1679,1918
1986,101,1439,1679,1918
1987,102,1439,1679,1918
1988,98,1437,1679,1918
1989,116,1414,1690,1919
1990,101,1441,1679,1918
1991,99,1445,1680,1918
1992,100,1442,1679,1918
1993,101,1442,1679,1918
1994,99,1441,1679,1918
1995,96,1441,1679,1918
1996,95,1440,1679,1918
1997,97,1442,1679,1918
1998,96,1442,1679,1918
1999,94,1442,1679,1918
2000,93,1443,1680,1918
2001,93,1444,1680,1918
2002,94,1443,1680,1918
2003,94,1444,1680,1918
2006,117,1400,1688,1919
2010,105,1395,1685,1919
2011,108,1394,1686,1919
2012,114,1393,1686,1919
2013,118,1396,1686,1919
2014,110,1397,1686,1919
2017,82,1443,1680,1918
2018,80,1444,1680,1918
2019,81,1444,1680,1918
2020,81,1444,1680,1918
2021,77,1444,1680,1918
2022,77,1444,1680,1918
2023,79,1444,1680,1918
2024,81,1444,1680,1918
2025,80,1442,1680,1918
2026,79,1440,1680,1918
2027,118,1425,1681,1919
2028,140,1431,1680,1919
2029,141,1430,1680,1919
2030,143,1430,1681,1919
2031,145,1429,1682,1919
2032,144,1428,1681,1919
2033,144,1428,1681,1919
2034,143,1428,1681,1919
2035,146,1440,1680,1918
2036,143,1440,1681,1918
2037,92,1431,1684,1918
2038,98,1432,1684,1918
2039,92,1433,1682,1918
2040,117,1439,1684,1918
2041,120,1440,1683,1918
2042,124,1441,1682,1919
2043,118,1441,1683,1918
2044,124,1443,1683,1918
2045,128,1443,1683,1919
2046,133,1443,1684,1919
2047,125,1432,1684,1918
2048,123,1430,1682,1918
2049,122,1431,1682,1918
2050,127,1438,1680,1918
2051,129,1438,1681,1918
2052,107,1443,1678,1918
2053,105,1444,1678,1918
2054,123,1439,1681,1918
2055,118,1434,1681,1918
2056,116,1436,1682,1918
2065,130,1445,1678,1918
2066,128,1445,1679,1918
2067,133,1440,1680,1919
2068,140,1442,1681,1919
2069,139,1440,1680,1919
2070,142,1440,1681,1919
2071,140,1440,1680,1919
2072,137,1440,1680,1919
2073,135,1438,1680,1919
2074,133,1443,1680,1919
2075,125,1446,1680,1918
2076,131,1438,1675,1919
2077,99,1446,1679,1918
2078,98,1446,1677,1918
2079,94,1445,1678,1918
2080,89,1439,1677,1918
2081,86,1440,1677,1918
2082,92,1439,1676,1918
2083,93,1438,1676,1918
2084,98,1439,1676,1918
2087,123,1439,1678,1918
2088,137,1415,1679,1919
2089,136,1414,1679,1919
2090,134,1403,1680,1919
2091,135,1404,1680,1919
2092,136,1404,1680,1919
2093,137,1405,1680,1919
2094,136,1406,1681,1919
2095,136,1409,1681,1919
2096,133,1408,1681,1919
2097,128,1408,1681,1919
2098,113,1403,1680,1919
2099,106,1428,1675,1918
2100,126,1402,1677,1919
2101,130,1401,1678,1919
2102,130,1400,1678,1919
2103,130,1402,1678,1919
2104,131,1403,1677,1919
2105,128,1403,1677,1919
2106,125,1403,1677,1919
2107,124,1408,1678,1919
2108,128,1398,1678,1919
2109,128,1399,1677,1919
2110,130,1400,1677,1919
2111,129,1399,1677,1919
2112,125,1401,1680,1919
2113,122,1402,1679,1919
2114,121,1402,1679,1919
2115,117,1405,1678,1919
2116,114,1404,1678,1919
2117,139,1415,1679,1919
2118,139,1403,1678,1919
2119,139,1407,1679,1919
2120,137,1414,1678,1919
2121,134,1416,1678,1919
2122,134,1416,1677,1919
2123,134,1418,1678,1919
2123,2511,759,2559,932
2124,2375,709,2558,971
2124,130,1416,1676,1919
2125,2261,635,2559,954
2125,129,1419,1676,1919
2126,2156,619,2559,943
2126,128,1434,1671,1918
2127,2062,622,2558,972
2127,130,1434,1681,1919
2128,1980,595,2559,958
2128,132,1444,1677,1918
2129,1912,604,2556,940
2129,134,1442,1679,1919
2130,1846,613,2446,925
2130,133,1442,1677,1919
2131,1787,619,2337,918
2131,135,1441,1677,1919
2132,1725,625,2243,907
2132,143,1442,1677,1919
2133,1677,632,2153,897
2133,140,1443,1678,1919
2134,1633,635,2075,890
2134,144,1443,1680,1918
2135,1592,640,2004,882
2135,138,1442,1682,1918
2136,1549,642,1938,875
2136,136,1440,1682,1918
2137,1514,649,1879,871
2137,111,1433,1690,1918
2138,1478,649,1827,863
2138,116,1440,1692,1918
2139,1444,655,1770,859
2139,125,1441,1690,1918
2140,1413,656,1726,854
2140,126,1441,1687,1918
2141,1385,662,1679,851
2141,122,1439,1688,1918
2142,1357,667,1639,848
2142,125,1441,1687,1918
2143,1332,668,1602,845
2143,128,1442,1687,1918
2144,1312,667,1564,839
2144,131,1444,1687,1918
2145,1287,671,1529,840
2145,135,1442,1688,1918
2146,1262,678,1498,834
2146,130,1439,1687,1918
2147,1242,678,1469,833
2147,144,1430,1684,1918
2148,1221,676,1442,831
2148,135,1418,1684,1919
2149,1200,679,1413,830
2149,132,1421,1683,1919
2150,1183,686,1385,827
2150,125,1421,1680,1919
2151,1164,690,1361,829
2151,129,1424,1680,1919
2152,1150,690,1342,825
2152,124,1420,1680,1919
2153,1131,692,1317,826
2153,123,1414,1680,1919
2154,1116,691,1294,825
2154,130,1411,1680,1919
2155,1100,692,1276,821
2155,138,1423,1681,1919
2156,1088,694,1257,822
2156,137,1423,1682,1919
2157,1072,699,1239,822
2157,140,1398,1681,1919
2158,1059,699,1218,819
2158,145,1397,1682,1919
2159,1045,706,1203,817
2159,143,1404,1684,1919
2160,1031,706,1182,815
2160,137,1409,1683,1919
2161,1017,705,1165,814
2161,136,1409,1683,1919
2162,1003,706,1149,814
2162,137,1405,1683,1919
2163,990,708,1134,813
2163,138,1405,1683,1919
2164,978,712,1121,812
2164,141,1407,1683,1919
2165,969,711,1103,812
2165,142,1409,1683,1919
2166,955,712,1089,811
2166,140,1414,1683,1919
2167,949,715,1076,811
2167,140,1412,1683,1919
2168,930,718,1064,812
2168,141,1410,1683,1919
2169,922,717,1050,811
2169,140,1415,1683,1919
2170,911,720,1034,812
2170,142,1421,1683,1919
2171,903,719,1024,812
2171,132,1413,1682,1919
2172,891,726,1011,812
2172,132,1416,1682,1919
2173,876,724,1001,812
2173,136,1415,1682,1919
2174,869,727,985,816
2174,131,1405,1682,1919
2175,861,726,979,816
2175,130,1404,1682,1919
2176,849,731,961,817
2176,131,1402,1682,1919
2177,836,731,949,819
2177,131,1408,1681,1919
2178,829,734,941,819
2178,143,1402,1681,1919
2179,820,736,923,821
2179,138,1404,1680,1919
2180,807,736,916,821
2180,138,1410,1681,1919
2181,799,738,907,824
2181,139,1414,1681,1919
2182,789,738,892,820
2182,138,1413,1681,1919
2183,783,740,884,820
2183,141,1414,1680,1919
2184,772,741,876,818
2184,140,1413,1683,1919
2185,765,740,866,820
2185,140,1406,1685,1919
2186,757,746,855,821
2186,140,1405,1685,1919
2187,752,748,844,821
2187,139,1404,1692,1919
2188,135,1410,1688,1919
2188,750,749,837,820
2189,133,1404,1688,1919
2190,132,1403,1688,1919
2191,134,1401,1687,1919
2191,722,752,809,813
2192,724,757,798,810
2192,133,1402,1687,1919
2193,132,1398,1687,1919
2193,725,760,791,810
2194,137,1427,1686,1918
2194,724,759,783,810
2195,132,1421,1684,1918
2196,123,1426,1686,1918
2197,126,1405,1686,1919
2198,132,1407,1687,1919
2199,130,1408,1687,1919
2200,135,1408,1687,1919
2201,138,1407,1688,1919
2202,134,1407,1688,1919
2203,135,1407,1688,1919
2204,139,1408,1688,1919
2205,138,1406,1688,1919
2206,139,1404,1688,1919
2206,637,765,700,821
2207,143,1407,1688,1919
2207,634,764,696,821
2208,148,1417,1688,1919
2208,629,766,690,820
2209,147,1418,1687,1919
2210,142,1409,1688,1919
2211,140,1406,1687,1919
2211,614,768,680,821
2212,141,1406,1687,1919
2213,141,1407,1687,1919
2214,141,1406,1687,1919
2215,141,1405,1686,1919
2216,142,1413,1687,1919
2217,118,1414,1682,1919
2218,118,1415,1684,1919
2219,116,1412,1684,1919
2220,120,1408,1683,1919
2221,117,1408,1684,1919
2222,115,1408,1684,1919
2223,115,1405,1684,1919
2224,116,1405,1684,1919
2225,122,1409,1684,1919
2226,120,1405,1683,1919
2227,116,1401,1684,1919
2228,117,1400,1684,1919
2229,119,1402,1684,1919
2230,123,1399,1684,1919
2231,118,1398,1683,1919
2241,123,1393,1686,1919
2243,118,1391,1686,1919
2245,121,1412,1683,1919
2246,122,1414,1682,1919
2247,135,1437,1677,1919
2248,553,796,637,864
2248,134,1435,1678,1919
2249,554,792,642,863
2249,138,1436,1676,1919
2250,554,793,648,863
2250,115,1439,1677,1919
2251,565,800,651,864
2251,116,1439,1678,1919
2252,571,797,658,864
2252,123,1438,1677,1919
2253,575,795,670,866
2253,592,805,668,864
2253,129,1438,1677,1919
2254,121,1437,1677,1919
2254,599,805,675,863
2255,110,1435,1676,1919
2256,116,1434,1676,1919
2257,112,1435,1678,1919
2258,112,1436,1678,1919
2258,627,806,698,865
2259,112,1437,1677,1919
2259,632,810,706,866
2260,107,1436,1677,1919
2261,103,1436,1677,1919
2262,104,1434,1678,1919
2263,104,1436,1677,1919
2264,104,1433,1677,1919
2265,102,1431,1677,1919
2266,105,1434,1677,1919
2267,139,1441,1679,1919
2268,123,1416,1681,1919
2268,733,796,813,876
2269,738,806,826,880
2269,121,1410,1682,1919
2270,739,806,827,880
2270,117,1409,1680,1919
2271,740,810,838,884
2271,117,1409,1680,1919
2272,747,811,848,889
2272,121,1414,1681,1919
2273,756,813,863,898
2273,123,1415,1681,1919
2274,767,812,880,899
2274,120,1409,1680,1919
2275,776,812,891,905
2275,121,1420,1682,1919
2276,787,814,912,907
2276,117,1417,1682,1919
2277,795,813,923,918
2277,123,1424,1678,1919
2278,811,819,941,922
2278,124,1426,1678,1919
2279,820,819,960,925
2279,121,1430,1679,1919
2280,835,821,974,930
2280,129,1436,1682,1919
2281,848,821,993,943
2281,133,1447,1680,1918
2282,863,825,1012,948
2282,130,1446,1680,1919
2283,874,826,1032,952
2283,128,1444,1680,1918
2284,886,827,1055,963
2284,124,1446,1683,1918
2285,901,831,1078,974
2285,126,1436,1686,1919
2286,917,834,1105,982
2286,122,1449,1686,1918
2287,941,839,1133,995
2287,114,1445,1679,1918
2288,959,842,1161,1008
2288,121,1444,1680,1919
2289,979,845,1203,1026
2289,125,1445,1681,1919
2290,1006,853,1235,1038
2290,105,1443,1677,1919
2291,1030,858,1287,1057
2291,100,1442,1677,1918
2292,1059,863,1334,1075
2292,98,1441,1677,1918
2293,1094,864,1395,1101
2293,97,1436,1677,1918
2294,1131,875,1460,1126
2294,96,1441,1677,1918
2295,1175,878,1545,1159
2295,95,1436,1681,1918
2296,1223,890,1642,1189
2296,102,1437,1683,1918
2297,1289,900,1765,1238
2297,116,1442,1682,1918
2298,1365,904,1897,1291
2298,122,1443,1684,1918
2299,1457,917,2101,1356
2299,122,1442,1683,1918
2300,1568,938,2340,1439
2300,103,1446,1674,1918
2301,1707,964,2558,1544
2301,122,1448,1688,1918
2302,1891,990,2558,1678
2302,119,1449,1675,1918
2303,2130,1024,2558,1596
2303,117,1449,1679,1918
2304,119,1442,1678,1918
2305,129,1429,1682,1919
2306,127,1429,1683,1919
2310,112,1418,1679,1919
2311,115,1418,1678,1919
2312,119,1434,1672,1918
2313,118,1418,1677,1919
2314,116,1434,1672,1918
2317,102,1433,1677,1918
2318,101,1430,1677,1918
2319,103,1431,1675,1918
2320,98,1425,1673,1918
2321,99,1426,1672,1918
2322,101,1427,1673,1918
2323,99,1428,1673,1918
2324,91,1427,1673,1918
2325,91,1429,1676,1918
2326,93,1429,1675,1918
2327,131,1435,1673,1919
2328,150,1440,1672,1918
2329,148,1441,1673,1919
2330,147,1441,1672,1918
2331,149,1441,1672,1918
2332,152,1440,1672,1918
2333,153,1439,1672,1918
2334,149,1420,1679,1919
2335,151,1430,1680,1919
2336,149,1434,1681,1919
2337,146,1417,1688,1919
2338,144,1418,1688,1919
2339,145,1417,1688,1919
2340,155,1418,1687,1919
2341,153,1418,1686,1919
2342,153,1414,1686,1919
2343,153,1415,1686,1919
2344,153,1413,1686,1919
2345,153,1414,1686,1919
2346,152,1411,1687,1919
2347,137,1442,1687,1919
2348,139,1437,1690,1919
2349,136,1438,1687,1919
2350,134,1441,1687,1919
2351,135,1439,1686,1919
2352,124,1418,1690,1919
2353,131,1440,1686,1919
2354,132,1438,1687,1919
2355,123,1436,1683,1919
2356,120,1434,1683,1918
2357,533,780,616,851
2357,124,1420,1687,1919
2358,538,780,617,851
2358,115,1422,1685,1919
2359,535,779,623,852
2359,122,1420,1685,1919
2360,128,1415,1684,1919
2360,536,780,631,854
2361,2442,752,2559,977
2361,539,781,634,858
2361,130,1413,1683,1919
2362,2243,685,2558,956
2362,549,784,644,860
2362,128,1411,1682,1919
2363,2080,702,2557,968
2363,570,788,649,860
2363,123,1411,1683,1919
2364,1941,660,2559,954
2364,579,791,652,860
2364,114,1407,1685,1919
2365,1645,682,2112,907
2365,127,1427,1691,1919
2365,594,792,669,855
2366,1574,683,1989,895
2366,125,1429,1691,1919
2366,597,795,677,857
2366,573,789,676,864
2367,1511,689,1888,885
2367,122,1430,1691,1919
2367,606,796,681,855
2368,1457,693,1796,877
2368,122,1429,1691,1919
2368,610,796,685,855
2369,1406,696,1721,871
2369,121,1429,1691,1919
2369,613,795,693,858
2370,1366,699,1651,861
2370,119,1424,1689,1919
2370,621,798,699,859
2371,1327,703,1593,856
2371,629,800,701,861
2371,114,1423,1689,1919
2372,1295,703,1541,850
2372,115,1423,1689,1919
2372,636,802,706,862
2373,1263,706,1495,846
2373,108,1423,1689,1919
2374,1232,708,1452,842
2374,109,1423,1689,1919
2375,1208,710,1416,839
2375,127,1380,1687,1919
2376,1183,711,1377,835
2376,109,1372,1685,1919
2377,1157,715,1348,831
2377,118,1395,1687,1919
2378,1137,713,1321,831
2378,117,1401,1685,1919
2379,1115,716,1292,831
2379,117,1397,1685,1919
2380,1100,715,1268,825
2380,113,1390,1685,1919
2380,734,794,790,859
2381,1082,718,1243,827
2381,736,795,799,860
2381,115,1398,1684,1919
2381,693,785,799,866
2382,1065,719,1222,823
2382,735,795,808,860
2382,117,1406,1684,1919
2382,703,787,807,865
2383,1049,721,1200,821
2383,733,793,821,864
2383,119,1407,1685,1919
2384,1029,721,1179,819
2384,735,794,830,869
2384,120,1409,1685,1919
2385,736,794,840,868
2385,1020,720,1159,817
2385,92,1419,1685,1919
2386,737,793,849,874
2386,1005,724,1140,814
2386,92,1424,1686,1919
2387,991,726,1126,812
2387,746,793,863,878
2387,88,1416,1686,1919
2388,977,728,1108,813
2388,751,792,874,880
2388,99,1436,1688,1918
2389,961,729,1094,813
2389,763,792,887,883
2389,112,1425,1688,1919
2390,775,791,898,885
2390,947,732,1076,812
2390,104,1424,1687,1919
2391,936,735,1063,812
2391,781,793,907,892
2391,108,1427,1688,1919
2392,789,792,921,893
2392,927,735,1044,808
2392,116,1427,1687,1919
2393,799,789,933,898
2393,913,738,1028,808
2393,115,1423,1687,1919
2394,809,796,948,903
2394,900,739,1018,806
2394,113,1429,1686,1919
2394,896,745,953,812
2395,817,794,964,907
2395,79,1408,1688,1919
2395,889,736,1005,807
2396,831,792,975,909
2396,69,1405,1688,1919
2396,883,740,992,804
2397,839,773,993,914
2397,63,1407,1688,1919
2398,855,797,1007,921
2398,71,1435,1689,1918
2399,864,798,1024,925
2399,66,1408,1688,1919
2399,845,748,952,813
2400,879,800,1038,930
2400,833,749,940,819
2400,82,1418,1683,1919
2401,823,751,930,818
2401,883,797,1054,932
2401,82,1424,1683,1919
2402,897,799,1075,941
2402,816,754,916,817
2402,85,1422,1683,1919
2403,908,802,1094,948
2403,804,756,905,816
2403,86,1419,1683,1919
2404,923,802,1115,955
2404,793,755,895,817
2404,84,1418,1683,1919
2405,936,804,1135,962
2405,783,753,884,819
2405,81,1441,1687,1918
2406,949,805,1156,971
2406,773,751,877,818
2406,83,1442,1689,1918
2407,967,811,1188,980
2407,767,750,865,819
2407,81,1441,1687,1918
2408,982,810,1214,992
2408,761,752,852,819
2408,83,1443,1684,1918
2409,1003,813,1247,1006
2409,755,754,846,820
2409,85,1443,1685,1918
2410,1022,815,1279,1020
2410,746,759,836,822
2410,81,1445,1684,1918
2411,1045,821,1320,1031
2411,738,763,829,818
2411,74,1443,1680,1918
2412,1068,823,1363,1047
2412,735,763,819,817
2412,67,1444,1678,1918
2413,1098,827,1409,1064
2413,731,763,808,815
2413,64,1441,1678,1918
2414,1127,830,1467,1086
2414,62,1441,1678,1918
2414,727,769,799,817
