0,330,551,549,739
0,956,217,1070,322
0,381,200,469,247
0,0,874,500,1074
1,320,554,545,743
1,955,215,1075,321
1,384,199,469,246
1,1592,400,1817,501
2,309,563,542,751
2,955,213,1074,318
2,386,199,468,247
2,0,874,500,1074
2,1591,400,1817,500
3,304,570,538,758
3,955,211,1073,314
3,385,200,468,246
3,0,874,500,1074
3,1592,400,1816,498
4,294,576,534,767
4,959,208,1071,310
4,1,874,500,1074
4,383,200,468,246
4,1592,400,1816,498
5,286,579,528,772
5,962,204,1069,306
5,384,200,468,246
5,1,873,499,1074
5,1592,400,1816,498
6,281,584,526,781
6,960,204,1070,304
6,385,200,468,247
6,1,873,499,1074
7,272,587,520,787
7,961,200,1071,300
7,1,874,500,1074
7,383,200,468,247
7,1592,400,1817,500
8,267,595,517,791
8,963,199,1073,296
8,385,200,467,246
8,1,873,500,1074
9,257,598,514,801
9,964,197,1072,292
9,383,200,467,246
9,1,874,500,1074
10,248,604,506,810
10,966,195,1076,290
10,0,875,499,1071
10,385,200,466,245
10,1587,401,1815,502
11,241,608,503,816
11,965,192,1078,287
11,0,875,499,1071
11,384,200,466,246
11,1587,400,1815,502
12,234,614,498,822
12,967,191,1079,284
12,0,876,499,1071
12,386,199,468,246
12,1586,400,1816,501
13,225,617,495,831
13,968,189,1080,282
13,0,876,499,1071
13,385,199,468,246
13,1586,400,1815,501
14,218,620,490,839
14,972,183,1081,278
14,0,876,498,1071
14,384,199,467,246
14,1586,400,1815,501
15,209,626,484,842
15,971,180,1081,276
15,0,876,498,1071
15,386,199,467,245
15,1587,400,1815,501
16,200,633,480,852
16,971,178,1082,273
16,0,878,498,1071
16,386,199,467,245
16,1586,400,1816,501
17,193,637,476,861
17,977,177,1085,270
17,0,877,498,1069
17,386,199,467,246
17,1586,399,1816,501
18,186,643,473,866
18,979,174,1084,267
18,0,879,498,1071
18,385,199,467,246
18,1586,399,1816,501
19,178,646,468,873
19,980,173,1088,264
19,0,880,498,1071
19,385,199,467,246
19,1586,399,1816,501
20,170,648,459,879
20,985,172,1091,261
20,0,876,497,1069
20,386,199,467,246
20,1588,402,1816,500
21,161,654,455,886
21,990,168,1094,260
21,0,882,496,1070
21,387,199,466,246
21,1589,402,1816,499
22,153,657,451,888
22,994,169,1096,257
22,0,879,496,1069
22,386,199,467,247
22,1589,402,1815,499
23,142,662,448,898
23,996,167,1104,252
23,0,881,497,1071
23,386,199,467,247
23,1589,402,1815,500
24,138,667,442,900
24,1000,163,1110,253
24,0,879,497,1070
24,383,199,467,247
24,1587,404,1811,500
25,126,669,439,903
25,1005,161,1115,250
25,0,880,498,1071
25,384,199,467,247
25,1588,404,1811,500
26,117,674,432,912
26,1010,159,1120,248
26,2,878,499,1073
26,384,198,468,247
26,1588,404,1812,500
27,105,679,426,918
27,1014,158,1126,246
27,2,875,500,1072
27,384,199,468,247
27,1587,403,1812,500
28,101,684,423,925
28,1020,156,1132,242
28,0,873,498,1071
28,383,198,468,247
28,1587,403,1812,500
29,95,687,418,929
29,1025,157,1134,241
29,0,873,499,1071
29,383,198,468,247
29,1588,403,1813,500
30,88,691,413,935
30,1031,157,1141,239
30,0,879,498,1070
30,1589,402,1814,500
30,383,198,470,247
31,80,693,409,937
31,1038,155,1145,237
31,1589,402,1814,500
31,0,879,500,1078
32,74,697,403,941
32,1044,153,1155,235
32,1589,403,1815,500
32,0,875,497,1070
33,62,702,398,949
33,1049,153,1162,234
33,1590,402,1816,499
33,0,870,500,1077
34,54,706,393,950
34,1055,148,1169,227
34,1589,402,1815,499
34,0,874,501,1078
35,1063,146,1173,226
35,45,708,390,954
35,1590,402,1815,499
35,0,876,500,1078
36,39,711,385,959
36,1071,146,1182,226
36,0,872,499,1077
36,1592,404,1816,496
36,1681,400,1800,440
37,1078,144,1187,225
37,29,710,378,956
37,0,871,498,1077
37,1591,403,1816,500
37,380,198,470,247
38,1085,140,1197,224
38,16,715,374,955
38,0,875,496,1071
38,1592,403,1817,498
38,381,198,470,248
39,7,716,370,954
39,1093,143,1200,220
39,0,874,497,1071
39,1593,403,1817,496
39,382,198,470,247
40,4,721,366,954
40,1100,139,1210,216
40,380,198,468,248
40,0,877,500,1077
40,1592,407,1815,497
40,1684,400,1799,440
41,1,725,363,955
41,1109,136,1218,213
41,380,198,468,248
41,1684,400,1800,440
41,1592,406,1815,498
41,0,877,501,1078
42,0,729,360,955
42,1117,135,1226,212
42,380,198,467,248
42,1591,405,1815,498
42,1684,400,1800,440
42,0,875,500,1078
43,1,731,354,953
43,1127,138,1231,211
43,378,198,467,248
43,0,879,503,1078
43,1591,406,1814,498
43,1683,400,1800,440
44,0,732,349,957
44,1133,136,1239,210
44,379,198,467,248
44,1591,407,1814,498
44,1684,400,1800,441
45,1141,133,1248,205
45,3,735,345,962
45,1591,404,1816,499
45,379,198,467,249
46,1150,128,1259,204
46,1,736,340,967
46,1591,404,1816,499
46,378,198,467,248
47,1157,127,1264,203
47,0,736,496,1073
47,1799,891,1919,1080
47,1591,404,1816,499
47,380,198,467,248
48,1164,124,1272,201
48,0,739,497,1072
48,379,198,468,248
48,1589,405,1815,499
48,1,740,332,962
48,1682,400,1800,440
49,1174,128,1279,200
49,0,739,495,1074
49,379,198,467,248
49,1589,404,1816,499
49,1773,889,1919,1080
50,1182,122,1286,199
50,0,742,494,1074
50,1679,400,1801,439
51,1189,121,1294,196
51,1751,864,1919,1077
51,0,743,496,1071
51,1680,400,1802,440
52,1198,120,1301,194
52,1741,849,1919,1073
52,0,747,321,947
52,382,198,469,248
52,0,745,497,1072
52,1680,400,1801,440
53,1204,119,1309,192
53,1729,838,1919,1078
53,0,752,318,938
53,377,198,468,248
53,1680,400,1800,440
53,1,881,499,1077
54,1723,826,1919,1080
54,1212,117,1316,191
54,0,751,496,1072
54,378,199,468,248
54,1679,399,1802,440
55,1710,819,1919,1080
55,1221,117,1320,189
55,0,755,495,1073
55,380,198,468,248
55,1680,400,1802,440
56,1701,809,1919,1078
56,1227,118,1323,188
56,0,758,496,1072
56,1680,400,1802,440
56,381,198,468,248
56,1842,582,1919,727
57,1689,797,1919,1077
57,1234,119,1338,188
57,0,760,496,1071
57,1679,400,1802,440
58,1678,787,1919,1076
58,1244,116,1343,183
58,0,760,493,1074
58,379,199,468,248
58,1680,400,1801,440
58,1842,584,1919,726
59,1664,777,1920,1061
59,1248,115,1346,180
59,0,762,497,1071
59,1587,401,1815,500
60,1654,768,1920,1048
60,1258,113,1351,180
60,379,198,467,248
60,1591,402,1815,500
61,1640,759,1919,1031
61,1265,114,1353,179
61,379,199,467,248
61,1590,402,1814,501
62,1630,748,1919,1012
62,1272,113,1376,179
62,380,199,466,248
62,1591,403,1817,498
62,1842,577,1919,731
63,1616,737,1919,1000
63,380,199,467,248
63,1279,110,1380,177
63,1591,403,1815,498
63,1843,578,1919,728
63,1865,586,1919,729
64,1603,720,1919,993
64,1289,110,1384,174
64,379,198,467,248
64,1591,403,1815,499
64,1842,577,1919,730
65,1586,715,1919,974
65,378,198,467,248
65,1295,111,1370,172
65,1294,113,1349,171
65,1591,403,1816,498
65,1801,542,1918,639
66,1576,710,1918,966
66,1299,104,1398,172
66,378,198,467,248
66,1591,403,1816,499
66,1802,541,1918,640
66,1301,109,1340,171
67,1563,702,1896,952
67,379,198,467,248
67,1309,105,1405,170
67,1591,402,1816,501
67,1802,540,1918,640
67,1843,579,1919,727
68,1548,691,1878,936
68,376,198,466,248
68,1317,105,1412,168
68,1592,403,1816,501
68,1315,107,1368,167
68,1842,580,1919,727
68,1803,541,1918,639
68,1873,587,1919,728
69,1536,682,1858,924
69,377,198,467,248
69,1322,102,1417,167
69,1592,403,1815,501
69,1868,586,1919,727
69,1841,580,1919,727
69,1802,540,1918,641
70,1522,673,1842,910
70,383,197,467,248
70,1324,102,1426,166
70,1590,403,1816,499
70,1839,579,1919,730
70,1868,585,1919,730
70,1801,538,1918,640
71,1512,666,1824,899
71,1325,97,1430,164
71,383,198,467,248
71,1839,580,1919,729
71,1865,586,1919,729
71,1591,404,1816,500
72,1502,656,1804,880
72,1328,96,1435,162
72,385,199,466,248
72,1839,579,1919,727
72,1868,585,1919,725
72,1589,403,1816,501
73,1482,645,1787,870
73,1347,94,1440,159
73,385,199,467,248
73,1839,580,1919,726
73,1866,585,1919,724
73,1591,404,1816,501
74,1465,637,1768,853
74,1356,93,1443,157
74,385,199,467,248
74,1839,581,1919,726
74,1591,405,1808,500
75,1460,630,1750,843
75,1363,93,1449,156
75,384,198,466,248
75,1841,580,1919,726
75,1863,585,1919,725
75,1591,404,1807,500
76,1448,623,1733,832
76,1367,91,1462,155
76,385,199,466,248
76,1589,405,1817,502
76,1841,580,1919,727
76,1864,585,1919,727
77,1440,616,1716,819
77,1371,92,1464,154
77,386,199,466,248
77,1591,406,1808,498
77,1841,582,1919,726
78,1428,610,1699,811
78,1375,92,1468,154
78,1591,405,1809,499
78,387,199,467,248
78,1861,585,1919,725
79,1419,600,1685,803
79,1381,93,1471,152
79,1590,405,1808,498
79,385,199,467,247
79,1841,580,1919,727
79,1865,585,1919,726
80,1408,594,1667,792
80,1388,93,1473,150
80,1589,403,1817,500
80,383,199,466,247
80,1838,974,1919,1080
81,1397,586,1653,782
81,1393,92,1472,149
81,382,199,466,247
81,1588,403,1816,500
82,1390,576,1637,768
82,1685,912,1919,1076
82,1589,402,1817,500
82,382,199,466,247
83,1378,570,1625,758
83,1398,96,1476,147
83,380,199,465,248
83,1589,401,1816,501
83,1689,907,1918,1076
84,1372,564,1612,745
84,1657,894,1918,1076
84,377,198,466,247
84,1588,401,1818,499
84,1405,97,1471,141
85,1361,555,1596,734
85,1644,864,1919,1074
85,378,198,466,247
85,1589,400,1818,501
86,1360,549,1583,726
86,1633,854,1919,1074
86,375,199,466,247
86,1587,401,1818,503
87,1626,838,1919,1073
87,1351,544,1570,718
87,379,198,466,247
87,1587,401,1819,501
88,1639,829,1919,1077
88,1343,536,1559,705
88,377,198,466,247
88,1588,402,1817,500
88,1842,581,1919,726
89,1329,528,1546,698
89,1629,815,1919,1075
89,376,199,465,247
89,1865,588,1919,728
89,1842,582,1919,727
89,1588,402,1818,501
90,1323,523,1536,686
90,1643,802,1919,1078
90,375,200,465,246
90,1589,401,1819,498
90,1408,94,1471,139
91,1318,517,1524,678
91,1637,789,1919,1080
91,1404,91,1464,135
91,379,198,466,247
91,1589,402,1817,498
92,1313,509,1515,669
92,1583,773,1919,1076
92,379,198,466,246
92,1589,402,1817,498
93,1301,501,1505,660
93,380,199,465,246
93,1588,402,1817,498
94,1297,495,1494,649
94,1570,755,1918,1072
94,380,199,465,246
94,1589,403,1816,500
94,1402,102,1460,136
95,1289,486,1485,641
95,1555,745,1918,1071
95,1588,401,1817,498
95,383,199,466,247
96,1281,477,1474,631
96,1588,401,1817,498
96,379,199,466,247
96,403,199,465,246
96,1374,79,1452,133
96,1393,83,1451,134
96,1843,583,1919,730
97,1278,471,1465,620
97,1368,77,1447,132
97,380,199,466,246
97,1587,401,1818,499
97,1844,583,1919,731
98,1273,465,1457,610
98,1361,73,1447,131
98,382,199,466,246
98,1588,401,1818,498
98,1844,583,1919,726
99,1341,73,1435,133
99,1263,454,1447,600
99,1588,401,1818,498
99,383,199,466,246
99,1848,589,1919,721
100,1260,449,1440,591
100,375,201,465,247
100,1589,402,1819,499
100,1846,586,1919,720
100,1369,74,1423,129
101,1265,442,1432,582
101,378,202,465,247
101,1354,73,1416,129
101,1589,402,1819,499
101,1316,73,1416,131
101,1251,468,1286,559
101,1850,585,1919,724
102,1257,433,1423,573
102,1303,73,1408,129
102,376,200,465,247
102,1589,401,1820,500
102,402,201,465,247
103,1243,426,1413,563
103,1290,73,1397,141
103,376,201,465,247
103,1589,401,1820,500
104,1230,419,1403,555
104,393,202,465,247
104,1589,401,1820,501
105,1225,411,1393,547
105,1261,71,1373,122
105,402,201,464,247
105,1589,401,1820,502
105,375,200,465,247
106,1204,403,1384,537
106,1589,401,1820,500
106,374,200,465,247
106,1234,71,1360,130
107,1209,397,1369,529
107,1414,628,1862,986
107,1589,401,1821,500
107,396,200,464,247
107,1852,584,1919,729
108,1186,389,1358,519
108,373,199,466,248
108,405,199,465,247
108,1589,401,1819,500
109,1175,382,1347,508
109,1392,616,1812,959
109,373,199,466,248
109,1840,578,1919,725
110,1164,377,1331,499
110,1181,78,1292,128
110,1592,402,1817,500
110,1839,582,1919,725
110,381,199,466,248
110,406,200,465,247
110,1870,588,1919,723
111,1169,373,1318,492
111,1164,80,1267,125
111,1592,402,1816,499
111,379,199,466,248
111,1838,582,1919,723
111,1873,589,1919,721
112,1145,364,1304,484
112,1146,79,1244,124
112,1592,402,1816,499
112,381,199,466,248
112,1839,581,1919,725
112,1873,588,1919,723
112,1145,77,1270,127
113,1132,357,1291,473
113,1592,402,1816,499
113,1128,78,1222,123
113,383,198,467,248
113,1126,362,1169,455
113,1839,581,1919,725
113,1869,588,1919,724
114,1116,349,1276,466
114,1591,401,1816,500
114,378,200,465,247
114,1112,79,1206,123
114,1840,581,1919,727
115,1103,344,1265,458
115,380,200,465,247
115,1591,401,1817,499
115,1092,78,1181,124
115,1839,581,1919,727
116,1096,338,1252,453
116,1592,402,1815,500
116,383,199,466,247
116,1840,582,1919,726
116,1076,81,1166,123
116,1314,603,1356,649
116,1863,588,1919,725
117,1082,332,1241,444
117,1329,550,1660,835
117,1592,401,1816,500
117,1059,83,1147,124
117,385,199,467,247
117,1840,582,1919,726
117,1862,588,1919,726
117,1306,597,1358,645
118,1078,326,1224,435
118,1043,83,1126,123
118,1323,545,1647,823
118,1592,401,1816,500
118,384,199,465,247
118,1839,582,1919,727
118,1867,588,1919,726
119,1072,320,1215,433
119,1026,84,1110,125
119,1592,400,1816,499
119,1305,541,1632,810
119,384,200,465,247
119,1840,582,1919,726
120,1060,314,1204,425
120,1590,403,1817,498
120,1296,531,1620,799
120,1292,574,1331,616
120,1008,80,1134,123
120,1012,83,1097,124
120,1841,579,1919,725
121,1049,311,1196,418
121,1300,527,1609,788
121,990,83,1074,126
121,1591,404,1816,499
122,1040,305,1183,410
122,1591,404,1815,499
123,1031,298,1172,404
123,1589,405,1813,499
123,1281,513,1583,766
123,972,80,1079,124
124,1026,294,1163,395
124,1281,503,1572,755
124,1591,406,1805,498
124,1840,580,1919,725
125,1017,288,1154,389
125,1287,501,1563,746
125,1589,403,1816,497
125,1841,580,1919,725
126,1010,285,1146,383
126,1280,496,1552,732
126,1263,526,1307,567
126,1589,403,1814,497
126,1841,579,1919,725
127,1003,280,1137,382
127,1279,485,1544,723
127,1259,518,1304,559
127,1590,405,1814,502
128,1000,274,1130,376
128,1270,481,1534,714
128,1590,403,1816,500
129,995,271,1125,368
129,1257,477,1523,702
129,1589,403,1815,499
129,1841,579,1919,726
130,994,268,1119,362
130,1272,471,1514,691
130,382,199,466,247
130,1590,402,1817,499
131,994,265,1115,359
131,383,199,467,247
131,1263,466,1506,680
131,1591,401,1817,499
131,1246,496,1283,530
132,992,260,1112,354
132,1266,458,1499,672
132,380,201,466,248
132,1243,486,1281,520
132,1591,402,1819,498
133,991,256,1107,347
133,1239,476,1278,513
133,1257,450,1491,663
133,1591,401,1819,497
133,381,201,466,248
134,990,252,1102,343
134,1240,443,1486,653
134,1591,401,1819,498
134,379,201,467,248
135,990,249,1098,339
135,1244,437,1477,643
135,376,200,467,247
135,1591,401,1818,498
136,990,246,1098,335
136,0,775,498,1073
136,376,200,467,247
136,1591,401,1819,498
137,984,239,1098,331
137,0,774,498,1073
137,376,200,467,248
137,1231,422,1463,622
137,1590,401,1819,499
138,984,235,1099,327
138,1238,418,1455,612
138,1590,401,1819,499
138,378,200,467,248
139,988,233,1094,323
139,1590,402,1818,499
139,379,200,466,248
140,989,230,1094,317
140,1225,401,1439,591
140,382,200,466,247
140,1591,401,1818,499
141,989,229,1091,313
141,381,200,467,248
141,1226,393,1434,580
141,1591,402,1817,498
141,1840,583,1919,725
142,989,225,1090,309
142,1591,401,1816,498
142,1221,389,1424,573
142,383,199,467,247
142,1841,582,1919,724
142,1862,588,1919,724
143,989,223,1089,305
143,1217,380,1417,561
143,1591,402,1816,499
143,378,200,467,247
144,989,217,1088,301
144,378,199,467,247
144,1592,402,1817,497
144,1842,581,1919,726
145,989,214,1087,297
145,380,198,468,247
145,1592,402,1816,499
146,987,210,1085,291
146,1592,401,1817,499
146,379,198,468,247
146,1840,582,1919,725
147,987,208,1084,289
147,380,199,468,247
147,1592,401,1817,499
147,1840,582,1919,724
148,986,206,1086,285
148,1190,346,1388,513
148,383,198,468,247
148,1592,402,1817,497
148,1679,398,1807,440
148,1840,582,1919,724
148,1869,587,1919,723
149,989,205,1088,281
149,381,198,468,247
149,1591,402,1816,497
149,1840,582,1919,723
149,405,198,468,247
149,1867,587,1919,723
150,991,201,1087,279
150,378,199,468,247
150,403,200,467,247
150,1678,398,1806,440
151,992,200,1090,276
151,0,780,498,1075
151,379,199,468,247
151,1188,326,1367,486
152,993,195,1093,272
152,1188,321,1363,479
152,377,199,468,247
153,995,192,1096,268
153,1186,315,1352,468
153,380,199,468,248
154,998,191,1100,265
154,1178,309,1349,463
154,379,199,469,247
154,1678,399,1806,441
155,1000,188,1102,263
155,1173,304,1343,455
155,379,199,469,247
155,1677,399,1807,440
156,1003,183,1109,260
156,1172,296,1340,447
156,380,198,470,248
156,1589,402,1818,499
157,1008,181,1110,256
157,379,198,469,247
157,1167,289,1334,439
157,1589,402,1817,499
158,1013,179,1115,256
158,1164,285,1330,430
158,377,199,469,247
158,1589,402,1817,501
159,1017,177,1118,251
159,1166,282,1324,428
159,378,199,469,248
159,1588,402,1818,501
160,1023,175,1123,248
160,1165,273,1312,418
160,378,198,467,248
160,1588,402,1818,498
161,1031,173,1130,246
161,380,199,467,248
161,1588,402,1818,499
161,1149,268,1315,412
162,1033,171,1134,245
162,377,199,467,248
162,1588,402,1818,498
163,1040,168,1140,240
163,1147,259,1301,396
163,380,199,467,247
163,1588,402,1818,498
164,1045,167,1147,240
164,378,199,467,247
164,1144,255,1299,391
164,1588,402,1818,498
165,1054,164,1154,234
165,1142,251,1291,381
165,380,199,467,247
165,1588,402,1818,498
166,1059,164,1161,233
166,1142,246,1290,375
166,1588,402,1819,498
166,379,199,467,247
167,1067,161,1168,227
167,1138,239,1285,370
167,384,199,468,248
167,1588,402,1818,498
168,1075,158,1175,226
168,1141,237,1278,366
168,381,199,467,248
168,1587,402,1817,500
169,1081,157,1181,225
169,1138,233,1276,359
169,380,199,467,248
169,1587,402,1817,500
169,1714,911,1919,1078
169,1679,398,1806,439
170,1089,154,1190,224
170,1136,225,1272,354
170,1585,402,1817,498
170,389,199,468,247
171,1097,153,1197,221
171,1132,220,1270,348
171,1584,402,1816,502
171,389,199,467,246
172,1103,149,1204,218
172,1585,402,1818,498
172,1131,218,1264,341
172,389,199,467,247
173,1113,148,1212,216
173,0,780,488,1074
173,1585,401,1817,500
173,1675,847,1918,1080
173,1129,220,1260,333
174,1123,147,1221,214
174,1664,833,1919,1078
174,1129,212,1259,328
174,0,780,485,1073
174,1585,401,1819,498
174,390,198,467,247
175,1131,144,1230,211
175,1651,821,1919,1075
175,0,780,478,1072
175,1127,207,1258,323
175,1585,402,1819,499
176,1137,143,1234,207
176,0,779,470,1072
176,1643,810,1919,1075
176,1125,206,1255,322
176,1585,400,1817,501
177,1123,201,1253,314
177,0,780,463,1073
177,1634,802,1919,1076
177,1585,400,1817,500
177,1145,145,1242,207
177,391,198,467,246
178,1626,790,1919,1078
178,1126,198,1251,312
178,1153,139,1252,204
178,0,781,453,1071
178,1586,402,1819,499
178,391,198,468,246
179,1620,778,1919,1075
179,1163,139,1260,202
179,1121,195,1249,310
179,1586,402,1819,499
180,1614,767,1919,1075
180,1172,135,1265,198
180,1121,195,1244,305
180,1588,401,1818,498
180,388,199,468,246
181,1604,763,1919,1075
181,1176,132,1277,197
181,0,780,261,1004
181,1587,401,1817,498
181,1120,190,1241,299
182,1603,750,1918,1071
182,1189,132,1285,197
182,0,780,259,1007
182,1122,187,1239,296
182,1587,401,1817,498
182,1862,589,1919,726
183,1594,742,1919,1074
183,1197,133,1293,194
183,1120,182,1241,290
183,1587,402,1818,498
183,0,782,259,1015
183,1135,109,1219,160
183,1861,588,1919,726
183,1282,118,1336,157
183,387,199,468,246
183,1802,541,1919,640
184,1590,723,1919,1076
184,1206,130,1298,191
184,1125,182,1236,287
184,0,781,260,1074
184,1587,402,1818,498
184,388,199,468,246
184,1842,581,1919,730
185,1586,718,1919,1064
185,1212,131,1308,190
185,1124,177,1238,282
185,0,782,259,1033
185,1587,402,1818,499
185,0,784,352,1069
185,389,199,468,246
186,1578,713,1919,1050
186,0,780,260,1040
186,1126,172,1237,280
186,1223,130,1313,190
186,1587,402,1818,499
186,388,199,467,246
187,0,781,258,1043
187,1569,708,1919,1043
187,1128,174,1244,277
187,0,963,135,1073
187,1227,130,1316,188
187,1587,401,1818,500
188,1564,699,1919,1022
188,0,782,256,1050
188,1132,170,1249,272
188,1587,400,1819,500
188,1846,588,1919,718
188,1238,138,1311,186
188,390,199,467,246
188,0,967,99,1074
189,1556,691,1919,1004
189,0,780,255,1056
189,1137,165,1248,267
189,1247,121,1336,184
189,1587,401,1818,500
189,389,199,467,246
189,1845,585,1919,713
189,0,967,63,1074
190,0,782,254,1067
190,1552,678,1919,998
190,1139,161,1257,264
190,1249,124,1342,182
190,1588,401,1820,501
190,388,199,466,247
190,1844,585,1919,708
190,1800,539,1919,640
191,0,783,253,1066
191,1144,157,1264,263
191,1537,674,1918,983
191,1265,119,1345,179
191,1588,401,1820,502
191,388,199,466,246
191,1841,582,1919,712
192,0,784,250,1069
192,1533,667,1896,967
192,1273,117,1361,179
192,1148,156,1271,259
192,1588,401,1819,500
192,391,200,466,246
192,1850,588,1919,724
193,0,784,247,1070
193,1527,656,1881,951
193,1156,155,1276,255
193,1279,119,1344,177
193,1588,401,1818,499
193,1845,582,1919,724
193,391,200,465,246
193,1278,116,1368,178
193,1805,536,1919,642
194,0,784,247,1069
194,1514,648,1869,939
194,1284,118,1347,176
194,1162,152,1282,251
194,1588,401,1818,499
194,1850,588,1919,728
194,390,200,466,247
194,1805,537,1919,646
195,1512,638,1851,923
195,0,785,247,1070
195,1168,151,1293,249
195,1295,119,1350,173
195,1589,401,1819,499
195,1851,587,1919,727
195,390,200,466,246
195,1805,537,1920,643
196,0,788,243,1071
196,1498,630,1836,908
196,1178,151,1296,242
196,1589,401,1819,499
196,1847,587,1919,730
196,1804,538,1920,640
196,1301,118,1344,172
196,389,199,466,246
197,0,788,240,1072
197,1468,622,1823,898
197,1180,146,1305,240
197,1589,401,1819,499
197,1855,587,1919,729
197,390,200,466,246
197,1804,537,1920,638
198,0,791,237,1073
198,1469,617,1809,877
198,1191,144,1315,239
198,1588,401,1819,500
198,389,200,466,246
198,1361,116,1409,165
198,1858,586,1919,727
198,1805,537,1920,638
199,0,791,236,1074
199,1463,608,1796,869
199,1200,142,1324,236
199,1348,112,1413,166
199,1588,401,1820,501
199,1855,587,1919,725
199,388,200,467,247
199,1803,538,1919,640
200,0,790,234,1073
200,1462,596,1781,857
200,1210,142,1328,234
200,1588,400,1819,501
200,1357,113,1422,165
200,392,199,468,246
200,1840,582,1919,726
200,1671,476,1830,602
200,1802,538,1919,639
201,0,792,227,1074
201,1455,590,1766,845
201,1218,139,1340,229
201,1339,107,1426,165
201,1588,400,1820,500
201,394,199,467,246
201,1671,480,1830,601
201,1841,582,1919,726
201,1802,538,1919,638
201,1811,555,1919,727
202,0,794,224,1075
202,1446,583,1750,832
202,1357,107,1434,163
202,1228,135,1356,227
202,1587,400,1820,501
202,392,199,468,246
202,1803,540,1920,638
202,1840,583,1919,727
202,1672,487,1828,597
202,1863,589,1919,726
203,0,793,221,1075
203,1436,577,1739,819
203,1237,126,1365,225
203,1361,106,1439,160
203,1802,539,1920,638
203,394,198,469,246
203,1587,401,1820,502
203,1841,583,1919,728
203,1670,484,1829,595
204,0,799,215,1074
204,1429,573,1725,807
204,1246,124,1371,219
204,1365,105,1440,160
204,394,198,468,245
204,1803,539,1919,639
204,1840,583,1919,730
204,1862,589,1919,737
204,1589,401,1812,499
204,1586,400,1821,566
205,0,802,209,1077
205,1422,564,1713,800
205,1258,129,1363,215
205,1368,102,1457,157
205,394,198,468,245
205,1587,400,1822,574
205,1803,539,1919,639
205,1840,581,1919,731
206,0,805,200,1076
206,1416,560,1697,782
206,1372,102,1460,156
206,1269,124,1387,215
206,1587,400,1823,564
206,395,198,468,245
206,1805,541,1920,639
206,1841,583,1919,729
207,0,808,194,1076
207,1404,549,1684,774
207,1280,117,1401,213
207,1377,104,1460,156
207,1588,401,1821,506
207,395,198,468,245
207,1803,539,1919,638
207,1841,583,1919,730
208,0,811,188,1075
208,1395,542,1672,764
208,1291,114,1411,210
208,1390,98,1470,152
208,1588,401,1821,503
208,395,198,468,245
208,1802,540,1919,638
208,1840,583,1919,729
209,0,817,179,1075
209,1389,536,1658,753
209,1299,113,1421,206
209,1395,101,1474,150
209,1588,401,1821,503
209,395,198,468,245
209,1803,540,1919,638
209,1840,583,1919,729
210,1381,530,1644,741
210,0,819,170,1074
210,1589,400,1821,501
210,394,199,468,246
210,1312,113,1427,203
210,1397,100,1470,147
211,1374,526,1632,733
211,1,821,160,1073
211,1589,401,1821,500
211,394,199,468,246
211,1321,113,1431,200
212,1364,517,1620,724
212,0,826,149,1077
212,1588,401,1821,500
212,393,199,468,246
212,1327,111,1441,199
213,1354,511,1609,713
213,0,821,139,1076
213,1588,401,1820,499
213,393,198,468,246
214,1346,507,1597,704
214,0,837,126,1076
214,1589,401,1820,498
214,392,199,469,246
214,1347,113,1469,190
215,1344,498,1583,695
215,1588,401,1820,499
215,392,199,469,246
215,0,839,115,1078
215,1362,113,1455,188
216,1330,493,1572,681
216,1588,401,1820,498
216,392,199,468,245
216,1370,107,1467,188
217,1327,488,1560,677
217,1588,401,1821,497
217,393,199,468,245
218,1319,482,1549,666
218,1587,399,1820,500
218,392,199,468,245
219,1311,478,1539,657
219,1588,401,1821,497
219,393,199,468,245
220,1313,470,1527,649
220,1592,402,1813,497
220,393,199,468,246
221,1309,463,1518,639
221,1591,403,1812,497
221,393,199,468,246
222,1298,455,1509,629
222,1591,403,1812,497
222,392,199,468,246
223,1283,445,1498,620
223,1589,402,1820,499
223,392,199,466,246
224,1279,441,1488,609
224,1590,402,1821,499
224,391,199,467,246
224,1367,81,1447,132
224,1396,90,1445,133
225,1274,434,1478,597
225,1364,78,1447,133
225,1591,403,1812,497
225,391,199,466,246
225,1441,114,1520,166
226,1272,427,1472,588
226,1591,403,1812,497
226,1349,78,1435,133
226,390,199,466,246
226,1457,115,1518,163
227,1266,420,1464,580
227,1346,80,1423,131
227,1591,405,1812,497
227,390,198,466,246
227,1465,115,1518,159
227,1327,80,1423,143
228,1256,414,1454,566
228,1590,403,1812,498
228,388,199,467,246
228,1470,113,1519,156
229,1253,405,1447,561
229,1590,403,1813,498
229,389,199,467,246
229,1474,120,1517,157
229,1301,81,1399,134
230,1248,399,1440,555
230,390,199,467,246
230,1590,404,1814,497
231,1247,394,1430,547
231,395,199,468,246
231,1590,403,1814,497
232,1240,387,1425,539
232,393,199,468,247
232,1590,404,1813,498
233,1238,383,1418,532
233,394,198,468,247
233,1590,405,1815,498
234,1234,375,1411,522
234,394,199,468,247
234,1591,403,1814,497
235,1231,369,1403,509
235,394,199,468,247
235,1591,404,1813,498
236,730,1016,1209,1077
236,1228,363,1395,500
236,395,199,468,247
236,1175,82,1286,131
236,1590,401,1819,499
237,749,1002,1254,1074
237,1227,356,1392,496
237,1152,80,1274,130
237,393,198,468,247
237,1591,407,1814,497
238,761,981,1298,1076
238,1224,350,1387,487
238,395,198,468,247
238,1139,82,1243,123
238,1590,405,1813,497
239,788,962,1377,1074
239,1221,344,1382,476
239,394,198,468,247
239,1591,405,1812,497
239,1119,83,1240,124
240,824,941,1389,1071
240,1217,336,1378,472
240,1589,404,1812,498
240,392,197,470,247
240,1097,82,1209,124
241,847,928,1403,1074
241,1214,330,1374,466
241,1590,403,1818,498
241,393,197,470,247
241,1080,86,1184,123
242,872,908,1417,1067
242,1214,330,1366,460
242,1589,402,1818,499
242,1059,85,1166,123
243,886,891,1425,1072
243,1207,321,1359,452
243,1589,404,1812,498
243,1041,86,1148,123
244,913,875,1438,1071
244,1203,316,1357,446
244,1589,402,1818,499
244,1025,87,1128,125
244,396,196,469,248
245,928,859,1425,1072
245,1199,312,1352,440
245,1588,402,1819,499
245,998,89,1112,123
245,394,197,469,247
246,956,845,1448,1074
246,1194,306,1345,431
246,1589,403,1819,498
246,981,89,1088,124
246,393,197,469,247
247,981,833,1443,1073
247,1194,303,1343,425
247,1589,403,1819,499
247,392,197,469,247
247,974,91,1076,124
248,998,824,1442,1077
248,1192,296,1338,420
248,1589,404,1818,498
248,392,197,469,247
249,1012,810,1446,1075
249,1184,290,1332,411
249,1589,404,1819,499
249,393,197,469,247
250,1029,801,1449,1074
250,1184,286,1328,407
250,388,199,469,249
250,1589,404,1817,499
251,1042,788,1453,1073
251,1184,284,1324,403
251,1590,405,1816,499
251,387,199,469,249
252,1052,776,1454,1072
252,1178,276,1320,397
252,1590,404,1816,498
252,390,200,469,247
252,1802,539,1919,639
253,1061,766,1453,1070
253,1173,271,1318,391
253,1590,405,1816,498
253,391,200,469,247
254,1068,760,1457,1057
254,1172,268,1308,383
254,1590,404,1816,498
254,391,200,469,247
255,1075,747,1455,1043
255,1171,264,1304,373
255,1590,406,1815,498
255,390,200,469,246
256,1082,735,1449,1029
256,1169,261,1300,369
256,389,200,469,246
256,1590,407,1815,498
257,1086,727,1450,1006
257,1165,254,1297,361
257,1590,406,1815,498
257,391,200,469,246
258,1089,716,1443,990
258,1163,250,1293,359
258,1590,407,1815,498
258,390,200,468,246
259,1092,709,1438,978
259,1157,247,1288,355
259,389,199,468,246
259,1590,408,1814,498
260,1096,698,1431,967
260,1155,243,1285,350
260,1588,404,1819,499
260,393,200,467,246
261,1094,687,1427,950
261,1151,239,1280,347
261,391,199,468,246
261,1588,404,1819,499
262,1095,682,1422,933
262,1149,236,1275,339
262,389,199,467,246
262,1587,405,1817,499
262,1394,90,1446,123
263,1097,675,1415,920
263,1150,231,1272,335
263,1587,405,1817,499
263,390,199,467,246
263,1384,80,1445,120
264,1093,668,1407,905
264,1146,228,1271,331
264,1589,404,1818,498
264,389,199,468,246
264,1377,71,1449,118
265,1089,657,1398,894
265,1368,71,1445,126
265,1140,222,1271,328
265,1589,405,1816,498
265,389,199,467,246
266,1087,646,1392,880
266,1361,72,1436,125
266,1140,220,1265,320
266,1590,405,1810,498
266,389,199,467,246
266,1843,583,1919,721
267,1086,638,1384,869
267,1356,73,1430,127
267,1139,218,1260,316
267,1589,405,1816,498
267,389,199,466,246
267,1853,588,1919,721
267,1323,114,1361,153
268,1083,632,1377,855
268,1138,215,1255,310
268,1589,405,1817,499
268,1348,76,1414,123
268,390,199,466,246
268,1855,588,1919,722
269,1080,624,1366,846
269,1134,212,1257,309
269,389,199,467,246
269,1589,404,1817,498
269,1344,75,1413,124
269,1843,584,1919,722
270,1077,616,1360,832
270,1590,402,1818,498
270,1131,207,1257,308
270,390,199,467,247
270,1862,589,1919,721
270,1680,398,1805,441
271,1073,605,1351,821
271,1130,203,1245,302
271,1590,403,1818,498
271,391,199,467,247
271,1863,590,1919,721
271,1680,398,1805,441
271,1841,585,1919,722
272,1071,597,1343,809
272,1129,200,1243,298
272,1590,403,1818,498
272,388,198,467,247
272,1311,81,1386,148
272,1861,589,1919,722
272,1680,398,1805,441
273,1070,589,1337,799
273,1129,198,1241,292
273,1590,402,1818,498
273,389,198,467,247
273,1680,398,1806,441
273,1863,589,1919,722
273,1842,584,1919,723
273,1307,80,1379,145
274,1063,584,1330,786
274,1129,196,1241,287
274,1590,402,1819,498
274,387,198,467,248
274,1298,81,1371,136
274,1860,589,1919,722
274,1680,398,1806,441
274,1801,539,1919,639
275,1059,578,1321,776
275,1130,191,1239,285
275,1590,402,1818,498
275,1289,83,1357,137
275,387,199,467,247
275,1862,589,1919,722
275,1680,398,1807,441
275,1800,539,1919,639
276,1062,571,1312,768
276,1129,187,1238,282
276,1280,81,1360,137
276,1680,397,1807,442
276,399,200,466,246
276,1590,403,1817,498
277,1055,565,1302,754
277,1131,187,1239,281
277,1271,82,1357,138
277,398,201,466,246
277,1680,397,1808,441
277,1591,402,1818,498
277,1841,584,1919,724
278,1058,556,1299,744
278,1133,187,1240,273
278,1261,82,1337,137
278,1591,403,1818,498
278,972,82,1051,130
278,1680,398,1807,442
278,1842,584,1919,724
278,1862,590,1919,723
279,1050,544,1293,734
279,1135,181,1242,268
279,1253,83,1331,138
279,1591,403,1818,498
279,399,200,466,246
279,1679,397,1807,442
280,1049,543,1286,728
280,1136,176,1245,268
280,1240,83,1327,143
280,388,201,465,247
281,1043,540,1278,717
281,1139,174,1250,265
281,1227,84,1316,145
281,388,201,465,248
281,1589,401,1818,502
282,1050,536,1274,706
282,1141,174,1252,263
282,1220,85,1308,148
282,386,200,467,248
282,1589,401,1817,501
283,1042,526,1267,699
283,1148,172,1255,259
283,385,200,467,248
283,1206,87,1292,149
283,1590,402,1817,501
284,1042,523,1262,690
284,1152,169,1260,258
284,1194,87,1286,150
284,385,200,468,248
284,1590,401,1817,501
285,1043,516,1257,679
285,1183,87,1275,153
285,1158,166,1265,254
285,384,200,467,247
285,1590,402,1817,502
285,1026,77,1113,133
286,1043,517,1253,671
286,1171,91,1268,152
286,384,199,467,248
286,1589,402,1817,502
286,1022,71,1118,138
287,1043,509,1250,664
287,1157,92,1249,158
287,1166,163,1278,247
287,383,199,467,246
288,1040,499,1247,656
288,1145,92,1238,160
288,1175,163,1293,242
288,384,200,467,246
288,1589,405,1812,499
289,1043,487,1242,648
289,1129,95,1228,160
289,1183,158,1294,241
289,1037,72,1134,142
289,384,201,467,245
289,1589,403,1817,501
290,1040,483,1237,637
290,1189,157,1301,239
290,1114,97,1213,164
290,386,199,467,246
290,1586,401,1819,502
291,1042,488,1232,629
291,1102,100,1203,165
291,1199,157,1310,236
291,386,199,467,247
291,1586,401,1819,502
291,1049,75,1137,145
292,1042,467,1236,621
292,1207,152,1321,234
292,1086,103,1187,168
292,1586,401,1819,502
292,387,199,468,246
293,1042,465,1230,613
293,1062,89,1174,169
293,388,199,468,247
293,1586,401,1819,503
293,1215,148,1328,231
294,1043,460,1229,605
294,1224,146,1313,225
294,1057,82,1162,173
294,385,199,468,247
294,1586,401,1818,503
295,1046,451,1233,598
295,1234,144,1350,223
295,1042,107,1148,175
295,385,199,468,247
295,1586,401,1819,504
296,1046,444,1230,587
296,1027,113,1128,176
296,1245,143,1358,222
296,1586,402,1819,502
296,386,199,468,247
297,1050,439,1238,583
297,1007,115,1110,177
297,1255,141,1368,218
297,1080,80,1154,144
297,1586,402,1819,503
297,385,199,468,246
298,1056,434,1237,573
298,995,112,1101,183
298,1076,81,1156,145
298,1265,130,1375,216
298,382,199,468,246
298,1587,401,1819,502
298,1263,139,1350,213
299,1059,428,1243,565
299,978,114,1084,184
299,382,199,468,247
299,1275,136,1384,214
299,1075,81,1155,147
299,1586,401,1819,502
299,1273,138,1355,212
300,1065,417,1246,557
300,963,117,1069,188
300,384,200,467,247
300,1586,400,1819,500
300,1080,80,1152,152
301,950,119,1056,189
301,1070,408,1248,549
301,383,200,467,247
301,1078,80,1152,153
301,1586,400,1819,500
301,1294,116,1400,210
301,1679,398,1806,439
302,1074,407,1254,540
302,934,121,1042,191
302,382,200,467,247
302,1586,400,1819,500
302,1076,81,1150,154
302,1680,398,1807,439
303,1081,402,1261,533
303,920,121,1028,195
303,385,200,467,247
303,1073,81,1149,155
303,1586,400,1818,501
303,1679,398,1807,439
303,1315,113,1423,204
304,1088,395,1267,527
304,907,125,1014,196
304,382,200,466,247
304,1586,400,1818,500
304,1070,85,1149,156
304,1679,398,1807,440
305,1096,390,1272,521
305,889,128,998,199
305,383,200,466,247
305,1588,402,1819,498
305,1679,397,1808,440
306,1106,383,1277,513
306,877,129,984,202
306,383,200,466,247
306,1065,85,1150,159
306,1588,401,1819,498
306,1679,398,1808,441
307,1112,380,1282,505
307,862,128,969,202
307,1060,88,1145,161
307,384,200,466,247
307,1344,118,1458,196
307,1588,400,1818,499
307,1679,397,1808,440
307,1801,540,1919,639
308,1117,375,1292,499
308,851,129,960,207
308,1057,87,1145,162
308,384,199,466,248
308,1588,400,1818,499
308,1360,118,1464,192
308,1801,541,1919,639
308,1679,397,1807,440
309,833,131,945,209
309,1127,369,1299,491
309,382,200,466,248
309,1053,87,1141,163
309,1588,401,1817,500
309,1371,117,1468,192
309,1680,397,1807,441
309,1801,540,1919,639
309,1841,581,1919,725
