0,1591,1385,2063,1837
0,336,695,559,813
0,196,655,367,737
0,1720,1181,1937,1300
0,586,697,669,741
1,1590,1384,2065,1833
1,336,696,558,812
1,1720,1181,1939,1300
1,196,654,380,738
1,585,696,669,740
2,1590,1384,2065,1834
2,336,696,558,812
2,1720,1181,1939,1300
2,196,656,378,737
2,585,696,669,740
3,1590,1384,2065,1833
3,336,696,558,812
3,1720,1181,1939,1300
3,196,656,377,737
3,586,696,669,740
3,77,504,203,579
4,1590,1384,2065,1834
4,336,696,558,813
4,1720,1181,1939,1300
4,195,655,377,737
4,585,696,669,740
5,1590,1384,2065,1833
5,336,695,558,813
5,1720,1181,1939,1300
5,195,654,378,737
5,585,696,669,740
5,78,497,204,580
5,8,494,62,553
6,1590,1384,2065,1834
6,336,695,558,813
6,1720,1181,1939,1300
6,196,654,375,737
6,586,696,669,740
6,70,496,199,588
7,1590,1384,2065,1833
7,336,695,558,813
7,1720,1181,1939,1300
7,195,654,375,737
7,586,696,669,740
7,76,502,202,580
8,1590,1384,2065,1834
8,336,695,558,812
8,1720,1181,1939,1300
8,195,654,375,737
8,586,696,669,740
8,76,496,197,580
9,1590,1385,2065,1833
9,336,696,558,812
9,1720,1181,1939,1300
9,196,653,375,737
9,586,696,669,740
9,81,505,174,579
10,1590,1384,2065,1833
10,336,696,558,812
10,196,653,376,737
10,1720,1181,1939,1300
10,585,696,669,740
10,80,508,162,573
10,78,511,196,578
10,0,475,59,558
11,1590,1385,2065,1833
11,336,696,558,812
11,196,654,375,737
11,1720,1181,1939,1300
11,585,696,669,740
11,0,458,64,558
12,1590,1384,2064,1831
12,336,696,558,812
12,195,654,376,737
12,1720,1180,1938,1300
12,585,696,669,740
12,0,463,59,554
13,1590,1384,2065,1831
13,336,696,558,812
13,195,653,375,737
13,1720,1181,1938,1300
13,585,696,669,740
14,1590,1384,2063,1831
14,336,696,558,812
14,195,654,374,737
14,1720,1181,1938,1300
14,586,696,669,740
15,1590,1384,2064,1831
15,336,696,558,812
15,195,653,374,737
15,1720,1181,1938,1300
15,586,696,669,740
16,1590,1384,2063,1830
16,336,696,558,812
16,195,653,374,737
16,1720,1181,1938,1300
16,586,696,669,740
17,1590,1384,2064,1831
17,336,696,558,812
17,195,654,373,737
17,1720,1181,1938,1300
17,586,696,669,740
18,1590,1384,2064,1831
18,336,696,558,812
18,195,654,374,737
18,1720,1181,1938,1300
18,586,696,669,740
19,1590,1384,2064,1831
19,336,696,558,812
19,195,654,374,737
19,1720,1181,1938,1300
19,586,696,669,740
20,1590,1384,2064,1831
20,336,696,558,812
20,195,653,373,736
20,1720,1181,1938,1300
20,586,696,669,740
21,1590,1384,2063,1831
21,336,696,558,812
21,195,653,372,736
21,1720,1181,1938,1300
21,586,696,669,740
22,1590,1384,2063,1831
22,336,696,558,812
22,195,653,373,736
22,1720,1181,1938,1300
22,586,696,669,740
23,1590,1384,2063,1831
23,336,696,558,812
23,195,653,373,736
23,1720,1181,1938,1300
23,586,696,669,740
24,1590,1384,2062,1831
24,336,696,557,812
24,195,654,374,736
24,1720,1180,1939,1300
24,585,696,669,740
25,1590,1384,2063,1831
25,336,696,557,812
25,195,654,374,736
25,1720,1180,1939,1300
25,585,696,669,740
26,1590,1384,2062,1831
26,336,696,557,812
26,195,654,374,736
26,1720,1180,1939,1300
26,585,696,669,740
27,1590,1384,2061,1830
27,336,696,557,812
27,195,654,374,737
27,1720,1180,1939,1300
27,585,696,670,740
28,1590,1384,2062,1830
28,336,696,557,812
28,195,654,375,737
28,1720,1180,1939,1300
28,585,696,670,740
29,1590,1384,2062,1830
29,336,696,557,812
29,195,654,373,737
29,1720,1180,1938,1300
29,585,696,670,740
30,1590,1384,2062,1830
30,336,696,558,812
30,195,654,372,737
30,1720,1180,1939,1300
30,585,696,670,740
31,1590,1384,2061,1830
31,336,696,558,812
31,195,654,372,737
31,1720,1180,1939,1300
31,585,696,670,740
32,1590,1384,2061,1830
32,336,696,558,812
32,195,654,372,737
32,1720,1180,1939,1300
32,585,696,670,740
33,1590,1384,2061,1830
33,336,696,558,812
33,196,654,373,737
33,1720,1180,1939,1300
33,585,696,670,740
34,1590,1384,2061,1830
34,336,696,558,812
34,195,654,373,737
34,1720,1180,1939,1300
34,585,696,670,740
35,1590,1384,2061,1829
35,336,696,558,812
35,195,654,374,737
35,1720,1180,1939,1300
35,585,696,670,740
36,1590,1384,2063,1829
36,336,696,558,812
36,1720,1180,1939,1301
36,195,655,373,737
36,585,696,669,740
37,1590,1384,2063,1829
37,336,696,558,812
37,195,655,374,737
37,1720,1180,1939,1301
37,585,696,669,740
38,1590,1384,2062,1829
38,336,696,558,812
38,195,655,374,737
38,1720,1180,1939,1301
38,585,696,669,740
39,1590,1384,2061,1829
39,336,696,558,812
39,1720,1180,1939,1301
39,195,655,373,737
39,585,696,669,740
40,1590,1384,2061,1829
40,336,696,558,812
40,1720,1180,1939,1301
40,195,654,372,737
40,585,696,669,740
41,1590,1384,2061,1829
41,336,696,558,812
41,1720,1180,1939,1301
41,195,654,373,737
41,585,696,669,740
42,1590,1384,2061,1829
42,336,696,558,812
42,1720,1180,1939,1301
42,195,654,373,737
42,585,696,669,740
42,2477,1358,2558,1423
43,1590,1384,2061,1829
43,336,696,558,812
43,1720,1180,1939,1301
43,195,654,373,737
43,585,696,669,740
43,2478,1357,2558,1423
44,1590,1384,2061,1829
44,336,696,558,812
44,1720,1180,1939,1301
44,195,654,373,737
44,585,696,669,740
45,1590,1384,2061,1829
45,336,696,558,812
45,1720,1180,1939,1301
45,195,654,372,737
45,585,696,669,740
45,2478,1358,2558,1423
46,1590,1384,2061,1829
46,336,696,558,812
46,1720,1180,1939,1301
46,195,654,373,737
46,585,696,669,740
46,2478,1358,2558,1423
47,1590,1384,2062,1829
47,336,696,558,812
47,195,654,372,737
47,1720,1180,1938,1301
47,585,696,669,740
47,2478,1358,2558,1423
48,1590,1384,2063,1829
48,336,696,558,812
48,195,654,377,736
48,1720,1181,1939,1301
48,585,696,669,740
49,1590,1384,2063,1829
49,336,696,559,812
49,195,654,377,737
49,1720,1180,1939,1300
49,585,696,669,740
50,1590,1384,2064,1830
50,336,696,559,812
50,195,654,377,737
50,1720,1180,1939,1300
50,585,696,669,740
50,2477,1355,2558,1423
51,1590,1384,2063,1830
51,336,696,559,812
51,195,654,377,737
51,1720,1180,1939,1300
51,585,696,669,740
51,2478,1358,2558,1423
52,1590,1384,2062,1830
52,336,696,559,812
52,195,654,378,737
52,1720,1180,1939,1300
52,585,696,669,740
52,2478,1358,2558,1423
53,1590,1384,2062,1830
53,336,697,559,812
53,195,654,378,737
53,1720,1180,1939,1300
53,585,696,669,740
53,2477,1358,2558,1423
54,1590,1384,2062,1830
54,336,696,559,812
54,195,654,378,737
54,1720,1180,1939,1300
54,585,696,669,740
55,1590,1384,2062,1830
55,336,696,559,812
55,195,654,377,737
55,1720,1180,1939,1300
55,585,696,669,740
56,1590,1384,2062,1830
56,336,696,559,812
56,195,654,376,737
56,1720,1180,1939,1300
56,585,696,669,740
57,1590,1384,2062,1830
57,336,697,559,812
57,195,654,377,737
57,1720,1180,1939,1300
57,585,696,669,740
58,1590,1384,2062,1830
58,336,696,559,812
58,195,654,377,737
58,1720,1180,1939,1300
58,585,696,669,740
59,1590,1384,2062,1830
59,336,697,559,812
59,195,654,377,737
59,1720,1180,1939,1300
59,585,696,669,740
60,1590,1384,2061,1830
60,336,696,558,812
60,195,654,373,737
60,1720,1181,1938,1301
60,585,696,669,740
61,1590,1384,2062,1830
61,336,696,558,812
61,195,654,373,737
61,1720,1181,1938,1301
61,585,696,669,740
62,1590,1384,2062,1830
62,336,696,558,812
62,195,654,375,737
62,1720,1181,1938,1300
62,585,696,669,740
63,1590,1384,2062,1831
63,336,696,558,812
63,195,654,373,737
63,1720,1181,1938,1300
63,585,696,669,740
64,1590,1384,2063,1830
64,336,696,558,812
64,195,654,374,737
64,1720,1181,1938,1300
64,585,696,669,740
65,1590,1384,2063,1830
65,336,696,558,812
65,195,654,374,737
65,1720,1181,1938,1300
65,585,696,669,740
66,1590,1384,2063,1830
66,336,696,558,812
66,195,655,373,737
66,1720,1181,1938,1300
66,585,696,669,740
67,1590,1384,2063,1830
67,336,696,558,812
67,195,654,373,737
67,1720,1181,1938,1300
67,585,696,669,740
68,1590,1384,2062,1830
68,336,696,558,812
68,195,654,374,737
68,1720,1181,1938,1300
68,585,696,669,740
69,1590,1384,2062,1830
69,336,695,558,812
69,195,654,371,737
69,1720,1181,1938,1300
69,585,696,669,740
70,1590,1384,2056,1834
70,335,697,555,813
70,194,655,379,737
70,1718,1181,1935,1299
70,584,694,668,739
71,1590,1384,2056,1834
71,335,697,555,813
71,194,655,379,737
71,1718,1181,1935,1299
71,584,694,668,739
72,1590,1383,2054,1830
72,335,697,556,813
72,1717,1182,1934,1299
72,195,656,368,737
72,583,694,668,739
72,2500,1382,2558,1444
72,2484,1369,2558,1440
73,1590,1383,2054,1831
73,335,697,556,813
73,1717,1182,1934,1299
73,195,656,368,737
73,583,694,668,738
73,2485,1370,2558,1445
74,1590,1383,2054,1831
74,335,697,556,813
74,2477,1370,2558,1447
74,1718,1182,1934,1299
74,195,656,367,737
74,584,694,668,738
75,1590,1383,2054,1831
75,335,697,556,813
75,2465,1379,2558,1450
75,1717,1182,1934,1299
75,195,656,365,737
75,584,694,668,738
76,1590,1383,2054,1831
76,335,697,556,813
76,2456,1379,2556,1445
76,1717,1182,1934,1299
76,195,656,365,737
76,584,694,668,738
77,1590,1383,2054,1831
77,335,697,556,813
77,2450,1371,2559,1447
77,1717,1182,1934,1299
77,195,656,364,737
77,584,694,668,738
78,1590,1383,2055,1832
78,335,697,556,813
78,2430,1373,2555,1448
78,1717,1182,1934,1299
78,195,656,365,737
78,584,694,668,738
79,1590,1383,2055,1833
79,335,697,556,813
79,2425,1360,2557,1445
79,1717,1182,1934,1299
79,195,656,365,737
79,584,694,668,738
80,1590,1383,2055,1833
80,335,697,556,813
80,2410,1359,2549,1444
80,1717,1182,1934,1299
80,195,656,364,737
80,584,694,668,738
81,1590,1383,2055,1832
81,335,697,556,813
81,2390,1351,2552,1442
81,1717,1182,1934,1299
81,195,656,365,736
81,584,694,668,738
82,1590,1383,2055,1832
82,335,697,556,813
82,1717,1182,1934,1300
82,2379,1359,2518,1439
82,195,656,365,737
82,585,694,668,738
82,2378,1360,2481,1430
83,1590,1383,2055,1833
83,335,697,556,813
83,2364,1346,2498,1436
83,1717,1182,1934,1299
83,195,656,366,737
83,584,694,668,738
83,2508,1369,2559,1425
83,2505,1351,2558,1428
84,1590,1383,2055,1834
84,335,697,556,813
84,2345,1341,2483,1432
84,1716,1180,1931,1299
84,194,658,370,739
84,584,694,668,738
84,284,569,420,630
84,2476,1350,2559,1431
85,1590,1383,2055,1835
85,2335,1340,2468,1429
85,335,697,556,813
85,1717,1182,1934,1299
85,194,658,370,739
85,584,694,668,738
85,2481,1349,2559,1430
85,2486,1366,2558,1423
85,287,570,420,630
86,1590,1383,2055,1836
86,335,697,556,813
86,2320,1337,2460,1427
86,1717,1182,1934,1300
86,194,658,370,739
86,584,694,668,738
86,285,569,420,630
87,1590,1383,2055,1837
87,2302,1337,2441,1424
87,335,697,556,813
87,1717,1182,1934,1300
87,195,656,363,736
87,584,694,668,738
87,290,571,420,630
88,1590,1383,2055,1836
88,2284,1332,2436,1425
88,335,697,556,813
88,1716,1180,1933,1299
88,194,658,370,739
88,584,694,668,738
88,288,572,418,630
89,1590,1383,2056,1838
89,2266,1327,2426,1423
89,335,697,556,813
89,1717,1182,1934,1300
89,195,656,364,737
89,584,694,668,738
89,290,573,416,630
90,1590,1383,2055,1835
90,2244,1322,2404,1421
90,335,697,557,813
90,1717,1182,1934,1300
90,195,656,364,737
90,584,694,669,738
90,288,573,415,630
91,1590,1383,2056,1838
91,2235,1316,2394,1420
91,335,697,556,813
91,1717,1182,1934,1300
91,195,656,363,737
91,584,694,668,738
92,1590,1383,2056,1837
92,2236,1313,2375,1417
92,335,697,556,813
92,195,656,364,737
92,1717,1182,1934,1300
92,584,694,668,738
93,1590,1383,2056,1838
93,335,697,557,813
93,2231,1310,2362,1416
93,195,656,364,737
93,1716,1180,1932,1299
93,583,694,669,738
94,1590,1383,2055,1836
94,335,697,557,813
94,195,656,364,737
94,1716,1180,1934,1299
94,583,694,669,738
94,2230,1321,2341,1412
94,2157,1315,2213,1376
95,1590,1383,2054,1835
95,335,697,557,813
95,2135,1302,2214,1375
95,195,655,364,737
95,1716,1180,1934,1299
95,583,694,669,738
96,1590,1383,2055,1835
96,335,697,556,813
96,2107,1294,2215,1376
96,195,655,363,736
96,1716,1180,1934,1299
96,583,694,669,739
96,2133,1286,2223,1370
97,1590,1383,2054,1832
97,335,697,556,813
97,2085,1287,2214,1378
97,195,655,364,737
97,583,694,669,739
97,1716,1180,1928,1299
97,282,575,413,629
98,1590,1383,2054,1833
98,335,697,556,813
98,2053,1274,2219,1383
98,195,655,365,737
98,583,694,669,739
98,1716,1180,1929,1299
99,1590,1383,2054,1834
99,335,697,556,813
99,2028,1264,2211,1382
99,195,655,364,737
99,583,694,669,739
99,1716,1180,1927,1299
99,278,575,413,630
100,1591,1383,2059,1832
100,335,697,556,813
100,1999,1262,2193,1378
100,195,656,373,736
100,582,693,668,740
100,1716,1180,1887,1295
100,277,574,415,630
101,1591,1383,2059,1831
101,1966,1252,2197,1378
101,335,697,556,813
101,195,656,373,737
101,582,693,668,739
101,1716,1180,1884,1294
101,293,570,417,630
102,1590,1383,2060,1830
102,335,697,556,813
102,1935,1251,2163,1376
102,195,655,373,736
102,582,693,668,739
102,287,572,417,630
102,1717,1180,1878,1287
102,1934,1255,2085,1368
103,1590,1383,2058,1829
103,335,697,556,813
103,1898,1234,2143,1371
103,195,655,373,737
103,582,693,668,739
103,1717,1180,1879,1286
103,284,575,418,630
104,1590,1383,2058,1830
104,335,697,556,813
104,1866,1227,2106,1365
104,195,655,372,737
104,582,693,668,739
104,1718,1180,1881,1271
105,0,1482,358,1919
105,1590,1383,2059,1830
105,335,697,555,812
105,1829,1223,2087,1365
105,195,655,373,737
105,1718,1182,1886,1270
105,582,693,668,739
106,0,1346,634,1915
106,1590,1383,2060,1830
106,335,697,556,812
106,1716,1186,1854,1268
106,195,655,374,736
106,582,693,668,739
106,1786,1211,2055,1361
107,1,1291,846,1918
107,1590,1382,2061,1832
107,335,697,555,812
107,195,655,374,736
107,1716,1187,1815,1256
107,583,693,668,739
107,1748,1197,2027,1359
107,1749,1220,1900,1340
107,1748,1197,1952,1342
107,1721,1178,1849,1241
108,0,1280,1019,1918
108,1590,1383,2065,1838
108,335,697,557,813
108,195,656,376,737
108,1708,1188,1997,1353
108,583,694,667,738
109,86,1279,1156,1826
109,1590,1384,2065,1838
109,335,697,557,813
109,1664,1173,1963,1345
109,195,656,376,736
109,583,693,668,738
110,364,1273,1257,1758
110,1590,1384,2057,1832
110,1621,1165,1939,1343
110,335,697,555,811
110,194,656,379,737
110,586,695,668,738
110,286,572,419,631
111,588,1273,1356,1706
111,1589,1384,2058,1833
111,335,697,555,811
111,195,655,378,737
111,1570,1153,1936,1338
111,586,695,668,738
112,770,1276,1439,1658
112,1590,1384,2058,1833
112,335,698,556,811
112,1526,1143,1847,1333
112,195,655,379,737
112,585,695,668,739
113,916,1271,1510,1631
113,1590,1386,2058,1833
113,335,697,556,811
113,195,655,380,737
113,1477,1136,1826,1327
113,585,695,668,739
113,1769,1177,1894,1307
114,1037,1274,1572,1598
114,1590,1384,2059,1833
114,335,697,556,811
114,1427,1125,1756,1322
114,194,655,381,737
114,1729,1178,1940,1303
114,1752,1178,1893,1301
114,585,695,668,739
114,281,572,418,631
115,1144,1269,1627,1571
115,1590,1384,2058,1832
115,335,697,556,811
115,1373,1113,1722,1324
115,1732,1179,1937,1303
115,194,656,381,737
115,584,695,668,739
115,272,572,419,630
116,1590,1384,2058,1832
116,1238,1273,1679,1554
116,335,697,556,811
116,194,656,381,738
116,1311,1105,1679,1318
116,1721,1180,1939,1301
116,584,695,668,739
117,1590,1385,2059,1833
117,1316,1277,1723,1535
117,335,697,556,812
117,194,656,381,738
117,1248,1095,1627,1307
117,1718,1179,1935,1299
117,584,695,668,739
117,272,571,419,630
118,1390,1273,1751,1511
118,1588,1386,2058,1832
118,335,697,556,811
118,194,656,381,737
118,1717,1179,1935,1299
118,585,695,668,739
118,1183,1092,1543,1325
118,272,571,419,630
119,1454,1273,1788,1499
119,1589,1389,2058,1832
119,335,697,556,811
119,194,656,380,737
119,1109,1082,1582,1334
119,1716,1179,1937,1300
119,585,695,668,739
119,1725,1178,1883,1284
119,272,572,419,630
120,1516,1275,1841,1473
120,1590,1388,2057,1829
120,335,697,556,809
120,1024,1069,1530,1335
120,1719,1181,1936,1301
120,196,654,373,737
120,585,695,668,739
120,276,573,418,630
121,1569,1279,1881,1458
121,1590,1392,2056,1827
121,335,697,556,809
121,196,654,373,737
121,1721,1180,1933,1301
121,585,695,668,739
121,279,573,418,630
121,1728,1180,1885,1283
122,1625,1280,1923,1445
122,335,697,556,810
122,1590,1400,2055,1826
122,195,654,374,736
122,1720,1180,1932,1298
122,584,695,668,739
122,275,572,419,630
123,1675,1284,1951,1458
123,335,697,556,810
123,1590,1402,2056,1829
123,195,653,374,736
123,1721,1180,1937,1301
123,584,695,668,739
123,278,572,418,630
124,335,697,556,809
124,1714,1290,1988,1460
124,1590,1406,2057,1848
124,195,653,373,736
124,585,696,668,739
124,1721,1180,1918,1278
124,281,573,418,629
124,1728,1179,1878,1253
125,335,697,556,809
125,1756,1296,2018,1460
125,195,654,373,736
125,413,1010,1216,1406
125,1591,1381,2058,1845
125,585,696,668,739
125,1720,1180,1901,1281
125,282,573,418,629
125,1719,1178,1940,1296
126,1797,1300,2048,1460
126,335,696,556,809
126,1591,1390,2056,1839
126,195,653,373,736
126,584,695,668,739
126,1720,1180,1924,1293
126,283,573,418,630
127,1839,1305,2075,1458
127,1591,1391,2053,1832
127,335,696,557,810
127,195,653,373,737
127,584,695,668,739
127,1720,1180,1901,1288
127,282,572,418,630
128,1871,1309,2100,1455
128,1590,1384,2052,1827
128,335,696,557,810
128,195,653,372,736
128,585,695,668,739
128,1720,1181,1936,1298
128,289,573,418,629
129,1903,1314,2131,1455
129,1589,1383,2053,1829
129,335,697,556,809
129,195,654,374,737
129,586,696,668,739
129,1720,1181,1934,1298
129,293,573,418,629
130,1590,1380,2054,1827
130,1936,1317,2151,1454
130,335,697,557,811
130,197,654,376,736
130,585,695,669,740
130,1717,1180,1885,1294
131,1590,1380,2059,1827
131,1970,1321,2171,1452
131,335,697,557,811
131,197,654,376,737
131,584,695,669,740
131,1717,1181,1903,1296
132,1589,1382,2059,1827
132,335,697,556,812
132,2002,1323,2178,1451
132,196,654,377,737
132,1716,1180,1935,1299
132,584,695,668,739
133,1589,1383,2061,1829
133,335,697,556,812
133,2032,1329,2191,1448
133,1716,1181,1937,1300
133,196,654,377,737
133,584,695,668,739
134,1589,1384,2061,1829
134,335,697,556,812
134,2065,1333,2249,1446
134,196,654,377,737
134,1716,1180,1937,1300
134,584,695,668,739
134,2064,1337,2199,1442
135,1589,1383,2061,1829
135,335,697,556,812
135,1716,1180,1937,1300
135,196,654,377,737
135,2090,1341,2272,1446
135,2089,1343,2196,1440
135,584,695,668,739
136,1589,1384,2061,1830
136,335,697,556,813
136,1716,1180,1937,1300
136,196,654,377,737
136,2204,1361,2297,1460
136,584,695,668,739
136,2112,1342,2296,1458
137,1589,1384,2059,1830
137,335,697,556,813
137,1716,1180,1937,1300
137,196,654,377,737
137,2201,1369,2318,1462
137,2145,1357,2319,1462
137,584,695,668,739
138,1589,1384,2062,1830
138,335,697,556,813
138,2207,1363,2342,1466
138,1716,1181,1936,1300
138,196,654,376,737
138,584,694,668,739
139,1589,1384,2064,1830
139,335,697,556,813
139,2210,1359,2363,1467
139,196,654,377,737
139,1716,1181,1936,1300
139,584,694,668,739
139,2478,1362,2558,1422
139,2464,1336,2559,1424
140,1589,1383,2061,1832
140,2222,1365,2377,1465
140,335,697,556,811
140,197,656,376,737
140,1714,1180,1938,1300
140,583,694,668,739
140,2480,1366,2558,1422
140,293,574,415,629
140,2498,1369,2559,1425
141,1589,1384,2061,1831
141,335,697,556,811
141,2228,1356,2398,1469
141,1715,1180,1938,1300
141,197,656,376,737
141,584,694,668,739
141,2480,1366,2558,1422
141,2502,1368,2559,1425
141,295,574,415,629
142,1589,1384,2064,1836
142,335,697,556,811
142,2262,1372,2419,1467
142,1715,1180,1938,1300
142,197,656,375,737
142,584,694,668,739
142,2481,1366,2558,1422
142,2501,1369,2559,1425
142,295,574,415,629
142,994,1856,1893,1919
143,1590,1385,2066,1846
143,335,697,556,811
143,2288,1376,2436,1471
143,889,1825,1920,1919
143,1715,1180,1938,1300
143,197,655,375,737
143,583,694,668,739
143,2481,1366,2558,1422
143,2505,1370,2559,1425
143,298,574,415,628
144,1592,1386,2064,1849
144,335,697,555,811
144,2305,1379,2434,1469
144,1716,1180,1938,1299
144,196,656,374,737
144,731,1773,1888,1918
144,585,694,668,739
144,2400,1393,2457,1479
144,2512,1369,2559,1425
144,2482,1366,2558,1421
144,282,574,414,628
145,1589,1384,2063,1833
145,335,697,555,811
145,2325,1389,2470,1476
145,585,1739,1844,1919
145,1716,1180,1938,1299
145,196,656,374,737
145,2325,1389,2430,1464
145,585,695,668,739
145,2510,1369,2559,1425
145,2474,1359,2559,1423
145,284,574,414,627
146,1589,1384,2063,1832
146,435,1704,1775,1919
146,2345,1389,2487,1479
146,335,697,555,811
146,1716,1180,1938,1299
146,196,656,374,737
146,585,694,668,739
146,2473,1362,2559,1423
146,2512,1369,2559,1425
146,283,574,414,628
147,1589,1384,2062,1831
147,2366,1393,2502,1483
147,335,697,555,811
147,304,1671,1682,1918
147,1716,1180,1938,1299
147,196,656,374,737
147,585,694,668,739
147,2471,1356,2559,1423
147,2364,1391,2436,1468
147,285,574,414,627
147,2512,1368,2559,1424
148,1588,1384,2062,1833
148,2382,1395,2518,1481
148,335,697,555,811
148,1716,1180,1938,1299
148,196,656,374,737
148,585,694,668,739
148,137,1627,1601,1919
148,282,574,414,628
148,2482,1366,2558,1420
148,2506,1368,2558,1424
149,1589,1384,2061,1832
149,2400,1396,2532,1485
149,335,697,555,811
149,1716,1180,1938,1299
149,196,656,374,736
149,5,1602,1512,1918
149,585,694,668,739
149,283,574,414,628
150,1590,1383,2057,1830
150,1,1567,1498,1918
150,335,697,556,811
150,2411,1395,2544,1487
150,195,654,371,736
150,1715,1181,1941,1300
150,584,695,668,739
151,1590,1383,2057,1831
151,1,1532,1405,1918
151,335,697,556,811
151,2432,1409,2553,1485
151,1715,1181,1941,1300
151,195,654,370,736
151,584,695,668,739
152,1590,1383,2058,1832
152,335,697,556,811
152,2,1496,1291,1918
152,2446,1409,2558,1484
152,195,654,370,736
152,1715,1181,1941,1300
152,583,695,668,738
153,1590,1384,2059,1835
153,335,697,556,811
153,1,1459,1170,1918
153,195,653,370,736
153,2458,1394,2559,1484
153,1716,1183,1937,1300
153,583,695,668,738
154,1590,1384,2060,1834
154,3,1406,982,1918
154,335,697,556,811
154,195,653,371,736
154,1714,1181,1941,1300
154,2467,1410,2559,1487
154,583,694,668,738
155,1590,1384,2059,1832
155,1,1388,813,1918
155,335,697,556,811
155,195,653,371,736
155,1714,1181,1941,1300
155,583,695,668,738
156,1590,1383,2057,1834
156,0,1404,623,1918
156,335,697,555,811
156,195,654,370,736
156,1713,1181,1940,1300
156,583,694,668,739
156,278,574,418,631
157,1590,1383,2057,1834
157,0,1431,432,1918
157,335,697,555,811
157,195,654,369,736
157,1713,1181,1941,1300
157,583,694,668,739
158,1590,1384,2056,1833
158,335,697,555,811
158,195,654,369,736
158,1713,1180,1941,1300
158,583,694,668,739
158,0,1507,220,1920
159,1590,1384,2056,1833
159,335,697,555,811
159,195,654,369,736
159,1713,1180,1941,1300
159,583,694,668,739
160,1589,1384,2057,1847
160,335,698,557,811
160,195,655,372,737
160,1715,1179,1936,1299
160,586,696,669,740
160,281,575,415,630
161,1589,1384,2057,1846
161,335,698,557,811
161,195,655,372,737
161,1715,1179,1936,1299
161,586,696,669,740
162,1589,1384,2057,1846
162,335,698,557,811
162,195,655,372,737
162,1715,1179,1936,1300
162,586,696,669,740
163,1589,1384,2057,1857
163,335,698,557,811
163,195,655,372,737
163,1714,1179,1936,1300
163,586,696,669,740
164,1589,1384,2058,1871
164,335,698,557,811
164,195,655,372,737
164,1714,1179,1936,1300
164,586,696,669,740
165,1589,1384,2057,1859
165,335,698,557,811
165,195,655,371,737
165,1714,1179,1936,1300
165,586,696,669,740
166,1589,1384,2057,1867
166,335,698,557,811
166,195,655,370,737
166,1714,1179,1936,1300
166,585,695,669,740
167,1589,1384,2058,1869
167,335,698,557,811
167,195,655,371,737
167,1714,1179,1936,1300
167,585,695,669,740
168,1589,1384,2056,1857
168,335,697,558,811
168,195,655,367,737
168,1714,1180,1935,1300
168,585,695,669,740
169,1589,1384,2056,1853
169,335,697,558,811
169,195,655,366,737
169,1714,1180,1935,1300
169,585,695,669,740
170,1590,1384,2055,1830
170,335,697,557,811
170,195,655,368,736
170,1714,1179,1934,1299
170,585,695,668,740
171,1590,1384,2055,1831
171,335,697,558,811
171,195,655,368,736
171,1714,1179,1935,1299
171,585,694,668,741
171,2493,1352,2559,1442
172,1590,1384,2054,1830
172,335,697,557,811
172,195,656,368,736
172,1714,1179,1936,1300
172,585,694,668,741
173,1590,1384,2054,1830
173,335,698,558,810
173,195,656,367,736
173,1716,1181,1934,1300
173,585,695,668,740
173,2478,1351,2558,1446
174,1590,1384,2054,1831
174,335,697,558,811
174,2471,1357,2558,1447
174,195,656,368,737
174,1716,1179,1935,1300
174,584,694,668,740
175,1590,1384,2054,1831
175,335,697,558,811
175,195,656,368,737
175,2462,1358,2558,1446
175,1716,1179,1935,1300
175,584,694,668,741
176,1590,1384,2054,1831
176,335,697,558,811
176,195,656,368,737
176,2453,1368,2559,1446
176,1716,1179,1935,1300
176,585,694,668,741
177,1590,1384,2053,1831
177,335,697,558,811
177,195,656,368,737
177,1717,1179,1935,1300
177,585,694,668,741
178,1590,1384,2053,1831
178,335,697,558,811
178,195,656,370,737
178,1716,1179,1935,1300
178,585,694,668,741
178,2435,1373,2551,1445
179,1590,1384,2053,1831
179,335,697,558,811
179,195,656,369,737
179,1719,1181,1934,1300
179,2426,1366,2558,1441
179,585,694,668,741
180,1590,1383,2055,1832
180,335,697,558,811
180,195,655,369,736
180,2404,1365,2541,1441
180,585,694,668,741
180,1719,1181,1933,1300
181,1590,1383,2055,1832
181,335,697,558,811
181,2390,1361,2508,1440
181,195,655,368,736
181,585,694,668,741
181,1719,1181,1933,1300
182,1590,1383,2055,1832
182,335,697,558,811
182,2374,1356,2496,1438
182,195,655,368,736
182,585,694,668,740
182,1719,1181,1932,1300
183,1590,1383,2055,1831
183,335,697,558,811
183,2367,1349,2487,1435
183,195,655,368,736
183,585,694,668,740
183,1719,1181,1932,1300
184,1590,1383,2055,1831
184,335,697,558,811
184,2349,1350,2482,1432
184,195,655,368,736
184,585,694,668,740
184,1719,1181,1932,1300
184,2475,1354,2559,1429
184,2501,1368,2559,1425
185,1590,1383,2055,1831
185,335,697,558,812
185,2334,1342,2471,1427
185,195,655,368,736
185,585,694,668,740
185,1719,1181,1932,1300
186,1590,1383,2055,1832
186,335,697,558,812
186,2322,1340,2450,1426
186,195,655,368,736
186,585,694,668,741
186,1719,1181,1933,1300
187,1590,1384,2055,1832
187,335,697,558,812
187,2307,1338,2441,1425
187,195,655,368,736
187,585,694,668,741
187,1719,1181,1933,1300
188,1590,1384,2055,1832
188,335,697,558,811
188,2293,1336,2443,1422
188,195,655,368,736
188,585,694,668,740
188,1719,1181,1933,1300
189,1590,1384,2055,1832
189,335,697,558,811
189,2280,1335,2412,1420
189,195,655,368,736
189,585,694,668,740
189,1719,1181,1933,1300
190,1590,1384,2055,1833
190,2260,1328,2403,1421
190,335,697,558,811
190,195,655,368,736
190,585,694,668,741
190,1719,1181,1933,1300
191,1590,1384,2055,1832
191,335,697,557,811
191,195,655,368,736
191,2244,1323,2390,1420
191,585,694,668,740
191,1719,1181,1933,1300
191,2232,1326,2383,1400
192,1590,1383,2055,1832
192,2234,1322,2375,1418
192,335,697,557,811
192,195,655,369,736
192,584,694,668,740
192,1720,1182,1933,1300
192,2490,1362,2558,1424
193,1590,1384,2056,1833
193,335,697,557,811
193,2234,1318,2360,1415
193,195,655,370,736
193,584,694,668,740
193,1720,1182,1932,1300
194,1590,1384,2056,1832
194,335,697,557,811
194,2229,1318,2342,1413
194,195,655,370,737
194,584,694,668,740
194,1719,1182,1932,1300
195,1590,1384,2055,1831
195,335,697,557,811
195,195,655,370,736
195,584,694,668,740
195,1719,1182,1933,1300
195,2228,1319,2329,1403
196,1589,1384,2055,1831
196,335,697,557,811
196,195,655,370,736
196,584,694,668,740
196,1719,1182,1933,1300
196,2142,1304,2212,1376
197,1589,1383,2055,1831
197,335,697,557,811
197,2125,1296,2223,1376
197,195,655,371,736
197,584,694,668,740
197,1719,1182,1932,1300
197,2124,1293,2275,1377
198,1589,1383,2056,1831
198,2100,1294,2218,1379
198,335,697,557,811
198,195,655,371,736
198,584,694,668,740
198,1719,1182,1932,1300
199,1589,1383,2056,1831
199,335,697,557,811
199,2074,1290,2210,1384
199,195,655,371,737
199,584,693,668,740
199,1719,1182,1932,1300
200,1590,1384,2053,1831
200,336,697,555,811
200,2049,1281,2215,1379
200,195,655,371,736
200,585,694,668,739
200,1715,1181,1931,1300
200,293,574,419,630
201,1590,1384,2053,1831
201,336,697,555,811
201,195,655,371,736
201,2029,1274,2204,1377
201,585,694,668,739
201,1715,1181,1914,1298
201,297,574,419,630
201,2029,1277,2158,1374
202,1590,1384,2052,1830
202,336,697,555,811
202,2000,1270,2198,1377
202,195,654,370,736
202,585,694,668,739
202,1716,1180,1883,1293
202,299,574,419,630
203,1590,1384,2052,1829
203,336,698,555,811
203,1967,1264,2171,1380
203,195,654,370,736
203,585,694,668,739
203,1716,1181,1883,1292
203,303,574,419,630
204,1590,1383,2054,1830
204,1947,1258,2150,1373
204,336,698,556,811
204,195,655,369,735
204,587,695,668,739
204,1717,1180,1883,1289
204,296,574,418,629
205,1590,1383,2054,1831
205,1909,1250,2115,1370
205,336,698,556,811
205,195,656,369,735
205,587,695,668,739
205,1719,1180,1879,1273
205,298,574,418,629
206,1590,1382,2054,1831
206,336,698,556,812
206,1879,1242,2096,1367
206,1882,1242,2055,1351
206,195,656,369,735
206,587,695,668,739
206,1720,1182,1885,1262
207,1590,1382,2054,1830
207,336,698,556,811
207,195,656,369,735
207,1845,1237,2007,1351
207,1724,1180,1883,1273
207,587,695,668,739
207,1847,1236,2056,1360
207,299,574,418,629
208,1590,1384,2055,1831
208,336,698,556,812
208,1808,1228,2043,1362
208,1722,1180,1881,1270
208,195,656,369,735
208,587,695,668,739
208,299,574,418,629
209,1590,1384,2055,1832
209,336,698,556,811
209,1783,1221,2010,1359
209,195,656,368,735
209,1719,1184,1865,1264
209,587,695,668,739
209,297,574,418,629
210,1590,1383,2056,1834
210,1742,1213,1982,1356
210,336,698,555,811
210,195,656,368,735
210,586,695,668,739
210,1720,1184,1869,1256
210,290,574,418,629
210,1777,1178,1877,1224
210,1716,1188,1829,1256
211,1590,1384,2056,1833
211,336,698,555,812
211,1704,1191,1947,1345
211,195,656,368,735
211,586,695,668,739
211,289,574,418,629
212,1589,1383,2056,1831
212,336,698,556,812
212,1662,1183,1934,1341
212,195,656,368,735
212,587,695,668,740
212,292,574,418,630
213,1589,1383,2056,1831
213,336,698,556,812
213,1615,1185,1899,1336
213,195,656,368,735
213,587,695,668,739
213,291,574,418,629
214,1589,1384,2056,1831
214,336,698,556,812
214,1571,1174,1885,1331
214,195,656,368,735
214,587,695,668,739
214,292,574,418,629
215,1590,1383,2057,1830
215,336,698,556,812
215,1525,1163,1817,1331
215,195,656,368,735
215,587,695,668,739
215,1773,1179,1937,1302
215,1774,1177,1895,1280
215,296,574,418,629
216,1590,1383,2056,1832
216,1474,1150,1769,1330
216,336,698,556,811
216,1748,1180,1939,1302
216,195,656,367,735
216,587,695,668,739
216,289,574,417,629
217,1589,1382,2055,1831
217,1423,1144,1735,1326
217,336,698,556,812
217,1731,1183,1934,1301
217,195,656,367,736
217,586,695,668,739
217,287,574,417,629
218,1589,1383,2055,1831
218,1372,1138,1696,1323
218,336,698,556,811
218,1715,1182,1934,1300
218,195,656,367,735
218,586,695,668,739
218,290,574,417,629
219,1589,1383,2055,1831
219,1310,1130,1649,1321
219,336,698,556,812
219,1718,1182,1934,1300
219,195,656,366,735
219,585,695,668,740
220,1589,1383,2059,1841
220,1246,1118,1607,1322
220,335,697,558,812
220,1714,1180,1936,1301
220,196,656,365,737
220,585,695,667,737
220,308,573,419,631
221,1589,1383,2059,1839
221,1176,1108,1557,1323
221,335,697,558,812
221,1714,1180,1936,1300
221,196,656,366,737
221,585,695,667,737
221,309,573,419,631
222,1590,1384,2060,1837
222,1100,1100,1507,1324
222,335,697,558,812
222,1714,1180,1936,1300
222,196,656,366,737
222,585,695,667,737
222,311,573,419,631
223,1589,1384,2058,1839
223,1015,1090,1450,1328
223,335,697,558,812
223,1714,1180,1936,1300
223,585,695,668,737
223,196,656,362,736
224,1589,1384,2058,1837
224,926,1080,1391,1334
224,335,697,558,812
224,1714,1180,1935,1300
224,585,695,668,737
224,196,656,362,736
225,1590,1384,2058,1838
225,819,1067,1325,1342
225,335,697,558,812
225,1714,1180,1935,1300
225,195,656,362,736
225,584,695,668,738
226,1589,1384,2058,1838
226,705,1058,1259,1348
226,335,696,558,812
226,1714,1180,1935,1300
226,195,656,362,736
226,585,695,668,737
227,1590,1384,2058,1838
227,569,1045,1179,1358
227,335,696,558,812
227,1714,1180,1935,1300
227,196,656,362,736
227,584,694,668,737
228,1590,1384,2058,1836
228,408,1028,1091,1370
228,335,696,558,812
228,1717,1181,1935,1300
228,196,655,360,736
228,584,694,668,738
229,1590,1384,2058,1836
229,229,1016,992,1387
229,335,696,558,812
229,1717,1181,1935,1300
229,196,655,360,736
229,585,695,668,738
229,679,642,816,696
230,1590,1384,2054,1832
230,4,1000,884,1405
230,335,696,557,812
230,1714,1180,1937,1301
230,196,655,367,736
230,582,693,668,739
230,672,643,808,696
230,290,573,420,632
231,1590,1383,2054,1832
231,0,992,751,1429
231,335,696,557,812
231,1714,1180,1937,1300
231,196,656,366,736
231,582,693,668,739
231,671,642,803,697
231,293,573,420,631
232,1590,1383,2054,1833
232,0,973,595,1399
232,335,696,557,812
232,1715,1180,1937,1300
232,196,656,366,736
232,583,693,668,739
232,666,641,802,698
232,296,573,420,631
233,1590,1383,2054,1832
233,0,953,421,1416
233,335,696,557,812
233,1715,1180,1937,1301
233,196,656,366,736
233,583,694,668,739
233,665,641,798,698
233,305,573,419,631
234,1590,1383,2053,1831
234,335,696,557,812
234,0,951,179,1422
234,1715,1180,1937,1300
234,196,656,368,736
234,582,693,669,740
234,657,641,794,700
234,295,573,419,631
235,1590,1383,2053,1832
235,335,697,557,812
235,1715,1180,1937,1300
235,196,656,366,736
235,582,693,669,740
235,655,640,791,699
235,300,573,419,631
236,1590,1383,2053,1830
236,335,696,557,812
236,1715,1180,1937,1300
236,196,656,367,736
236,582,693,668,740
236,657,639,789,698
236,301,573,419,631
237,1590,1383,2053,1831
237,335,696,557,812
237,1715,1181,1937,1300
237,196,656,365,736
237,582,693,668,740
237,655,640,788,698
237,297,573,419,631
238,1590,1383,2053,1831
238,335,696,556,812
238,1715,1181,1937,1301
238,196,656,365,736
238,582,693,668,740
238,656,640,787,696
238,297,573,419,631
239,1590,1383,2053,1831
239,335,696,556,812
239,1715,1181,1937,1300
239,196,656,365,736
239,582,693,668,740
239,653,639,783,696
239,298,573,419,631
240,1590,1384,2052,1834
240,335,697,556,812
240,1716,1181,1937,1301
240,196,657,364,737
240,651,639,780,696
240,583,693,668,739
240,283,574,418,631
241,1590,1384,2052,1835
241,335,697,556,812
241,1716,1181,1937,1301
241,196,657,365,737
241,649,638,779,696
241,583,693,668,739
241,284,574,418,631
242,1590,1384,2052,1834
242,335,697,556,812
242,1716,1181,1937,1301
242,196,657,365,737
242,650,637,779,697
242,584,694,668,739
242,286,574,418,631
243,1590,1384,2052,1834
243,335,697,556,812
243,1716,1181,1937,1301
243,196,657,365,737
243,584,694,668,739
243,652,638,779,695
243,288,574,418,630
244,1590,1384,2052,1834
244,335,697,556,812
244,1716,1181,1937,1301
244,196,657,365,737
244,584,694,668,739
244,647,638,778,696
244,286,574,418,630
245,1590,1384,2052,1833
245,335,697,556,812
245,1716,1181,1937,1301
245,196,657,365,737
245,584,694,668,740
245,644,637,775,697
245,287,574,418,630
246,1590,1384,2052,1834
246,335,697,556,812
246,1716,1181,1937,1301
246,196,657,365,737
246,583,694,668,739
246,286,574,418,630
246,643,637,776,697
247,1590,1384,2052,1836
247,335,697,556,813
247,1716,1181,1936,1301
247,196,657,365,737
247,584,694,668,740
247,282,574,418,631
247,643,637,775,698
248,1590,1384,2052,1834
248,335,697,556,813
248,1716,1181,1936,1301
248,196,657,365,737
248,584,695,668,740
248,281,574,418,631
248,643,637,776,697
249,1590,1384,2052,1833
249,335,697,556,813
249,1716,1181,1936,1301
249,196,657,365,737
249,584,695,668,740
249,280,574,418,631
249,646,636,775,697
250,1590,1384,2053,1832
250,335,697,556,812
250,195,656,364,737
250,1717,1180,1937,1301
250,584,695,668,740
250,277,574,418,631
251,1590,1384,2053,1832
251,335,697,556,812
251,195,656,363,737
251,1717,1180,1937,1301
251,583,695,668,740
251,279,574,418,631
252,1590,1384,2054,1834
252,335,697,556,812
252,195,657,363,737
252,1717,1180,1937,1300
252,583,694,668,739
252,283,574,418,631
253,1590,1384,2054,1833
253,335,697,556,812
253,195,657,363,737
253,1717,1180,1937,1300
253,583,694,668,740
253,283,574,418,631
254,1590,1384,2054,1833
254,335,697,556,812
254,195,657,362,737
254,1717,1180,1938,1300
254,583,694,668,740
254,284,574,418,631
255,1590,1384,2054,1833
255,335,697,556,812
255,195,657,362,737
255,1717,1182,1935,1300
255,583,694,668,740
255,283,574,418,631
256,1590,1384,2054,1833
256,335,697,556,812
256,195,657,362,737
256,1717,1180,1938,1300
256,583,694,668,740
256,286,574,418,631
257,1590,1384,2054,1833
257,335,697,556,812
257,195,657,362,737
257,1717,1180,1937,1300
257,584,695,668,740
257,289,574,418,630
258,1590,1384,2054,1833
258,335,697,556,812
258,195,656,363,737
258,1717,1180,1937,1301
258,583,694,668,740
258,285,574,418,631
259,1590,1384,2054,1833
259,335,697,556,812
259,195,656,363,737
259,1717,1180,1937,1301
259,583,694,668,740
259,289,574,418,630
260,1590,1384,2054,1832
260,335,697,556,811
260,195,657,363,737
260,1717,1180,1937,1301
260,584,695,668,739
260,2490,1354,2558,1444
260,291,574,417,630
261,1590,1384,2054,1832
261,335,697,556,812
261,195,657,363,737
261,1717,1181,1937,1300
261,584,695,668,739
261,2483,1349,2558,1443
261,292,574,417,630
262,1590,1384,2054,1832
262,335,697,556,812
262,195,657,363,737
262,1717,1181,1937,1301
262,584,694,668,739
262,2479,1351,2558,1447
262,287,574,417,631
263,1590,1384,2054,1832
263,335,697,556,812
263,195,657,363,737
263,1717,1181,1937,1301
263,2474,1354,2558,1446
263,583,694,668,740
263,287,574,417,631
264,1590,1384,2053,1831
264,335,697,556,812
264,195,656,364,737
264,1717,1181,1937,1300
264,2463,1359,2559,1448
264,583,694,668,739
264,282,574,417,631
265,1590,1384,2053,1831
265,335,697,556,811
265,195,657,363,736
265,1717,1181,1937,1300
265,2456,1364,2558,1447
265,583,694,668,739
265,281,574,417,631
266,1590,1384,2053,1831
266,335,697,556,812
266,195,657,363,737
266,1717,1181,1937,1300
266,583,694,668,739
266,2451,1358,2558,1447
266,280,574,417,631
267,1590,1384,2053,1831
267,335,697,556,812
267,195,657,364,737
267,1717,1181,1937,1300
267,583,694,668,739
267,279,574,418,631
267,2437,1373,2558,1445
268,1590,1384,2054,1831
268,335,697,556,811
268,195,657,363,737
268,1717,1181,1937,1300
268,2424,1376,2541,1442
268,584,694,668,739
268,279,574,417,631
268,650,637,776,696
269,1590,1384,2054,1832
269,335,697,555,811
269,195,657,363,736
269,1717,1181,1937,1300
269,2411,1379,2543,1440
269,583,694,667,739
269,283,574,417,631
269,651,638,777,696
269,2414,1367,2559,1434
270,1591,1383,2054,1830
270,335,696,554,812
270,1715,1181,1936,1300
270,2395,1373,2515,1439
270,195,656,378,738
270,584,694,668,740
270,651,638,780,696
270,291,574,415,630
271,1591,1383,2054,1831
271,335,696,555,812
271,2382,1370,2504,1439
271,195,656,378,738
271,1714,1181,1937,1300
271,584,693,668,740
271,651,638,780,696
271,284,574,415,630
272,1591,1383,2054,1831
272,335,696,555,812
272,2373,1368,2491,1437
272,195,656,378,738
272,1715,1181,1937,1300
272,584,693,668,740
272,658,636,779,697
272,283,574,415,630
273,1591,1383,2054,1830
273,335,696,555,812
273,195,656,378,738
273,1715,1181,1936,1300
273,2351,1357,2484,1435
273,584,693,668,740
273,657,638,781,696
273,286,574,415,630
274,1591,1383,2054,1830
274,335,696,555,812
274,2339,1360,2466,1433
274,196,656,377,738
274,1715,1181,1936,1300
274,583,693,668,740
274,661,639,782,696
274,291,574,415,630
275,1591,1383,2054,1830
275,335,696,555,812
275,2329,1355,2459,1430
275,196,656,377,738
275,1715,1181,1936,1300
275,583,693,668,740
275,664,638,784,697
275,294,574,414,630
276,1590,1384,2054,1830
276,336,695,556,811
276,2315,1353,2439,1426
276,667,638,788,698
276,584,693,668,740
276,195,656,379,737
276,1717,1184,1934,1300
277,1590,1384,2054,1830
277,336,695,556,811
277,2298,1355,2426,1420
277,195,656,379,737
277,584,693,668,740
277,668,640,789,697
277,1717,1184,1934,1300
278,1590,1384,2054,1830
278,336,695,556,811
278,2285,1345,2422,1421
278,195,656,380,737
278,584,693,668,740
278,1717,1184,1934,1300
278,671,639,788,697
279,1590,1384,2054,1829
279,336,695,556,811
279,2265,1343,2402,1421
279,195,656,380,737
279,584,692,668,740
279,1717,1184,1934,1300
279,672,639,789,697
280,1590,1384,2054,1830
280,336,695,556,811
280,2255,1342,2390,1418
280,195,656,380,737
280,585,693,668,740
280,1717,1184,1934,1300
280,289,574,416,630
281,1590,1384,2053,1829
281,2235,1338,2373,1418
281,336,695,556,811
281,195,656,380,737
281,1717,1184,1934,1300
281,585,693,668,740
281,678,641,794,696
281,294,574,416,630
282,1590,1384,2053,1829
282,2231,1335,2357,1415
282,336,695,556,811
282,195,656,380,737
282,585,693,668,740
282,1717,1184,1934,1300
282,679,642,797,697
282,297,574,416,630
283,1590,1384,2053,1829
283,336,695,556,811
283,2229,1328,2343,1411
283,195,656,380,737
283,585,693,668,740
283,1717,1184,1934,1300
283,681,641,799,696
283,294,574,416,630
284,1590,1384,2053,1828
284,336,695,556,811
284,195,656,380,737
284,585,693,668,740
284,1717,1184,1934,1300
284,2228,1326,2324,1405
284,684,641,801,696
285,1590,1384,2053,1829
285,336,695,556,811
285,195,656,380,737
285,585,693,668,740
285,1717,1184,1934,1300
285,2229,1327,2305,1401
285,685,642,803,696
285,296,574,416,630
286,1590,1384,2053,1829
286,336,695,556,811
286,2135,1318,2209,1378
286,194,656,380,737
286,585,693,668,740
286,1717,1184,1934,1300
286,685,643,802,698
286,295,574,416,630
287,1590,1384,2053,1829
287,336,695,556,811
287,2108,1315,2208,1376
287,195,656,380,737
287,585,694,668,740
287,1717,1184,1933,1300
287,294,574,416,630
288,1590,1384,2052,1828
288,2083,1304,2212,1379
288,335,695,556,811
288,586,694,668,740
288,195,656,379,737
288,1717,1184,1932,1300
289,1590,1384,2052,1828
289,335,695,556,811
289,2060,1298,2206,1384
289,586,694,668,740
289,195,656,380,737
289,1717,1184,1931,1300
290,1590,1384,2052,1828
290,336,695,557,811
290,2035,1292,2199,1382
290,585,694,668,740
290,195,656,380,738
290,1717,1184,1931,1300
291,1590,1384,2051,1828
291,1,1475,310,1918
291,336,695,557,812
291,2005,1285,2194,1376
291,585,694,668,740
291,195,656,380,738
291,1717,1184,1930,1299
292,0,1356,590,1917
292,1984,1278,2168,1378
292,1589,1383,2051,1830
292,336,695,558,813
292,195,655,376,736
292,585,694,670,740
292,1717,1182,1933,1299
292,281,574,416,630
293,0,1262,806,1917
293,1589,1384,2052,1830
293,336,695,558,813
293,1953,1273,2145,1376
293,585,694,670,740
293,194,656,377,736
293,1717,1182,1925,1298
293,279,574,416,630
294,1,1258,971,1917
294,1926,1266,2122,1373
294,1589,1384,2052,1832
294,336,695,558,813
294,195,655,376,736
294,585,695,669,740
294,280,573,417,630
294,1717,1181,1878,1293
295,0,1256,1105,1887
295,1589,1384,2052,1835
295,1891,1259,2099,1366
295,336,695,558,813
295,195,655,376,736
295,585,695,669,740
295,1718,1182,1877,1288
295,283,574,417,630
296,212,1253,1217,1808
296,1590,1383,2051,1833
296,336,695,558,813
296,1862,1247,2067,1361
296,195,655,375,736
296,585,695,669,740
296,1717,1184,1883,1284
296,282,574,417,630
297,451,1251,1310,1745
297,1590,1383,2052,1831
297,335,695,558,813
297,1836,1245,2045,1357
297,195,655,374,736
297,585,695,669,739
297,1725,1181,1878,1262
297,2497,1358,2558,1444
297,285,574,417,630
297,1718,1192,1834,1263
298,641,1250,1393,1699
298,1589,1383,2052,1831
298,1806,1232,2017,1357
298,335,696,558,813
298,195,655,374,736
298,1719,1185,1879,1262
298,585,695,669,739
298,1718,1191,1821,1258
298,288,574,417,630
299,794,1250,1469,1653
299,1590,1385,2052,1831
299,336,696,558,813
299,1769,1232,1987,1350
299,195,655,375,736
299,1716,1187,1862,1258
299,585,695,669,740
299,286,574,417,630
300,931,1250,1532,1626
300,1591,1384,2053,1830
300,335,696,558,812
300,195,655,377,736
300,2466,1362,2559,1447
300,1737,1227,1956,1344
300,584,695,670,740
300,1714,1188,1858,1296
300,302,575,415,630
300,1716,1181,1862,1260
301,1043,1251,1591,1602
301,1590,1384,2053,1832
301,335,695,558,812
301,1683,1201,1926,1341
301,195,655,377,736
301,584,695,669,739
301,308,575,416,630
301,2458,1362,2558,1443
302,1142,1252,1643,1575
302,1590,1382,2054,1828
302,1641,1197,1919,1336
302,335,696,556,812
302,195,655,373,737
302,585,695,668,740
302,274,573,415,631
303,1591,1382,2055,1828
303,1231,1257,1696,1558
303,1604,1199,1855,1329
303,335,696,556,812
303,195,655,373,737
303,585,695,668,740
303,274,573,415,631
304,1591,1383,2055,1828
304,1314,1258,1729,1534
304,1556,1192,1830,1327
304,335,696,556,811
304,195,655,373,737
304,585,695,668,740
304,274,573,415,631
304,1766,1181,1894,1295
304,2413,1378,2520,1439
305,1590,1385,2056,1829
305,1382,1265,1765,1523
305,335,696,556,811
305,194,655,372,737
305,2396,1371,2507,1439
305,1520,1187,1788,1323
305,586,695,668,740
305,274,573,415,631
305,1741,1185,1936,1305
306,1451,1268,1796,1489
306,1591,1386,2055,1831
306,1469,1176,1758,1304
306,335,696,555,811
306,1731,1187,1931,1303
306,195,655,371,737
306,586,695,668,740
306,2381,1363,2498,1438
306,274,573,415,631
307,1507,1275,1848,1475
307,1592,1387,2055,1831
307,1426,1164,1719,1299
307,335,696,556,811
307,1720,1184,1931,1304
307,195,655,372,737
307,2372,1361,2485,1432
307,585,695,668,740
307,274,573,415,631
307,2371,1365,2445,1425
307,1415,1171,1606,1278
308,1558,1278,1889,1459
308,1365,1157,1681,1307
308,1590,1394,2055,1829
308,335,696,556,811
308,1723,1184,1931,1303
308,195,655,372,737
308,2351,1359,2468,1429
308,585,695,668,740
308,274,573,415,631
309,1311,1149,1640,1308
309,335,696,556,811
309,1610,1277,1922,1440
309,1593,1394,2055,1828
309,1721,1184,1933,1302
309,2338,1355,2451,1427
309,194,655,371,737
309,586,695,668,740
309,273,573,415,631
309,1728,1180,1881,1273
310,1252,1142,1599,1308
310,335,696,555,811
310,1592,1387,2056,1832
310,2318,1354,2439,1424
310,1660,1281,1958,1435
310,194,655,370,737
310,586,695,668,740
310,1720,1181,1919,1296
310,273,573,415,631
310,1727,1180,1877,1259
311,1186,1134,1555,1309
311,335,696,555,811
311,1703,1291,1996,1466
311,2303,1349,2428,1421
311,1592,1396,2057,1836
311,194,655,371,737
311,585,695,667,740
311,1721,1181,1927,1288
311,273,573,415,631
312,1115,1123,1506,1311
312,336,697,557,812
312,2278,1341,2407,1420
312,1591,1296,2064,1829
312,195,657,374,738
312,1727,1294,2025,1476
312,1719,1178,1940,1295
312,585,695,668,739
312,280,572,417,629
312,1727,1179,1881,1250
313,1040,1115,1460,1312
313,2267,1343,2390,1415
313,336,697,557,812
313,1591,1301,2069,1832
313,195,656,373,738
313,1718,1180,1938,1296
313,585,695,668,739
313,280,572,417,629
314,957,1107,1406,1318
314,2238,1340,2374,1417
314,1823,1304,2084,1476
314,336,697,557,812
314,1591,1395,2028,1822
314,195,656,372,738
314,1718,1180,1935,1296
314,585,695,668,739
314,282,573,416,629
315,865,1100,1346,1323
315,1852,1306,2113,1477
315,2230,1333,2357,1413
315,336,697,557,812
315,1591,1387,2062,1829
315,195,656,373,738
315,1718,1180,1938,1298
315,585,695,668,739
315,281,572,417,629
316,1886,1313,2143,1476
316,767,1091,1287,1328
316,1590,1386,2064,1828
316,336,697,557,812
316,2229,1327,2342,1408
316,195,656,372,738
316,585,695,668,739
316,1718,1181,1936,1298
316,280,572,417,629
317,1919,1317,2163,1476
317,1590,1382,2056,1828
317,647,1084,1215,1340
317,336,697,557,812
317,2229,1329,2322,1407
317,195,657,372,738
317,585,695,668,739
317,1718,1181,1934,1298
317,280,572,417,630
318,517,1077,1146,1351
318,1590,1381,2061,1828
318,1949,1322,2179,1474
318,336,697,557,812
318,195,657,372,738
318,2233,1328,2301,1402
318,585,695,668,739
318,1719,1180,1938,1303
318,281,572,417,630
319,1590,1383,2063,1830
319,336,697,557,812
319,1985,1329,2188,1471
319,364,1065,1064,1360
319,195,656,371,737
319,586,695,668,739
319,1719,1180,1937,1304
319,2230,1323,2280,1403
320,1590,1383,2060,1831
320,336,697,557,812
320,162,1049,970,1375
320,2012,1308,2256,1468
320,195,656,371,737
320,1718,1180,1936,1299
320,586,695,668,739
320,284,572,417,629
321,1590,1383,2061,1832
321,336,696,557,812
321,2037,1298,2254,1471
321,0,1046,859,1390
321,195,656,372,738
321,1718,1181,1936,1299
321,586,695,668,739
321,284,572,417,629
322,1590,1383,2054,1831
322,0,1025,741,1411
322,336,697,557,812
322,585,695,668,740
322,193,657,362,737
322,2060,1341,2274,1472
322,1721,1182,1936,1300
322,2054,1295,2201,1369
322,276,572,418,631
323,1590,1383,2054,1831
323,1,1001,602,1388
323,336,697,557,812
323,2022,1291,2172,1373
323,2089,1346,2291,1467
323,585,695,668,740
323,193,657,362,737
323,1721,1181,1934,1299
323,275,572,418,631
323,2203,1397,2292,1480
324,1590,1383,2056,1833
324,0,1000,436,1408
324,336,697,556,811
324,1997,1280,2163,1373
324,586,695,668,740
324,194,657,359,737
324,2112,1358,2310,1462
324,2205,1377,2311,1481
324,1718,1182,1932,1298
324,2113,1348,2282,1450
324,282,572,419,630
325,1590,1383,2055,1836
325,336,697,557,811
325,1964,1275,2135,1370
325,0,1091,233,1408
325,585,695,668,740
325,194,657,359,737
325,2204,1373,2327,1482
325,2129,1363,2328,1475
325,1719,1181,1908,1296
325,280,572,419,630
326,1590,1383,2056,1839
326,336,697,557,811
326,1930,1267,2112,1367
326,585,695,668,740
326,194,657,359,737
326,2150,1363,2344,1480
326,1810,1230,1933,1301
326,1718,1181,1877,1284
326,281,572,419,630
327,1590,1383,2056,1841
327,1895,1261,2084,1364
327,336,697,557,811
327,2197,1362,2363,1482
327,586,695,668,740
327,194,657,359,737
327,1718,1185,1882,1272
327,1811,1228,1940,1303
327,282,572,419,631
327,2464,1324,2559,1424
328,1590,1383,2057,1841
328,336,697,557,811
328,1859,1248,2052,1363
328,2209,1361,2373,1482
328,586,695,668,740
328,194,657,359,737
328,1718,1185,1883,1278
328,283,572,419,630
328,2465,1331,2559,1425
328,2474,1356,2558,1423
329,1590,1383,2057,1843
329,1823,1242,2021,1358
329,2225,1369,2389,1484
329,336,697,557,811
329,1718,1183,1887,1273
329,586,695,668,740
329,194,657,359,737
329,2475,1359,2558,1422
329,283,572,419,630
329,2466,1338,2559,1425
329,2505,1359,2559,1424
330,1590,1384,2057,1842
330,1785,1232,1987,1354
330,336,697,557,811
330,2231,1371,2404,1484
330,1718,1185,1881,1271
330,585,695,668,740
330,194,657,359,737
330,2476,1360,2558,1422
330,283,572,419,630
330,2511,1359,2559,1424
330,2467,1336,2559,1425
331,1590,1383,2057,1845
331,1745,1231,1956,1349
331,2251,1367,2420,1485
331,336,697,557,811
331,1717,1187,1865,1259
331,585,695,668,740
331,194,657,359,737
331,1726,1180,1879,1250
331,283,572,419,630
331,2475,1356,2558,1422
332,1590,1383,2055,1830
332,1704,1209,1924,1344
332,335,696,558,812
332,2268,1377,2428,1484
332,194,656,367,737
332,582,693,667,739
332,2477,1363,2558,1422
332,2466,1350,2559,1424
332,273,573,418,632
333,1590,1382,2055,1829
333,1654,1196,1893,1333
333,2287,1378,2444,1487
333,335,696,558,811
333,194,656,367,737
333,582,694,667,739
333,2477,1363,2558,1422
333,2499,1366,2559,1424
333,273,573,418,632
334,1590,1382,2055,1829
334,1609,1200,1844,1335
334,335,696,558,812
334,2301,1383,2455,1487
334,194,656,367,737
334,582,693,667,739
334,2477,1362,2558,1421
334,1759,1186,1937,1303
334,2460,1350,2559,1421
334,2506,1365,2559,1424
334,1769,1176,1900,1277
334,273,573,418,632
335,1590,1384,2055,1829
335,1557,1195,1806,1329
335,335,696,558,812
335,2313,1388,2462,1484
335,194,656,367,737
335,1737,1180,1934,1302
335,582,693,667,739
335,2460,1354,2559,1422
335,2481,1364,2558,1421
335,2513,1366,2559,1425
335,273,573,418,632
336,1590,1385,2056,1835
336,1508,1186,1766,1326
336,335,697,558,812
336,2327,1387,2477,1488
336,1729,1185,1933,1301
336,195,655,370,737
336,582,693,667,739
336,2457,1353,2559,1424
336,729,650,849,699
337,1590,1383,2056,1834
337,1453,1176,1724,1325
337,335,697,558,812
337,2340,1388,2492,1488
337,195,655,370,737
337,582,693,667,739
337,1721,1180,1936,1304
337,2462,1359,2559,1425
337,2402,1396,2490,1486
338,1590,1383,2057,1832
338,1394,1171,1676,1324
338,2352,1390,2502,1490
338,335,696,558,812
338,195,655,371,737
338,1720,1181,1935,1304
338,582,693,667,739
338,2461,1357,2559,1424
339,1590,1384,2057,1832
339,1331,1161,1635,1324
339,2366,1392,2507,1490
339,335,696,558,812
339,195,655,370,737
339,582,693,667,739
339,1720,1181,1935,1304
339,2462,1357,2558,1425
340,1590,1384,2057,1832
340,1258,1152,1586,1324
340,2379,1394,2519,1490
340,335,696,558,812
340,195,655,371,737
340,582,693,667,739
340,1718,1180,1932,1300
341,1590,1385,2057,1831
341,1183,1142,1532,1325
341,335,696,558,811
341,2390,1392,2524,1492
341,195,655,371,736
341,582,693,667,739
341,1718,1181,1929,1300
342,1589,1383,2054,1829
342,1101,1135,1474,1333
342,335,697,558,813
342,194,655,378,736
342,2402,1393,2533,1492
342,584,693,669,741
342,1715,1181,1936,1299
342,1724,1181,1883,1288
343,1589,1383,2054,1829
343,1003,1117,1412,1339
343,335,697,558,813
343,195,655,378,736
343,584,694,669,741
343,2406,1393,2544,1492
343,1715,1181,1935,1299
343,1724,1181,1883,1289
344,1589,1383,2054,1829
344,898,1114,1341,1349
344,335,697,558,813
344,195,655,378,736
344,584,694,669,741
344,1715,1181,1934,1299
344,2413,1394,2555,1493
344,1724,1181,1882,1286
345,1589,1383,2053,1830
345,771,1105,1267,1358
345,335,697,558,812
345,195,655,379,736
345,584,694,669,741
345,1716,1181,1936,1299
345,2433,1398,2554,1490
345,1726,1181,1882,1287
346,1589,1383,2053,1829
346,621,1094,1182,1373
346,335,697,558,812
346,195,655,378,736
346,584,694,669,740
346,1716,1181,1936,1299
347,1589,1383,2053,1829
347,436,1084,1082,1386
347,335,697,558,812
347,195,655,378,736
347,583,694,669,741
347,1716,1181,1936,1299
347,2449,1404,2559,1488
348,241,1071,970,1406
348,1590,1384,2054,1831
348,335,697,557,811
348,194,655,376,735
348,584,694,669,740
348,1716,1181,1938,1299
348,2457,1403,2559,1493
349,0,1053,841,1432
349,1590,1384,2054,1831
349,335,697,557,811
349,194,655,377,735
349,584,694,669,740
349,1716,1181,1937,1299
349,2466,1410,2559,1489
350,0,1036,678,1457
350,1590,1384,2054,1830
350,335,697,557,811
350,194,654,376,736
350,584,694,669,740
350,1716,1181,1937,1299
351,1590,1384,2054,1831
351,0,1080,482,1430
351,335,697,557,811
351,194,654,377,736
351,584,694,669,740
351,1716,1181,1937,1299
351,301,573,417,629
352,1591,1383,2058,1840
352,0,1081,262,1465
352,335,696,560,812
352,196,655,379,736
352,584,695,669,741
352,1718,1180,1933,1299
353,1591,1384,2058,1836
353,335,697,560,812
353,196,656,377,735
353,584,695,669,740
353,1718,1180,1935,1299
353,729,649,849,698
354,1591,1384,2058,1835
354,335,696,560,812
354,196,655,376,735
354,585,695,669,741
354,1718,1180,1935,1299
354,729,649,849,698
355,1591,1384,2058,1835
355,335,696,560,812
355,196,656,375,735
355,585,695,669,741
355,1719,1180,1936,1299
356,1591,1384,2058,1836
356,335,696,559,812
356,196,656,374,735
356,585,695,668,741
356,1719,1180,1936,1299
357,1591,1384,2058,1836
357,335,696,560,812
357,196,656,374,735
357,585,695,668,740
357,1719,1180,1936,1300
357,729,649,849,698
358,1591,1384,2058,1837
358,335,696,559,812
358,196,656,375,735
358,584,695,669,740
358,1719,1180,1936,1300
358,729,649,849,698
359,1591,1384,2058,1835
359,335,696,559,812
359,196,656,375,735
359,584,695,669,741
359,1719,1180,1936,1300
359,729,649,849,698
360,1591,1384,2057,1832
360,335,697,560,812
360,196,655,372,735
360,584,695,668,741
360,1719,1180,1930,1299
360,729,649,849,697
361,1591,1384,2057,1832
361,335,696,560,812
361,196,655,373,735
361,584,695,668,741
361,1719,1179,1929,1299
361,730,649,849,696
362,1591,1384,2057,1833
362,335,696,560,812
362,196,655,373,735
362,584,695,668,741
362,1718,1179,1928,1299
362,730,649,849,697
363,1591,1384,2057,1832
363,335,696,560,812
363,196,655,373,735
363,584,695,668,741
363,1718,1179,1928,1299
363,730,649,849,697
364,1591,1384,2057,1832
364,335,696,560,812
364,196,655,373,735
364,584,695,668,741
364,1718,1179,1925,1299
364,730,649,849,696
365,1591,1384,2058,1833
365,335,696,560,812
365,196,656,373,735
365,584,695,668,741
365,1718,1179,1926,1299
365,730,649,849,696
366,1591,1384,2057,1832
366,335,696,560,812
366,196,656,373,735
366,584,695,668,741
366,1718,1179,1926,1299
366,729,649,849,696
367,1591,1384,2057,1832
367,335,696,560,812
367,196,656,373,735
367,584,695,668,741
367,1718,1179,1926,1299
367,729,649,848,696
368,1591,1384,2057,1833
368,335,696,560,812
368,196,656,373,735
368,583,695,668,741
368,1718,1179,1928,1299
368,729,649,849,696
369,1591,1384,2057,1833
369,335,696,560,812
369,196,656,373,735
369,584,695,668,741
369,1718,1179,1928,1299
369,729,649,849,696
370,1591,1384,2057,1833
370,335,696,560,812
370,196,656,373,735
370,584,695,668,741
370,1719,1179,1928,1299
370,729,649,849,696
371,1591,1384,2057,1833
371,335,696,560,812
371,196,656,373,735
371,583,695,668,741
371,1719,1179,1927,1299
371,729,649,848,695
372,1591,1384,2057,1832
372,335,697,560,812
372,196,656,373,736
372,584,695,668,741
372,1719,1180,1928,1299
373,1590,1384,2057,1832
373,335,697,560,812
373,196,656,374,736
373,584,695,668,741
373,1719,1180,1928,1299
373,729,649,848,696
374,1590,1384,2057,1832
374,335,697,560,812
374,196,656,374,736
374,584,695,668,741
374,1719,1180,1928,1299
374,729,649,848,696
375,1590,1384,2057,1831
375,335,697,560,813
375,196,656,375,736
375,584,695,669,741
375,0,946,72,1169
375,1719,1180,1927,1299
375,729,649,849,696
376,1590,1384,2057,1832
376,335,696,560,813
376,0,926,154,1189
376,196,656,375,736
376,583,695,669,741
376,1719,1180,1924,1299
376,729,649,849,696
377,1590,1384,2057,1832
377,335,696,560,813
377,1,885,235,1242
377,196,656,375,736
377,583,695,669,741
377,1719,1180,1922,1299
377,729,649,849,696
378,1590,1384,2054,1829
378,336,696,559,813
378,196,654,361,736
378,0,836,317,1262
378,583,693,669,740
378,1717,1180,1935,1299
379,1590,1384,2054,1829
379,336,696,559,813
379,195,655,361,736
379,1717,1180,1935,1299
379,582,693,669,740
380,1589,1384,2054,1829
380,336,695,559,813
380,0,823,484,1290
380,195,655,361,736
380,1717,1180,1935,1299
380,583,694,669,740
381,1589,1384,2053,1829
381,0,826,561,1310
381,336,696,559,813
381,196,655,361,736
381,1718,1180,1935,1300
381,583,693,669,740
382,1590,1384,2054,1829
382,0,832,645,1320
382,336,695,559,814
382,195,656,361,737
382,1718,1180,1935,1299
382,583,693,669,740
383,1590,1384,2054,1829
383,336,695,558,814
383,0,855,727,1327
383,196,656,361,736
383,1718,1180,1935,1299
383,583,693,669,740
384,1590,1384,2054,1829
384,335,696,558,813
384,196,655,366,736
384,1717,1180,1933,1299
384,583,693,669,740
384,276,574,418,631
385,1590,1384,2054,1829
385,335,696,558,813
385,196,656,365,736
385,1717,1180,1933,1299
385,583,693,668,740
385,276,574,418,632
386,1590,1384,2053,1829
386,336,696,559,812
386,196,656,365,736
386,1718,1179,1933,1299
386,583,693,668,740
387,1590,1384,2054,1829
387,336,696,559,812
387,196,656,364,736
387,1717,1180,1933,1299
387,584,693,668,740
387,275,573,418,632
388,1590,1384,2054,1829
388,335,696,559,812
388,195,656,368,736
388,1717,1179,1935,1300
388,585,695,668,739
388,275,573,418,632
388,1726,1180,1884,1278
389,1590,1384,2053,1829
389,336,696,560,812
389,195,655,366,736
389,1717,1179,1936,1300
389,586,695,668,740
389,1726,1180,1883,1274
389,276,574,418,632
390,1590,1384,2052,1828
390,335,696,559,812
390,195,655,366,736
390,1715,1180,1936,1300
390,586,695,668,740
390,277,574,418,631
391,1590,1384,2051,1828
391,335,696,559,811
391,195,655,365,736
391,1716,1179,1936,1300
391,586,695,668,740
391,279,574,418,631
392,1590,1384,2051,1828
392,335,696,559,811
392,195,655,366,736
392,1715,1179,1936,1300
392,586,695,668,740
392,280,574,418,631
393,1589,1384,2052,1829
393,335,696,559,811
393,195,655,366,736
393,587,696,668,740
393,1715,1180,1936,1300
393,280,574,418,631
394,1590,1384,2052,1829
394,335,696,559,811
394,761,1046,1426,1372
394,195,655,365,736
394,1716,1182,1935,1300
394,587,696,668,740
394,281,574,418,631
395,1589,1384,2052,1829
395,335,696,559,811
395,195,655,366,736
395,1715,1180,1937,1300
395,588,696,668,740
395,834,1047,1470,1373
395,282,574,418,631
396,1589,1385,2051,1831
396,335,696,559,811
396,194,658,374,739
396,1715,1182,1935,1300
396,587,696,669,740
396,281,573,417,631
397,1589,1385,2051,1831
397,335,696,559,811
397,1715,1182,1936,1300
397,194,658,374,739
397,587,695,669,740
397,282,573,417,631
397,1725,1180,1888,1288
398,1589,1384,2055,1835
398,335,696,560,812
398,1716,1182,1935,1300
398,194,659,379,738
398,583,694,669,739
398,1055,1098,1602,1376
398,321,574,416,629
399,1589,1383,2055,1834
399,335,696,560,812
399,194,659,378,738
399,1716,1182,1935,1300
399,583,694,669,739
399,323,574,415,629
400,1590,1384,2056,1831
400,335,696,560,812
400,1718,1182,1935,1300
400,194,659,379,738
400,583,694,669,739
400,323,574,415,629
401,1590,1384,2057,1828
401,335,696,560,812
401,1717,1182,1935,1300
401,194,659,378,738
401,583,694,669,739
401,322,574,416,629
402,1588,1384,2057,1829
402,335,696,560,812
402,1715,1181,1938,1302
402,194,659,378,738
402,583,694,669,739
402,322,574,415,629
403,1588,1387,2057,1829
403,335,696,560,812
403,1721,1182,1939,1307
403,583,694,669,739
403,194,658,378,738
403,1374,1151,1809,1393
403,321,574,416,629
404,1589,1390,2057,1831
404,335,696,560,812
404,583,694,669,739
404,194,658,379,738
404,1737,1180,1936,1307
404,1751,1178,1880,1238
404,319,574,416,629
405,1589,1391,2057,1832
405,335,696,560,812
405,583,694,669,739
405,194,658,378,738
405,1762,1183,1938,1305
405,1474,1171,1879,1400
405,1770,1178,1878,1232
405,320,574,416,629
406,1589,1393,2057,1831
406,335,696,560,812
406,1524,1180,1917,1403
406,583,694,669,739
406,194,658,378,738
406,319,574,416,629
407,1589,1385,2056,1835
407,335,696,560,812
407,1573,1189,1943,1405
407,583,694,669,739
407,194,658,378,738
407,1573,1195,1830,1398
407,319,574,416,629
408,1590,1386,2058,1834
408,336,695,559,812
408,1621,1196,1976,1410
408,584,694,669,739
408,194,656,379,737
408,292,572,417,631
408,1739,1178,1881,1267
409,1590,1387,2057,1831
409,336,695,558,812
409,1663,1197,2005,1419
409,584,695,669,739
409,194,656,380,737
409,274,572,417,631
410,1590,1387,2056,1831
410,336,695,558,812
410,584,695,669,739
410,194,656,380,737
410,1706,1193,2036,1422
410,275,572,417,631
411,1590,1388,2055,1829
411,336,695,558,812
411,1749,1221,2060,1428
411,1717,1185,1880,1267
411,584,695,669,739
411,194,656,380,737
411,275,572,417,631
412,1589,1388,2055,1831
412,1790,1235,2086,1430
412,336,695,558,812
412,1718,1184,1883,1272
412,584,694,669,739
412,194,656,380,737
412,275,572,417,631
412,1716,1191,1817,1269
413,1589,1383,2055,1830
413,336,695,558,812
413,1826,1241,2117,1424
413,584,694,669,739
413,194,656,381,737
413,1717,1181,1880,1283
413,1730,1180,1880,1253
413,274,572,417,631
414,1589,1382,2053,1830
414,336,695,558,812
414,1860,1249,2140,1430
414,584,694,669,739
414,194,656,381,737
414,1717,1181,1879,1285
414,274,572,417,631
414,1728,1180,1879,1256
415,1589,1382,2054,1830
415,336,695,558,812
415,1894,1260,2153,1426
415,584,694,669,739
415,194,656,381,737
415,274,572,417,631
415,1718,1181,1878,1285
415,1731,1180,1879,1255
415,1810,1231,1937,1303
416,1589,1383,2056,1830
416,336,695,558,812
416,194,656,380,737
416,1932,1267,2175,1428
416,584,694,669,739
416,275,572,417,631
416,1718,1181,1880,1289
417,1589,1384,2056,1831
417,336,695,558,812
417,1963,1273,2186,1432
417,584,695,669,739
417,194,656,380,737
417,275,572,417,631
417,1717,1181,1894,1295
