0,1211,703,1572,859
0,761,713,894,793
0,632,719,728,785
0,573,723,634,775
0,482,724,539,768
0,225,781,290,846
0,272,818,369,891
0,295,865,459,998
1,1212,703,1572,859
1,761,713,892,794
1,632,719,729,785
1,574,724,633,775
1,482,725,538,768
1,226,781,288,845
1,273,817,368,888
1,295,864,459,998
2,1212,703,1572,859
2,761,713,892,793
2,632,719,729,785
2,574,724,633,775
2,482,725,538,768
2,226,781,288,845
2,273,817,368,889
2,295,864,459,998
3,1212,703,1572,859
3,761,713,893,793
3,632,719,729,785
3,574,724,633,775
3,482,725,538,768
3,226,781,288,845
3,273,817,368,889
3,295,864,459,998
4,1212,703,1572,859
4,761,713,893,793
4,632,719,729,785
4,574,724,633,775
4,482,725,538,768
4,226,781,288,845
4,273,817,368,888
4,295,864,459,998
5,1211,702,1571,859
5,761,713,893,793
5,632,719,729,786
5,574,724,633,775
5,482,725,538,768
5,226,781,289,844
5,272,817,369,889
5,295,864,459,998
6,1211,702,1571,859
6,761,713,893,793
6,632,719,729,786
6,574,724,633,775
6,482,725,538,768
6,226,781,288,845
6,295,864,459,998
6,273,817,368,889
7,1211,702,1571,859
7,761,713,893,793
7,632,719,729,786
7,574,724,633,776
7,482,725,538,767
7,226,781,288,845
7,273,817,368,888
7,295,864,459,998
8,1211,702,1571,859
8,761,713,893,793
8,632,719,729,786
8,574,724,633,775
8,481,725,538,768
8,226,781,288,845
8,273,817,368,888
8,295,864,459,998
9,1211,702,1571,859
9,761,713,893,793
9,632,719,729,786
9,574,724,633,775
9,481,724,538,768
9,226,781,288,845
9,273,817,368,887
9,295,864,459,998
10,1211,702,1571,859
10,761,713,893,793
10,632,719,729,786
10,574,724,633,775
10,481,725,538,768
10,226,781,288,845
10,273,817,368,887
10,295,864,459,998
11,1211,702,1571,859
11,761,713,893,793
11,632,719,729,786
11,574,724,633,775
11,481,725,538,767
11,226,781,288,845
11,273,817,368,887
11,295,864,459,998
12,1211,702,1572,858
12,761,713,893,793
12,631,720,729,786
12,574,724,633,775
12,481,724,538,767
12,226,781,288,844
12,273,816,368,888
12,295,865,459,999
13,1211,702,1571,859
13,761,713,892,793
13,631,720,729,786
13,574,724,633,775
13,481,725,538,767
13,226,781,288,844
13,273,816,369,888
13,295,864,459,999
14,1211,702,1571,859
14,761,713,892,793
14,631,720,729,786
14,574,724,633,775
14,480,725,538,767
14,226,781,288,844
14,273,816,368,888
14,295,864,459,999
15,1210,702,1574,861
15,761,713,892,793
15,631,720,729,786
15,574,724,633,775
15,480,724,538,767
15,226,781,289,844
15,295,864,459,999
15,273,816,368,888
16,1211,702,1571,859
16,761,713,892,793
16,631,720,730,786
16,574,724,633,775
16,480,724,538,767
16,226,781,288,844
16,295,864,459,999
16,273,816,368,888
17,1211,702,1571,859
17,761,713,892,793
17,631,720,730,786
17,574,724,633,775
17,480,724,538,767
17,226,781,289,844
17,295,864,459,999
17,273,816,368,888
18,1211,702,1571,859
18,761,713,893,793
18,631,720,730,786
18,574,724,633,775
18,480,724,538,767
18,226,781,289,844
18,295,864,459,999
18,273,816,368,888
19,1211,702,1571,859
19,761,713,893,793
19,631,720,730,786
19,574,724,633,775
19,480,724,538,767
19,226,781,289,844
19,295,864,459,999
19,273,816,368,888
20,1211,702,1571,859
20,761,713,893,793
20,631,720,730,786
20,574,724,633,775
20,480,724,538,767
20,226,781,289,844
20,273,816,368,888
20,295,864,459,999
21,1211,702,1571,859
21,761,713,893,793
21,631,720,730,786
21,574,724,633,775
21,480,724,538,767
21,226,781,289,844
21,273,816,368,887
21,295,864,459,999
22,1211,702,1571,859
22,761,713,893,793
22,631,720,730,786
22,574,724,633,775
22,480,724,538,767
22,226,781,289,844
22,273,816,368,887
22,294,864,459,999
23,1211,702,1571,859
23,761,713,892,793
23,631,720,730,786
23,574,724,633,775
23,480,724,538,767
23,226,781,289,844
23,273,816,368,887
23,294,864,459,999
24,1211,702,1571,858
24,761,713,892,793
24,632,720,729,786
24,574,724,633,776
24,480,724,538,767
24,226,781,289,844
24,273,816,368,887
25,1211,702,1571,859
25,761,713,892,793
25,632,720,729,786
25,574,724,633,776
25,480,724,538,767
25,226,781,289,844
25,273,816,368,887
26,1211,702,1571,858
26,761,713,893,793
26,632,720,729,786
26,574,724,633,776
26,480,724,538,767
26,226,781,289,844
26,273,816,368,886
27,1211,702,1571,858
27,761,713,892,793
27,632,720,729,786
27,574,724,633,776
27,480,724,538,767
27,226,781,289,844
27,273,816,368,886
27,294,863,459,998
28,1211,702,1571,858
28,761,713,893,793
28,632,720,729,786
28,574,724,633,776
28,480,724,538,768
28,226,781,289,844
28,273,816,368,887
29,1211,702,1571,858
29,761,713,893,793
29,632,720,729,786
29,574,724,633,776
29,480,724,538,768
29,226,781,289,844
29,273,816,368,887
30,1211,702,1571,858
30,761,713,893,793
30,632,720,729,786
30,574,724,633,776
30,480,724,539,768
30,226,781,289,844
30,274,816,368,887
31,1211,702,1571,858
31,761,713,893,793
31,632,720,729,786
31,574,724,633,776
31,479,724,539,768
31,226,781,289,844
31,273,816,369,887
32,1211,703,1573,859
32,761,713,893,793
32,632,720,729,786
32,574,724,633,776
32,479,724,539,767
32,226,781,289,844
32,273,816,368,887
33,1211,702,1571,858
33,761,713,893,793
33,632,720,729,786
33,574,724,633,776
33,479,724,539,767
33,226,781,289,844
33,273,816,368,887
34,1211,702,1571,858
34,761,713,893,793
34,632,720,729,786
34,574,724,633,776
34,479,723,539,767
34,226,781,289,844
34,273,816,368,887
35,1211,702,1571,858
35,761,713,893,793
35,632,720,730,786
35,574,724,633,776
35,479,723,539,767
35,226,781,289,844
35,273,816,368,887
36,1211,703,1572,859
36,761,713,894,793
36,632,720,730,786
36,574,725,633,776
36,479,723,539,768
36,226,781,289,844
36,273,816,368,885
37,1210,702,1571,859
37,761,713,894,793
37,632,720,730,786
37,574,725,633,776
37,480,724,539,768
37,226,781,289,844
37,273,816,368,886
38,1211,703,1572,859
38,761,713,894,793
38,632,720,730,786
38,574,725,633,776
38,480,724,539,768
38,226,781,289,844
38,273,817,368,886
39,1210,702,1571,859
39,761,713,894,793
39,632,720,730,786
39,574,725,633,776
39,480,723,539,768
39,226,781,289,844
39,273,817,368,886
39,294,863,459,999
40,1210,702,1571,859
40,761,713,894,793
40,632,720,729,786
40,574,725,633,776
40,480,724,539,768
40,226,781,289,844
40,273,817,368,887
40,295,864,459,999
41,1210,702,1571,859
41,761,713,894,793
41,632,720,729,786
41,574,725,633,776
41,480,724,539,768
41,227,781,289,844
41,273,816,368,888
41,295,864,459,999
42,1210,702,1571,859
42,761,713,894,793
42,632,720,729,786
42,573,725,633,776
42,480,723,539,768
42,227,781,289,844
42,273,816,368,887
42,295,863,459,999
43,1211,702,1571,859
43,761,713,894,793
43,632,720,729,786
43,573,724,633,776
43,480,724,539,768
43,226,781,289,844
43,273,816,368,886
43,295,863,459,999
44,1211,702,1571,859
44,761,713,893,793
44,632,720,729,786
44,573,724,633,776
44,480,724,539,768
44,226,781,289,844
44,273,817,368,886
44,295,864,459,999
45,1211,702,1571,859
45,761,713,893,793
45,632,720,730,786
45,574,724,633,776
45,480,724,539,768
45,226,781,289,844
45,273,817,368,886
45,295,864,459,999
46,1211,702,1571,859
46,761,713,893,793
46,632,720,729,786
46,574,725,633,776
46,480,724,539,768
46,226,781,289,844
46,273,817,368,886
46,295,864,459,999
47,1211,702,1571,859
47,761,713,893,793
47,632,720,729,786
47,573,725,633,776
47,480,724,539,768
47,226,781,290,844
47,273,817,368,887
47,294,864,459,999
48,1210,702,1571,859
48,761,713,893,793
48,632,720,729,785
48,574,724,633,776
48,480,724,539,768
48,226,781,289,844
48,295,864,459,999
48,273,817,368,888
49,1210,702,1571,859
49,761,713,893,793
49,632,720,729,785
49,574,724,633,776
49,480,724,538,768
49,226,781,288,844
49,295,864,460,999
49,273,817,368,888
50,1210,702,1571,859
50,761,713,893,793
50,632,720,729,785
50,574,724,633,776
50,480,724,538,768
50,226,781,288,844
50,294,864,460,999
50,273,817,368,889
51,1211,702,1571,859
51,761,713,893,793
51,632,720,729,785
51,574,724,633,776
51,480,724,538,768
51,226,781,289,844
51,294,864,460,999
51,273,817,368,889
52,1211,702,1571,859
52,761,713,892,793
52,632,720,730,785
52,574,724,633,776
52,480,724,538,768
52,226,781,289,844
52,294,864,460,999
52,273,817,368,889
53,1211,702,1571,859
53,761,713,892,793
53,632,720,730,785
53,574,724,633,776
53,480,724,538,768
53,294,864,460,999
53,226,781,289,844
53,273,817,368,889
54,1210,702,1571,859
54,761,713,892,793
54,632,720,730,785
54,574,724,633,776
54,480,724,538,768
54,226,781,289,844
54,294,864,460,999
54,273,817,368,889
55,1210,702,1571,859
55,761,713,892,793
55,632,720,729,785
55,574,724,633,776
55,480,724,538,768
55,226,781,289,844
55,295,864,460,999
55,273,817,368,890
56,1210,702,1571,858
56,761,713,892,793
56,632,720,729,785
56,574,724,633,776
56,480,724,538,768
56,295,864,460,999
56,226,781,289,844
56,273,817,368,889
57,1210,702,1571,859
57,761,713,893,793
57,632,720,729,785
57,574,724,633,776
57,480,724,538,768
57,295,864,460,999
57,226,781,289,844
57,273,817,368,890
58,1210,702,1571,859
58,761,713,892,793
58,632,720,729,785
58,574,724,633,776
58,480,724,538,768
58,294,864,460,999
58,226,781,289,844
58,273,817,368,890
59,1210,702,1571,858
59,761,713,893,793
59,632,720,729,785
59,574,724,633,776
59,480,724,539,768
59,295,864,460,999
59,226,781,289,844
59,273,817,369,891
60,1210,702,1573,861
60,761,713,892,793
60,632,720,729,785
60,574,724,633,776
60,480,724,538,768
60,295,864,459,999
60,226,781,290,844
60,273,817,369,891
61,1210,702,1573,861
61,761,713,892,793
61,632,720,729,785
61,574,724,633,776
61,480,724,538,768
61,295,864,459,999
61,273,817,369,890
61,226,781,289,844
62,1210,702,1573,861
62,761,713,892,793
62,632,720,729,785
62,574,724,633,776
62,480,724,538,768
62,295,864,459,999
62,274,817,369,890
62,226,781,290,844
63,1210,702,1573,861
63,761,713,892,793
63,632,720,729,785
63,574,724,633,776
63,480,725,538,768
63,295,864,459,999
63,274,817,370,890
63,226,781,289,844
64,1210,702,1573,861
64,761,713,892,793
64,632,720,730,785
64,574,724,633,776
64,480,725,538,768
64,294,864,459,999
64,274,817,369,889
64,226,781,288,844
65,1210,702,1573,861
65,761,713,893,793
65,632,720,730,785
65,574,724,633,776
65,480,724,538,768
65,295,863,459,999
65,274,817,370,888
65,227,781,288,844
66,1210,702,1573,861
66,761,713,893,793
66,632,720,730,785
66,574,724,633,776
66,480,724,538,768
66,295,863,459,999
66,274,817,370,889
66,227,782,288,844
67,1210,702,1573,861
67,761,713,893,793
67,632,720,730,785
67,574,724,633,776
67,480,724,538,768
67,294,863,459,999
67,274,817,370,889
67,227,781,288,844
68,1210,702,1573,861
68,761,713,892,793
68,632,720,730,785
68,574,724,633,776
68,480,724,538,768
68,294,864,459,999
68,274,817,370,888
68,227,781,288,844
69,1210,702,1573,861
69,761,713,892,793
69,632,720,730,785
69,574,724,633,776
69,480,724,538,768
69,294,863,459,999
69,274,817,370,887
69,226,781,288,844
70,1210,702,1573,861
70,761,713,893,793
70,632,720,730,785
70,574,724,633,776
70,480,724,538,768
70,294,863,460,999
70,274,817,370,888
70,227,781,288,844
71,1210,702,1573,861
71,761,713,893,793
71,632,720,730,785
71,574,724,633,776
71,480,724,538,768
71,294,863,459,999
71,274,817,370,889
71,227,781,289,844
72,1210,702,1571,859
72,761,713,892,793
72,632,720,730,786
72,574,724,633,776
72,480,724,538,768
72,293,862,460,999
72,274,817,370,888
72,226,781,289,844
73,1210,702,1571,859
73,761,713,892,793
73,632,720,730,786
73,574,724,633,776
73,480,724,538,768
73,286,856,458,999
73,226,781,290,844
73,274,817,370,887
74,1210,702,1571,859
74,761,713,892,793
74,632,720,730,786
74,574,724,633,776
74,480,724,538,768
74,287,857,458,999
74,274,817,371,887
74,226,781,289,844
74,324,768,381,807
75,1211,703,1570,859
75,761,713,893,794
75,632,719,729,785
75,574,724,633,775
75,479,725,539,768
75,294,862,460,999
75,273,818,372,886
75,226,780,291,845
76,1211,703,1570,859
76,761,713,893,793
76,632,719,729,785
76,574,724,633,775
76,479,725,539,768
76,294,861,460,999
76,273,818,371,885
76,226,780,291,844
77,1211,703,1570,859
77,761,713,893,794
77,632,719,729,785
77,574,724,633,775
77,479,725,539,768
77,293,862,459,999
77,273,818,371,885
77,226,780,291,844
78,1211,703,1570,859
78,761,713,892,794
78,632,720,729,785
78,331,770,389,812
78,574,724,633,775
78,479,725,539,768
78,293,862,459,999
78,273,818,373,886
78,226,780,292,844
79,1211,703,1570,859
79,761,713,892,794
79,632,720,729,785
79,574,724,633,775
79,479,724,539,767
79,332,770,390,812
79,293,861,459,999
79,273,818,373,886
79,226,780,292,844
80,1211,703,1570,858
80,761,713,892,793
80,632,719,729,785
80,332,769,394,813
80,573,724,634,775
80,479,724,539,768
80,292,861,459,999
80,226,780,292,845
80,273,818,373,886
81,1211,703,1570,858
81,761,713,892,793
81,632,719,729,785
81,333,771,397,814
81,573,724,633,775
81,479,724,539,768
81,292,861,459,999
81,226,780,292,845
81,273,818,373,887
82,1211,703,1570,858
82,761,713,892,793
82,632,719,729,785
82,335,771,400,814
82,573,724,634,775
82,479,724,539,768
82,293,862,459,999
82,225,780,291,845
82,273,819,374,888
83,1211,703,1570,858
83,761,713,892,793
83,632,719,729,785
83,337,772,405,816
83,573,724,634,775
83,479,724,539,768
83,291,862,459,999
83,225,780,291,845
83,273,817,371,887
84,1211,703,1570,858
84,761,715,897,795
84,631,719,728,785
84,337,772,408,817
84,574,724,633,776
84,479,725,539,768
84,293,863,459,1000
84,224,780,291,845
84,273,816,371,889
85,1211,703,1570,858
85,761,715,898,795
85,634,720,727,783
85,338,770,414,819
85,574,724,632,776
85,479,725,539,768
85,292,863,459,1000
85,224,780,290,845
85,272,817,369,880
86,1211,703,1570,858
86,761,715,898,795
86,634,720,727,783
86,341,770,421,819
86,574,724,632,776
86,479,725,539,768
86,293,863,459,1000
86,224,780,291,845
86,273,816,369,891
87,1211,703,1570,858
87,761,715,898,795
87,634,720,727,783
87,342,769,420,820
87,574,724,632,776
87,479,725,539,768
87,293,863,459,1000
87,224,780,291,844
87,273,814,370,890
88,1211,703,1570,858
88,761,715,898,795
88,634,720,727,783
88,341,770,423,820
88,574,724,632,776
88,293,863,459,1000
88,479,725,539,768
88,224,780,291,844
88,273,814,370,890
89,1211,703,1570,858
89,760,713,894,793
89,633,720,727,783
89,344,771,428,822
89,574,724,632,776
89,293,863,459,1000
89,479,725,539,768
89,224,780,291,844
89,273,814,368,890
90,1211,703,1570,858
90,761,715,898,795
90,634,720,727,783
90,357,772,431,822
90,574,724,633,776
90,291,862,459,1000
90,479,725,539,768
90,224,780,291,845
90,273,814,370,890
91,1211,703,1570,858
91,761,715,898,795
91,634,720,728,783
91,354,770,438,823
91,574,724,633,776
91,291,863,459,1000
91,479,725,539,768
91,224,780,291,845
91,273,813,372,890
92,1211,703,1570,858
92,761,715,898,795
92,634,720,728,783
92,359,771,441,827
92,574,724,633,776
92,292,864,459,1000
92,479,725,539,768
92,224,780,291,845
92,273,814,372,892
93,1211,703,1570,858
93,760,713,894,793
93,634,720,728,783
93,366,773,448,828
93,574,724,633,776
93,292,866,459,1000
93,224,780,291,845
93,479,726,539,768
93,272,814,373,893
94,1211,703,1570,858
94,761,715,898,795
94,634,720,728,783
94,369,773,453,830
94,574,724,633,776
94,293,865,459,1000
94,224,780,291,845
94,479,725,539,768
94,272,815,371,893
95,1211,703,1570,858
95,761,715,898,795
95,634,720,728,783
95,372,770,454,830
95,574,724,633,776
95,294,864,459,1000
95,224,780,291,845
95,482,722,538,767
95,273,817,369,892
96,1211,703,1570,858
96,760,713,893,793
96,634,720,727,783
96,371,773,458,833
96,294,864,459,1000
96,574,724,633,776
96,483,722,539,767
96,224,780,291,845
96,272,817,370,894
97,1211,703,1570,858
97,761,715,897,795
97,634,720,727,783
97,378,774,462,834
97,574,724,633,776
97,294,864,459,1000
97,225,780,291,845
97,479,725,538,768
97,272,816,371,895
97,325,769,463,837
98,1211,703,1570,858
98,760,713,893,793
98,634,720,727,783
98,384,776,472,837
98,293,863,458,1000
98,574,724,633,776
98,479,724,538,768
98,224,780,291,845
98,272,817,369,894
99,1211,703,1570,858
99,761,715,897,795
99,634,720,727,783
99,383,776,481,841
99,293,864,459,1000
99,574,724,632,776
99,224,780,291,845
99,480,725,537,768
99,272,816,369,896
100,1211,703,1570,858
100,761,715,897,795
100,634,720,727,783
100,388,778,489,843
100,293,864,459,1001
100,574,724,633,776
100,224,780,291,845
100,483,722,537,766
100,272,817,369,895
101,1211,703,1570,858
101,761,715,897,795
101,396,779,492,847
101,634,720,727,783
101,293,864,459,1000
101,573,724,633,776
101,480,723,538,767
101,224,780,291,845
101,271,816,370,895
101,336,769,493,847
102,1211,703,1570,858
102,761,715,897,795
102,631,719,728,785
102,400,780,503,848
102,293,863,459,1000
102,573,724,633,776
102,480,722,538,766
102,224,780,291,845
102,272,817,370,895
103,1211,703,1570,858
103,761,715,897,795
103,404,779,507,851
103,631,719,728,785
103,288,865,457,1003
103,573,724,633,776
103,225,780,291,845
103,272,817,370,895
103,479,723,538,764
104,1211,703,1570,858
104,410,782,513,855
104,761,715,897,795
104,631,719,728,785
104,288,865,458,1002
104,573,724,633,776
104,225,780,291,845
104,479,722,537,764
104,272,817,370,895
105,1211,703,1570,858
105,415,781,522,857
105,761,715,897,795
105,631,719,728,785
105,287,863,459,1003
105,574,724,632,776
105,224,780,291,845
105,272,817,371,896
105,478,721,536,764
106,1211,703,1570,858
106,420,784,530,861
106,761,715,897,795
106,631,719,728,785
106,289,864,459,1002
106,574,724,633,776
106,224,780,291,845
106,272,817,370,896
106,480,722,536,765
107,1211,703,1570,858
107,426,786,539,864
107,761,715,897,795
107,631,719,728,785
107,289,864,460,1001
107,574,724,633,775
107,224,780,291,845
107,272,817,369,896
107,478,720,537,766
108,1211,703,1570,858
108,430,788,551,866
108,761,715,897,795
108,632,720,728,785
108,290,864,460,1001
108,575,724,633,775
108,224,780,291,845
108,271,817,369,896
108,477,720,538,765
109,438,787,558,872
109,1211,703,1570,858
109,761,715,897,795
109,632,720,728,785
109,290,865,459,1001
109,574,722,637,774
109,224,780,291,845
109,478,721,538,767
109,271,817,369,897
110,1211,703,1570,858
110,445,790,570,878
110,761,715,897,795
110,632,720,728,785
110,289,864,458,1000
110,575,722,637,774
110,224,780,291,845
110,478,721,538,768
110,271,816,369,897
111,449,788,582,881
111,1211,703,1570,858
111,761,715,897,795
111,631,720,729,784
111,290,865,458,1001
111,574,723,636,775
111,224,780,291,845
111,478,723,539,769
111,271,816,369,898
112,1211,703,1570,858
112,461,791,593,885
112,761,715,897,795
112,632,719,728,785
112,288,865,458,1000
112,575,723,635,776
112,224,780,291,845
112,478,721,539,768
112,271,816,368,898
113,469,794,606,892
113,1211,703,1570,858
113,761,715,897,795
113,632,720,729,784
113,289,865,459,1001
113,572,724,636,777
113,224,780,291,845
113,478,723,538,768
113,271,816,368,898
114,477,797,623,896
114,1211,703,1570,858
114,761,715,896,795
114,632,720,729,784
114,295,865,459,1000
114,575,724,634,775
114,479,725,538,769
114,224,780,291,845
114,271,817,369,898
115,486,794,636,901
115,1212,702,1570,859
115,761,714,895,795
115,633,719,730,785
115,573,725,634,776
115,296,865,459,1000
115,481,727,537,769
115,227,781,292,844
115,271,818,373,902
116,1212,702,1570,859
116,496,795,652,907
116,761,714,895,795
116,632,719,730,785
116,572,726,634,775
116,295,865,459,1000
116,480,726,537,769
116,227,781,291,844
116,271,818,372,902
117,505,800,669,913
117,1212,702,1570,859
117,761,714,895,795
117,631,719,730,785
117,573,726,635,776
117,480,727,537,769
117,227,781,291,844
117,295,865,459,999
117,271,818,372,902
118,1212,702,1570,859
118,761,714,895,795
118,515,799,688,921
118,630,719,730,785
118,573,727,635,776
118,480,726,537,768
118,227,781,292,844
118,296,865,459,999
118,271,818,373,902
119,1212,702,1570,859
119,761,714,895,795
119,529,805,707,926
119,631,719,730,785
119,574,727,635,776
119,480,727,537,767
119,227,781,291,844
119,295,865,459,999
119,271,819,373,902
120,1213,702,1570,859
120,761,714,894,795
120,543,807,729,933
120,633,720,728,782
120,573,726,635,776
120,480,727,538,767
120,227,780,293,844
120,294,866,459,998
121,1213,702,1570,859
121,761,714,894,795
121,556,810,753,941
121,633,721,726,783
121,573,726,635,778
121,480,727,538,767
121,294,866,459,999
121,228,780,293,844
121,271,819,373,902
122,1213,702,1570,859
122,574,811,777,950
122,761,714,894,795
122,633,720,730,785
122,573,726,635,777
122,480,727,539,768
122,294,865,459,999
122,228,780,293,844
122,271,819,373,902
123,1213,702,1570,859
123,761,715,894,795
123,587,815,808,961
123,635,721,725,783
123,573,727,634,776
123,480,727,539,768
123,295,866,459,998
123,228,780,293,844
123,271,819,372,902
124,1213,702,1570,859
124,607,815,840,972
124,762,715,894,795
124,634,721,725,783
124,573,727,634,776
124,480,727,539,768
124,295,866,458,999
124,228,780,293,844
124,272,819,372,902
125,1213,702,1570,859
125,626,819,870,985
125,762,714,894,795
125,635,721,726,783
125,573,727,633,776
125,480,727,538,768
125,295,865,458,999
125,228,780,293,844
125,272,819,372,902
126,1213,702,1570,859
126,649,821,908,1001
126,761,714,894,794
126,634,721,727,783
126,573,727,633,776
126,480,727,538,768
126,295,865,458,999
126,228,780,293,844
126,271,819,372,902
127,1213,702,1570,859
127,674,826,954,1012
127,761,714,895,794
127,633,721,728,783
127,573,727,633,776
127,480,727,538,768
127,228,780,293,845
127,294,866,458,999
127,271,819,372,902
128,1212,702,1570,859
128,699,829,1002,1037
128,761,714,895,795
128,630,719,731,785
128,573,727,633,776
128,480,727,538,768
128,228,780,293,845
128,271,819,372,902
128,295,866,458,999
129,1213,702,1570,859
129,723,831,1060,1053
129,761,714,895,795
129,630,719,730,785
129,573,726,633,776
129,480,726,538,768
129,228,780,293,844
129,295,866,458,999
129,272,819,372,902
130,1213,702,1570,860
130,756,841,1122,1070
130,761,715,896,796
130,630,719,730,785
130,573,725,633,776
130,480,726,539,768
130,295,866,458,999
130,228,780,293,844
130,272,819,372,902
131,1213,702,1570,860
131,796,842,1193,1099
131,760,714,891,794
131,630,719,730,785
131,573,726,633,776
131,480,727,539,767
131,295,866,458,999
131,227,780,293,844
131,271,819,372,902
132,1212,702,1570,859
132,831,847,1274,1128
132,761,715,897,795
132,632,719,731,785
132,574,722,641,774
132,225,780,291,844
132,479,726,540,768
132,293,866,460,1000
132,271,818,373,900
133,1212,702,1570,859
133,879,860,1375,1167
133,761,715,897,795
133,632,719,731,785
133,574,722,641,774
133,225,780,291,844
133,479,725,539,768
133,293,866,460,1000
133,271,818,373,900
134,935,871,1490,1204
134,1212,702,1570,859
134,761,715,898,795
134,632,719,731,785
134,574,722,641,774
134,479,724,540,768
134,225,780,291,844
134,293,866,460,1000
134,271,818,373,900
135,996,882,1626,1254
135,1211,702,1571,858
135,761,715,897,795
135,632,719,730,785
135,573,722,641,775
135,479,725,540,768
135,225,780,291,844
135,294,866,460,1000
135,271,818,373,900
136,1069,893,1795,1313
136,1209,700,1571,861
136,761,715,897,795
136,632,719,730,785
136,574,722,641,774
136,294,866,460,1000
136,479,725,540,768
136,225,780,291,844
136,271,818,373,900
137,1155,903,2002,1386
137,1212,702,1570,859
137,761,715,897,795
137,632,719,730,785
137,574,725,634,776
137,479,725,539,768
137,294,866,460,1000
137,225,780,291,844
137,271,818,373,900
138,1262,926,2263,1477
138,1212,702,1571,859
138,761,715,897,795
138,632,719,730,785
138,574,725,634,776
138,478,725,539,768
138,225,780,292,844
138,294,866,460,1000
138,271,818,373,900
139,1391,955,2558,1600
139,1212,702,1570,859
139,761,715,897,795
139,632,719,730,785
139,574,725,634,776
139,479,725,539,768
139,294,866,460,1000
139,225,780,292,844
139,271,818,373,900
140,1545,981,2560,1769
140,1212,702,1570,859
140,761,715,897,795
140,632,719,730,785
140,294,866,460,1000
140,574,725,634,776
140,479,726,538,768
140,225,780,291,844
140,271,818,374,900
141,1749,1012,2559,1715
141,1212,702,1570,859
141,761,715,897,795
141,632,719,730,785
141,294,866,460,1000
141,574,725,634,776
141,479,725,539,768
141,225,780,291,844
141,271,818,374,900
142,2011,1100,2558,1728
142,1211,702,1571,859
142,760,716,896,795
142,632,720,730,785
142,480,724,539,767
142,574,724,633,776
142,226,780,290,845
142,296,864,460,1000
142,271,819,374,900
143,1212,702,1571,859
143,760,715,896,795
143,632,720,730,785
143,2366,1235,2558,1700
143,480,724,539,767
143,574,724,633,776
143,226,780,289,845
143,296,864,460,1000
143,270,819,374,900
144,1212,703,1571,859
144,761,714,891,794
144,634,720,728,784
144,480,725,539,767
144,575,724,633,776
144,227,780,290,845
144,271,819,373,900
144,297,864,461,1000
145,1212,703,1571,859
145,761,714,891,794
145,634,720,728,784
145,480,724,539,767
145,575,724,633,776
145,227,780,290,845
145,270,819,373,900
145,297,864,461,1000
146,1212,703,1571,859
146,761,714,891,794
146,634,720,728,784
146,480,724,539,767
146,575,724,633,776
146,227,780,290,845
146,270,819,373,900
146,297,864,460,1000
147,1212,703,1571,859
147,761,714,891,794
147,634,720,728,784
147,480,725,539,767
147,575,724,633,776
147,227,780,290,845
147,270,819,373,900
147,297,864,460,1000
148,1212,703,1571,859
148,761,714,891,794
148,632,719,728,785
148,480,725,539,767
148,575,724,633,776
148,227,781,290,845
148,270,819,373,900
148,297,864,460,1000
149,1212,703,1571,859
149,761,714,891,794
149,634,720,728,784
149,480,725,540,767
149,575,724,634,776
149,227,781,290,845
149,270,819,373,900
149,297,864,460,1000
150,1212,703,1571,859
150,761,714,891,794
150,634,720,728,784
150,480,725,540,767
150,575,724,634,777
150,227,781,290,845
150,271,817,368,893
150,297,864,461,1000
151,1212,703,1571,859
151,762,714,891,794
151,631,719,730,784
151,480,725,539,767
151,574,724,634,777
151,227,781,290,845
151,272,817,368,892
151,297,864,461,1000
152,1212,703,1571,859
152,762,714,891,794
152,631,719,730,784
152,480,724,540,767
152,575,724,634,776
152,227,781,290,845
152,271,817,368,892
152,297,863,461,1000
153,1212,703,1571,859
153,762,714,891,794
153,631,719,730,784
153,480,725,539,767
153,575,724,633,776
153,227,781,290,845
153,271,817,368,892
153,297,864,461,1000
154,1212,703,1571,859
154,762,714,891,794
154,631,719,730,784
154,480,725,539,767
154,575,724,633,776
154,227,781,290,845
154,271,817,368,892
154,297,864,461,1000
155,1211,703,1571,859
155,761,714,891,794
155,631,719,730,784
155,480,724,539,767
155,575,724,633,776
155,227,781,290,845
155,272,817,368,893
155,297,864,461,1000
156,1212,703,1571,859
156,761,714,892,794
156,631,719,730,784
156,479,723,539,767
156,575,724,633,776
156,227,781,290,845
156,271,819,373,900
157,1212,703,1571,859
157,761,714,892,794
157,631,719,730,784
157,479,723,541,767
157,575,724,633,776
157,227,781,290,845
157,271,819,373,900
158,1212,703,1571,859
158,761,714,892,794
158,631,719,730,784
158,479,723,539,767
158,574,724,633,776
158,227,781,290,845
158,271,819,373,900
159,1212,703,1571,859
159,761,714,892,794
159,631,719,730,784
159,479,723,539,767
159,574,724,633,776
159,227,781,290,845
159,271,819,373,900
160,1212,703,1571,859
160,761,714,892,794
160,631,719,730,784
160,479,724,539,767
160,574,724,633,776
160,227,781,290,845
160,271,819,373,900
161,1212,703,1571,859
161,761,714,892,794
161,631,719,730,784
161,480,723,538,767
161,574,724,633,776
161,227,781,290,845
161,271,819,373,900
162,1212,703,1571,859
162,761,714,892,794
162,631,719,729,784
162,480,724,538,768
162,574,724,633,776
162,227,781,290,845
162,271,819,373,901
162,297,864,461,1000
163,1212,703,1571,859
163,761,714,891,794
163,631,719,729,784
163,481,725,538,768
163,574,724,633,776
163,227,781,290,845
163,297,864,461,1000
163,271,819,373,901
164,1212,703,1571,859
164,761,714,892,794
164,631,719,729,784
164,481,725,538,768
164,574,724,633,776
164,227,781,290,845
164,271,819,373,901
164,297,864,461,1000
165,1212,703,1571,859
165,761,714,892,794
165,631,719,729,784
165,574,724,633,776
165,483,725,538,767
165,227,781,290,845
165,271,819,373,901
165,297,863,461,1000
166,1212,703,1571,859
166,761,714,892,794
166,631,719,729,784
166,574,724,633,776
166,482,725,538,767
166,227,781,290,845
166,297,863,461,1000
166,271,819,373,901
167,1212,703,1571,859
167,761,714,892,794
167,631,719,729,784
167,482,725,538,767
167,574,724,633,776
167,227,781,290,845
167,271,819,373,901
167,297,863,461,1000
168,1212,703,1571,859
168,761,714,891,794
168,632,719,730,784
168,481,724,538,767
168,574,724,633,776
168,226,780,290,845
168,297,864,461,1000
168,271,818,373,901
169,1212,703,1571,859
169,761,714,891,794
169,632,719,730,784
169,574,724,633,776
169,482,725,538,767
169,227,780,290,845
169,297,864,461,1000
169,271,818,373,901
170,1212,703,1571,859
170,762,714,891,794
170,632,719,730,784
170,574,724,633,776
170,482,725,538,767
170,227,780,290,845
170,298,864,461,1000
170,271,818,373,901
171,1212,703,1571,859
171,761,714,891,794
171,632,719,730,784
171,574,724,633,776
171,483,725,538,767
171,227,780,290,845
171,297,864,461,1000
171,271,818,373,901
172,1212,703,1571,859
172,761,714,891,794
172,632,719,730,784
172,574,724,633,776
172,482,725,538,767
172,227,780,290,845
172,297,864,461,1000
172,271,819,373,901
173,1212,703,1571,859
173,761,714,891,794
173,632,719,730,784
173,482,725,538,767
173,574,724,633,776
173,227,781,290,845
173,297,864,461,1000
173,271,819,373,900
174,1212,703,1571,859
174,761,714,891,794
174,632,719,730,784
174,574,724,633,776
174,483,725,538,767
174,227,781,290,845
174,297,863,461,1000
174,271,819,373,900
175,1212,703,1571,859
175,761,714,891,794
175,632,719,730,784
175,482,725,538,767
175,574,724,633,776
175,227,781,289,845
175,271,818,373,900
175,297,863,461,1000
176,1212,703,1571,859
176,761,714,891,794
176,632,719,730,784
176,2246,831,2558,1289
176,481,725,538,767
176,574,724,633,776
176,227,781,289,845
176,271,818,373,900
176,297,863,461,1000
177,1212,703,1571,859
177,761,715,895,795
177,632,719,730,785
177,1985,697,2558,1224
177,483,725,538,767
177,573,723,633,776
177,226,780,293,845
177,294,863,461,999
177,272,816,368,890
178,1211,703,1570,859
178,761,715,896,795
178,632,719,730,785
178,573,724,633,776
178,482,724,538,767
178,226,780,292,845
178,294,863,460,999
178,272,816,368,890
179,1211,703,1571,859
179,761,715,896,795
179,632,719,730,785
179,482,724,538,767
179,574,724,633,776
179,226,780,292,845
179,391,731,449,763
179,293,863,460,999
179,272,816,368,890
180,1213,702,1569,859
180,761,715,898,795
180,632,719,730,785
180,574,724,633,775
180,481,726,538,768
180,227,780,293,846
180,293,864,460,999
180,271,816,368,891
180,390,732,448,763
181,761,715,899,795
181,632,719,729,785
181,1210,703,1561,853
181,574,724,633,776
181,481,726,539,768
181,227,780,293,846
181,293,864,460,998
181,272,816,368,891
182,761,715,898,795
182,633,719,729,785
182,1209,701,1503,848
182,574,724,633,775
182,481,726,539,768
182,227,780,293,846
182,293,863,460,998
182,272,816,368,890
183,761,715,899,795
183,633,719,729,785
183,574,724,633,775
183,480,726,539,768
183,227,780,293,846
183,292,863,460,998
183,272,816,368,890
184,761,715,898,795
184,633,719,729,785
184,574,724,633,775
184,480,726,539,768
184,227,780,293,846
184,376,736,428,767
184,292,863,460,998
184,272,816,368,889
185,761,715,897,795
185,633,719,729,785
185,574,724,633,775
185,480,726,539,768
185,227,780,293,846
185,1030,701,1642,1026
185,293,863,460,998
185,272,816,368,890
185,376,736,429,766
186,761,715,896,795
186,633,719,730,785
186,982,710,1554,1009
186,574,724,633,776
186,480,726,539,768
186,227,780,293,846
186,293,863,460,998
186,272,816,368,889
186,372,737,425,767
187,761,714,891,793
187,632,719,729,785
187,1274,700,1570,839
187,480,726,538,767
187,574,724,633,776
187,296,864,459,998
187,226,780,291,845
187,937,716,1237,946
187,272,817,366,891
187,937,732,1430,983
188,1273,704,1571,859
188,760,715,892,795
188,632,719,729,785
188,480,726,538,768
188,574,724,633,776
188,894,719,1339,965
188,296,864,459,998
188,226,780,291,845
188,272,817,366,891
189,1238,704,1570,858
189,760,715,897,794
189,632,719,729,785
189,480,726,538,768
189,863,729,1269,949
189,574,724,633,776
189,296,865,459,998
189,226,780,291,845
189,272,817,367,892
189,374,735,426,771
190,1212,704,1570,857
190,760,715,879,793
190,632,719,729,785
190,828,721,1202,942
190,480,727,538,768
190,574,725,633,776
190,296,865,459,998
190,227,780,291,845
190,272,817,366,892
191,1214,704,1570,858
191,632,719,729,785
191,794,721,1142,924
191,760,715,868,796
191,480,727,538,768
191,574,725,632,776
191,295,865,460,998
191,227,780,291,845
191,365,736,427,771
191,272,817,366,892
192,1215,703,1571,858
192,633,719,729,784
192,479,727,539,767
192,762,714,868,800
192,574,724,632,776
192,768,720,1093,916
192,295,864,459,999
192,272,818,366,892
192,227,780,291,846
193,1214,703,1571,858
193,634,720,726,783
193,479,727,539,767
193,574,724,632,776
193,295,864,460,999
193,746,723,1045,909
193,272,818,365,892
193,227,780,291,846
194,1213,703,1571,858
194,634,720,726,783
194,479,727,539,767
194,727,722,1005,896
194,574,725,632,775
194,295,864,460,999
194,272,818,366,892
194,227,780,291,846
195,1213,703,1571,858
195,633,720,729,784
195,479,727,539,768
195,574,725,631,775
195,705,737,969,891
195,295,864,460,999
195,272,818,365,892
195,227,780,291,846
196,1213,703,1571,858
196,685,721,933,883
196,633,720,720,784
196,479,727,539,767
196,574,725,632,775
196,295,864,460,999
196,272,818,366,892
196,227,780,291,846
197,1211,703,1571,859
197,668,715,904,876
197,634,721,714,785
197,480,727,538,768
197,574,725,633,776
197,295,864,460,999
197,225,781,291,846
197,271,817,366,894
198,1211,703,1571,859
198,480,727,538,768
198,574,724,632,776
198,295,864,460,999
198,634,721,713,785
198,651,720,879,873
198,225,781,291,846
198,271,817,366,894
199,1211,703,1571,859
199,480,726,538,768
199,781,715,896,790
199,575,725,632,778
199,650,747,846,864
199,295,864,460,999
199,226,781,291,846
199,271,817,366,894
200,1211,703,1571,859
200,791,717,894,790
200,480,726,539,767
200,622,724,825,860
200,574,726,634,779
200,295,864,460,999
200,225,781,291,846
200,271,817,366,893
201,1211,703,1571,859
201,791,716,894,790
201,480,727,539,767
201,573,723,629,780
201,610,723,803,850
201,295,864,460,999
201,225,781,291,846
201,271,817,366,893
202,1211,703,1571,859
202,788,716,894,791
202,480,727,539,767
202,295,864,460,999
202,577,722,628,779
202,225,781,291,846
202,597,728,782,847
202,271,817,366,893
203,1212,703,1571,859
203,760,715,897,794
203,584,727,763,846
203,480,726,538,767
203,295,864,460,999
203,225,781,292,846
203,271,817,366,893
204,1211,703,1571,859
204,760,715,901,795
204,572,721,744,843
204,479,726,539,767
204,296,864,460,999
204,225,781,293,846
204,271,817,367,894
205,1211,703,1571,859
205,761,715,900,794
205,479,726,539,767
205,562,717,727,841
205,296,864,460,999
205,225,781,293,846
205,271,817,367,894
206,1211,703,1571,859
206,761,715,899,795
206,554,721,716,839
206,479,727,539,768
206,296,864,460,999
206,225,781,293,846
206,271,817,367,894
207,1211,703,1571,859
207,762,715,899,795
207,546,728,701,833
207,480,728,540,769
207,2414,1008,2559,1337
207,296,864,460,999
207,225,781,293,846
207,652,718,729,776
207,271,817,367,893
208,1211,703,1571,859
208,762,715,899,795
208,538,731,679,830
208,2287,959,2558,1296
208,480,728,541,769
208,633,719,729,781
208,296,864,460,999
208,225,781,293,846
208,271,817,367,894
209,1211,702,1572,859
209,2174,910,2558,1297
209,762,714,896,795
209,530,728,668,828
209,632,719,729,783
209,481,728,539,772
209,297,865,460,999
209,227,781,293,844
209,270,817,366,895
210,2066,850,2558,1303
210,1211,702,1572,859
210,762,714,896,795
210,521,731,659,826
210,638,719,731,784
210,481,725,534,770
210,297,865,460,999
210,226,781,293,844
210,270,817,366,895
211,1974,859,2559,1355
211,1211,702,1572,859
211,762,714,896,795
211,513,732,649,826
211,627,721,727,787
211,297,865,460,999
211,226,781,293,844
211,270,817,367,895
211,480,724,530,770
212,1884,817,2559,1306
212,1211,703,1572,859
212,762,715,896,795
212,506,732,634,821
212,623,721,727,784
212,297,865,460,999
212,226,781,293,844
212,270,817,367,895
213,1798,800,2560,1256
213,1211,703,1572,859
213,500,733,623,818
213,761,715,896,795
213,625,719,730,784
213,297,865,460,999
213,226,781,292,844
213,270,817,367,895
213,484,730,520,766
214,1722,787,2559,1213
214,1211,703,1572,859
214,761,715,897,795
214,494,734,611,818
214,627,719,730,784
214,297,865,460,999
214,226,781,292,844
214,270,817,368,895
215,1651,778,2452,1178
215,1211,702,1572,859
215,762,715,897,795
215,628,719,730,785
215,487,731,604,815
215,297,864,460,999
215,226,781,292,843
215,269,819,372,899
216,1580,775,2323,1147
216,1210,702,1571,860
216,761,715,895,795
216,479,733,592,814
216,633,720,730,784
216,576,724,643,788
216,228,782,292,843
216,297,864,460,999
216,271,817,366,890
217,1520,778,2204,1117
217,1210,702,1572,860
217,761,714,895,795
217,632,720,730,784
217,473,736,586,812
217,573,727,633,779
217,227,782,292,843
217,297,865,460,999
217,271,817,366,890
218,1461,786,2095,1096
218,1210,701,1569,859
218,761,714,895,795
218,634,720,729,784
218,468,736,575,812
218,572,725,633,780
218,297,864,460,999
218,227,782,292,843
218,271,817,366,891
219,1414,782,2002,1071
219,1211,701,1571,860
219,760,713,893,793
219,630,719,728,785
219,464,737,571,811
219,573,725,633,779
219,296,866,460,999
219,226,780,290,843
219,271,818,368,897
220,1367,773,1912,1055
220,760,713,893,793
220,1211,702,1569,856
220,630,719,729,785
220,458,733,561,808
220,296,866,460,999
220,572,723,639,777
220,226,780,290,843
220,455,738,524,807
220,271,818,368,897
221,1321,764,1827,1034
221,760,713,893,793
221,1211,703,1560,852
221,630,719,729,785
221,572,723,639,777
221,450,733,547,806
221,296,865,460,999
221,452,753,544,807
221,227,780,290,843
221,270,819,372,900
222,1275,764,1750,1018
222,760,713,893,793
222,1213,704,1531,854
222,630,719,729,785
222,447,738,542,806
222,573,725,639,776
222,296,865,460,999
222,226,780,291,843
222,270,819,371,900
223,1235,761,1685,1002
223,760,713,893,793
223,1212,704,1544,851
223,631,719,728,785
223,443,736,540,804
223,574,725,638,775
223,296,865,460,999
223,227,780,291,843
223,270,819,372,900
224,761,715,897,795
224,1193,773,1613,986
224,631,719,728,785
224,440,735,533,803
224,573,724,639,775
224,296,865,460,999
224,227,780,291,843
224,270,819,372,900
224,452,730,537,791
225,762,715,897,795
225,1154,699,1567,977
225,631,719,728,785
225,437,733,523,799
225,573,726,633,776
225,295,865,460,999
225,226,780,291,843
225,270,819,373,899
226,1122,754,1496,967
226,762,715,896,795
226,631,719,728,785
226,1331,700,1572,829
226,432,735,513,800
226,574,725,639,774
226,295,866,460,999
226,226,780,291,843
226,270,819,372,899
227,1086,762,1443,954
227,761,715,896,795
227,1274,699,1569,835
227,631,719,728,785
227,432,746,507,801
227,574,724,638,774
227,295,865,460,999
227,226,780,291,843
227,269,819,372,899
228,1055,760,1399,944
228,1265,700,1555,843
228,762,715,897,795
228,631,719,728,785
228,424,739,503,801
228,294,866,460,1000
228,576,724,638,774
228,226,780,290,843
228,270,819,373,901
229,1025,756,1351,936
229,1264,701,1569,855
229,762,715,895,795
229,632,719,728,786
229,575,724,636,775
229,420,739,499,798
229,292,867,458,1001
229,225,780,293,844
229,493,720,537,762
230,999,758,1304,926
230,762,715,896,795
230,1237,702,1569,857
230,631,719,729,786
230,575,724,636,775
230,415,740,496,797
230,292,867,458,1001
230,225,780,293,844
230,492,719,538,762
230,293,755,352,795
231,973,752,1264,921
231,1214,702,1568,858
231,762,715,896,795
231,631,719,729,786
231,411,738,490,796
231,575,724,636,775
231,293,868,458,1001
231,225,780,293,844
231,295,757,352,796
231,490,721,536,762
232,947,745,1228,911
232,1217,702,1568,857
232,761,715,896,795
232,631,719,729,786
232,411,735,487,793
232,573,726,633,777
232,292,867,458,1001
232,294,757,352,796
232,225,780,293,844
232,489,722,536,764
233,924,750,1185,907
233,1215,702,1568,858
233,761,715,895,795
233,632,719,729,786
233,405,735,485,790
233,573,726,633,777
233,293,867,457,1001
233,293,757,354,797
233,225,780,294,844
233,487,722,536,764
234,899,749,1154,899
234,1214,702,1568,858
234,761,715,893,794
234,632,719,729,785
234,406,733,484,789
234,573,726,633,777
234,293,868,457,1001
234,293,757,352,797
234,225,779,295,844
234,486,722,536,763
235,879,749,1122,891
235,1213,702,1568,858
235,761,715,893,793
235,402,733,479,788
235,631,719,729,785
235,573,726,633,777
235,292,867,457,1001
235,482,722,536,764
235,225,779,295,844
235,293,756,351,796
236,1213,702,1569,858
236,861,751,1094,887
236,761,715,894,793
236,400,734,477,788
236,632,719,729,785
236,573,726,633,777
236,292,867,457,1001
236,481,722,536,764
236,225,780,294,844
236,294,757,351,797
237,1213,702,1569,859
237,843,750,1061,882
237,761,715,886,793
237,401,733,473,787
237,632,719,729,785
237,573,726,633,777
237,292,867,457,1001
237,480,727,536,765
237,295,759,353,798
237,225,780,294,844
238,1213,702,1569,859
238,819,750,1039,877
238,762,716,887,794
238,398,732,467,786
238,632,719,729,786
238,573,726,633,777
238,478,726,536,766
238,292,867,457,1001
238,225,780,294,844
238,294,759,352,801
239,1212,701,1570,859
239,804,747,1012,874
239,633,719,730,785
239,760,715,878,793
239,397,733,463,783
239,573,724,633,776
239,479,727,537,768
239,295,866,459,999
239,225,780,294,844
239,295,760,349,797
239,270,819,375,899
240,1212,701,1571,859
240,791,745,988,868
240,633,719,730,785
240,759,716,880,795
240,393,732,460,785
240,573,724,633,776
240,295,864,460,1000
240,479,727,537,768
240,761,720,829,793
240,224,781,292,844
240,270,820,375,898
241,1212,701,1571,859
241,635,719,729,783
241,394,733,458,781
241,773,737,962,864
241,573,724,633,776
241,296,864,460,1000
241,480,727,537,768
241,762,714,876,799
241,224,780,291,844
241,270,820,375,898
242,1212,701,1571,859
242,635,719,728,783
242,392,734,457,781
242,756,736,943,862
242,573,724,633,776
242,479,727,537,768
242,295,864,460,1000
242,224,780,292,844
242,291,764,351,802
242,270,820,375,898
243,1213,701,1571,860
243,635,719,726,783
243,746,719,923,857
243,391,732,457,781
243,296,864,460,1000
243,573,724,633,776
243,479,726,537,768
243,291,764,352,806
243,223,780,293,844
243,270,820,376,899
244,1213,701,1571,860
244,730,719,897,854
244,635,719,725,783
244,389,732,455,780
244,291,863,458,999
244,573,724,633,776
244,478,727,537,769
244,223,781,293,844
244,292,764,353,805
244,270,820,376,899
245,1213,701,1571,860
245,636,720,726,783
245,719,719,886,851
245,387,733,452,780
245,296,864,460,1000
245,573,724,633,775
245,479,727,537,769
245,224,781,292,844
245,270,820,376,899
246,1213,701,1571,860
246,636,720,725,783
246,706,745,863,850
246,387,734,449,780
246,296,864,460,1000
246,573,725,632,775
246,479,727,537,768
246,782,715,890,782
246,225,781,291,844
246,270,820,375,899
246,292,763,353,802
247,1213,701,1571,860
247,693,742,847,847
247,635,720,720,783
247,786,714,892,785
247,387,732,449,779
247,572,725,632,775
247,296,863,460,1000
247,479,726,537,768
247,224,781,291,844
247,270,820,375,899
248,1213,701,1571,860
248,680,738,826,845
248,787,717,891,787
248,635,720,716,783
248,387,732,446,778
248,297,863,460,1000
248,572,725,632,775
248,479,727,537,768
248,224,781,290,845
248,270,820,375,899
248,287,765,350,806
249,1213,701,1571,860
249,671,742,815,841
249,790,716,890,787
249,479,726,537,768
249,634,720,712,783
249,387,732,442,777
249,572,725,631,776
249,296,863,459,1000
249,223,781,291,845
249,270,819,375,899
249,290,766,350,805
250,1213,701,1570,860
250,656,738,802,840
250,790,717,891,789
250,479,726,537,768
250,573,726,632,777
250,387,731,441,777
250,296,864,460,1000
250,640,727,719,779
250,225,781,290,845
250,289,766,354,805
250,270,819,375,900
251,1213,701,1570,860
251,790,717,891,790
251,387,730,444,775
251,480,726,537,768
251,573,726,631,777
251,642,742,790,838
251,296,864,460,1000
251,287,765,354,805
251,225,781,288,844
251,269,819,375,900
252,1213,702,1570,860
252,633,736,768,834
252,790,717,893,792
252,479,726,538,768
252,387,729,444,774
252,297,864,460,1000
252,573,727,634,776
252,289,765,357,807
252,224,781,289,845
252,269,819,374,899
253,1213,702,1570,860
253,626,724,754,830
253,778,716,894,793
253,479,726,538,768
253,387,728,443,771
253,574,725,634,776
253,297,863,459,999
253,290,766,360,810
253,224,781,290,845
253,269,819,374,899
254,1213,702,1570,860
254,617,724,743,829
254,759,716,896,795
254,480,726,538,768
254,297,863,459,999
254,385,728,441,774
254,574,723,633,776
254,286,766,360,809
254,224,781,289,845
255,1213,702,1570,860
255,607,723,733,828
255,759,714,896,794
255,479,726,538,768
255,386,728,442,773
255,291,860,458,998
255,575,723,630,776
255,224,781,289,845
255,290,766,363,809
255,270,819,373,898
256,1213,701,1570,860
256,602,724,725,824
256,759,713,896,793
256,292,862,458,998
256,386,727,441,772
256,479,726,538,768
256,574,723,630,778
256,632,724,727,802
256,224,781,289,845
256,293,765,366,810
256,270,819,373,898
257,1213,701,1570,860
257,759,713,896,794
257,292,862,458,998
257,479,726,538,767
257,388,727,442,770
257,585,731,707,823
257,298,765,365,810
257,644,720,728,781
257,224,781,288,845
257,270,820,374,899
258,1213,701,1570,860
258,759,713,896,794
258,574,732,695,823
258,292,861,458,998
258,479,726,538,767
258,389,726,440,768
258,646,720,731,780
258,295,765,367,810
258,224,781,288,845
258,270,819,373,899
259,1213,701,1570,860
259,759,713,896,794
259,573,730,687,820
259,647,719,731,777
259,291,861,458,999
259,479,726,537,767
259,391,725,442,767
259,225,782,287,845
259,648,722,740,791
259,296,765,368,810
260,1213,701,1570,860
260,761,714,897,795
260,644,719,731,779
260,568,732,677,819
260,292,861,458,998
260,480,727,537,768
260,392,725,442,768
260,225,782,286,845
260,304,766,377,815
261,1213,701,1570,860
261,759,713,897,793
261,642,719,732,783
261,561,734,665,816
261,292,861,458,999
261,479,727,538,768
261,392,726,444,767
261,225,781,285,845
262,1213,701,1570,860
262,760,715,897,795
262,292,861,458,998
262,638,719,732,784
262,552,731,658,814
262,479,727,538,768
262,394,728,445,768
262,225,782,285,845
263,1213,701,1570,860
263,758,713,898,794
263,549,732,650,813
263,634,720,732,786
263,292,861,458,998
263,480,728,538,768
263,396,729,446,766
263,225,781,286,845
264,1213,701,1570,860
264,759,713,899,793
264,544,736,648,813
264,633,720,731,784
264,293,862,458,998
264,481,728,538,768
264,396,727,448,765
264,225,781,286,845
265,1213,701,1570,860
265,759,713,900,793
265,632,719,732,787
265,292,862,458,999
265,539,734,633,811
265,482,729,537,768
265,397,727,445,762
265,224,781,286,845
266,1213,702,1570,860
266,759,713,899,793
266,631,720,732,785
266,292,862,458,999
266,532,740,626,809
266,482,728,537,769
266,310,767,387,820
266,224,781,286,846
266,397,725,446,762
267,1213,702,1570,860
267,759,713,899,793
267,293,863,458,999
267,634,720,732,784
267,482,728,534,770
267,528,740,612,808
267,397,727,450,762
267,224,781,288,846
267,547,732,626,802
267,319,770,393,818
268,1213,702,1570,860
268,759,713,899,793
268,293,863,458,999
268,634,720,731,784
268,484,730,532,770
268,522,744,602,808
268,224,781,288,846
268,567,734,628,796
268,403,725,449,760
268,321,770,394,818
269,1212,702,1570,859
269,761,715,898,795
269,631,719,730,783
269,293,865,457,998
269,515,743,598,807
269,401,726,455,759
269,485,730,532,767
269,323,772,398,822
269,226,781,291,845
269,273,819,373,891
269,569,732,630,787
270,1212,702,1570,859
270,761,715,898,795
270,630,719,729,784
270,292,864,457,999
270,508,741,593,805
270,325,769,401,824
270,399,726,453,759
270,487,732,532,767
270,563,726,640,784
270,226,781,290,846
270,273,821,374,891
270,509,730,622,798
271,1212,702,1570,859
271,761,715,898,795
271,630,719,730,784
271,293,864,457,999
271,326,767,404,824
271,502,738,588,804
271,568,727,638,781
271,398,725,454,758
271,273,820,373,890
271,226,781,290,845
271,488,733,529,770
271,506,730,621,794
272,1212,702,1570,859
272,761,715,898,795
272,629,719,730,785
272,291,863,457,999
272,329,770,414,829
272,500,739,582,801
272,568,726,637,779
272,273,821,373,889
272,226,781,290,845
272,398,726,455,758
273,1212,702,1570,859
273,761,715,898,795
273,629,719,730,785
273,291,863,457,999
273,331,773,419,829
273,490,735,572,800
273,569,725,632,781
273,273,820,372,888
273,226,781,290,845
273,397,725,459,758
274,1212,702,1570,859
274,761,715,898,795
274,629,719,730,785
274,290,863,457,999
274,336,776,421,832
274,488,733,565,798
274,568,724,633,780
274,225,781,289,845
274,273,822,374,888
275,1212,702,1570,859
275,761,715,898,795
275,629,719,730,785
275,290,863,457,1000
275,338,775,423,835
275,485,733,553,797
275,574,725,633,780
275,225,781,289,845
275,273,821,371,888
276,1212,702,1569,859
276,761,715,898,795
276,630,719,729,785
276,338,774,426,835
276,289,863,456,1000
276,474,732,550,797
276,574,725,634,779
276,225,781,291,845
276,274,821,370,888
277,1212,702,1569,859
277,761,715,898,795
277,630,719,729,785
277,291,864,456,999
277,341,776,433,837
277,470,729,542,797
277,573,725,634,778
277,225,781,291,845
277,274,821,366,888
278,1212,702,1569,860
278,761,715,898,795
278,630,719,729,785
278,292,864,456,999
278,346,778,436,839
278,467,728,537,796
278,573,726,634,778
278,225,782,291,845
278,274,821,370,890
279,1212,702,1569,860
279,761,715,898,795
279,630,719,729,785
279,293,865,456,1000
279,467,729,534,792
279,351,778,441,839
279,573,725,634,777
279,225,782,291,845
279,274,819,371,890
280,1212,701,1569,859
280,761,715,898,795
280,294,865,456,1000
280,630,719,729,785
280,2325,881,2559,1209
280,349,775,443,845
280,461,732,533,792
280,572,726,634,777
280,226,782,291,845
280,274,820,368,890
281,2085,774,2558,1164
281,1212,701,1569,859
281,761,715,898,795
281,630,719,729,785
281,294,865,457,1000
281,355,778,450,843
281,571,725,634,777
281,457,730,529,791
281,226,782,291,845
281,274,820,368,890
281,470,723,537,787
282,1890,745,2559,1194
282,1213,703,1571,859
282,762,715,899,795
282,632,719,730,785
282,292,863,458,1000
282,361,775,456,844
282,574,725,633,776
282,225,781,292,847
282,446,727,528,788
282,274,819,363,891
283,1212,703,1571,859
283,762,715,899,795
283,632,719,731,785
283,1732,713,2557,1175
283,292,864,459,1000
283,574,725,633,776
283,368,777,462,847
283,225,781,293,847
283,446,731,514,788
283,273,819,366,894
284,1212,703,1572,859
284,762,715,899,795
284,1596,686,2482,1131
284,632,719,731,785
284,297,867,458,1000
284,370,778,471,850
284,573,725,634,776
284,440,724,520,787
284,225,781,293,848
284,273,818,364,894
285,1486,710,2248,1090
285,1212,703,1571,859
285,762,715,898,795
285,632,719,731,785
285,372,779,477,850
285,288,861,460,1000
285,572,725,634,776
285,224,781,293,847
285,273,818,364,892
286,1382,707,2055,1059
286,1212,703,1557,855
286,762,715,898,795
286,632,719,731,785
286,572,725,634,776
286,378,779,483,853
286,284,858,461,1000
286,351,770,484,858
286,225,781,292,847
286,273,818,366,892
287,1306,713,1899,1030
287,762,715,898,795
287,1210,705,1511,849
287,632,719,731,785
287,293,866,460,1001
287,385,785,488,855
287,572,725,634,776
287,225,781,292,847
287,273,818,369,894
287,484,724,536,767
288,1213,707,1757,1005
288,762,715,895,795
288,632,719,730,785
288,285,864,460,1001
288,387,784,495,860
288,572,724,635,775
288,484,722,536,766
288,225,781,293,846
288,273,818,368,893
289,762,715,895,795
289,1152,708,1642,988
289,632,719,730,785
289,282,859,459,1000
289,390,784,505,862
289,572,725,634,775
289,225,781,293,846
289,490,723,536,765
289,273,818,366,891
290,762,715,895,795
290,632,719,730,785
290,1095,709,1541,971
290,282,857,459,1000
290,572,724,635,776
290,396,779,509,866
290,487,721,536,765
290,224,781,293,846
290,273,818,366,891
291,1043,716,1445,953
291,762,715,895,795
291,404,783,517,868
291,633,719,730,785
291,1364,702,1570,836
291,287,861,460,1000
291,572,725,634,776
291,225,781,293,847
291,487,722,535,764
291,402,735,475,787
291,272,818,366,892
292,406,783,521,872
292,1000,722,1376,941
292,761,715,894,795
292,633,719,730,785
292,1304,701,1570,851
292,291,864,458,1000
292,572,724,634,776
292,403,737,473,787
292,225,781,291,847
292,273,818,368,893
292,482,722,536,764
293,957,719,1296,931
293,1261,703,1569,857
293,761,714,891,793
293,411,782,530,874
293,633,719,730,785
293,290,863,459,999
293,572,724,634,776
293,406,734,471,785
293,225,781,290,847
293,273,818,368,892
293,486,721,536,762
294,1217,705,1568,857
294,760,715,891,795
294,912,720,1228,920
294,633,719,729,785
294,417,783,540,880
294,295,865,459,1000
294,403,733,465,784
294,573,724,634,775
294,225,781,290,847
294,273,818,368,893
294,486,720,536,762
295,1215,703,1569,860
295,881,718,1177,912
295,421,788,552,884
295,760,715,892,794
295,293,866,458,999
295,633,719,729,785
295,403,733,466,783
295,573,724,634,775
295,225,781,290,848
295,273,818,369,894
296,1214,703,1569,860
296,849,722,1125,898
296,431,790,563,890
296,760,715,885,793
296,633,719,729,785
296,291,866,458,998
296,402,735,463,781
296,574,724,634,775
296,225,781,290,847
296,273,818,369,895
297,1213,704,1570,859
297,820,726,1082,893
297,434,793,573,894
297,293,868,457,998
297,759,715,876,794
297,633,719,730,785
297,400,734,461,783
297,575,722,636,773
297,225,781,290,847
297,274,818,369,894
297,484,725,536,767
298,1212,704,1570,859
298,796,726,1040,886
298,442,793,580,896
298,633,719,730,785
298,293,869,457,998
298,400,733,461,783
298,760,716,875,794
298,576,722,637,773
298,781,717,890,799
298,225,781,290,847
298,273,818,368,894
298,483,723,536,767
299,1212,704,1570,859
299,447,797,592,904
299,771,729,1001,883
299,633,719,730,785
299,293,870,459,999
299,762,715,873,797
299,401,734,461,783
299,576,723,636,773
299,225,781,290,847
299,273,818,368,894
300,1213,703,1568,859
300,751,730,968,874
300,453,796,605,911
300,633,719,728,784
300,291,869,459,1000
300,400,735,455,780
300,575,725,634,774
300,225,781,291,847
300,272,818,369,895
301,1212,702,1568,860
301,732,718,935,869
301,462,799,620,916
301,633,720,727,784
301,291,869,459,1001
301,399,735,457,779
301,573,725,634,774
301,225,781,291,847
301,272,818,369,895
302,1212,704,1569,859
302,464,798,636,924
302,633,720,723,783
302,715,720,911,861
302,396,735,453,779
302,288,868,460,1000
302,573,725,633,774
302,224,781,293,847
302,719,737,783,792
302,483,723,535,767
302,272,817,368,896
303,1212,704,1570,859
303,478,801,651,927
303,692,720,883,859
303,634,720,723,784
303,395,734,452,780
303,295,867,460,999
303,575,724,635,780
303,224,781,293,846
303,483,725,535,768
304,1212,704,1570,859
304,677,727,859,853
304,487,804,668,936
304,634,720,712,784
304,295,867,460,999
304,573,725,633,774
304,806,719,896,783
304,397,733,446,778
304,482,723,536,767
304,224,781,293,847
305,1212,703,1569,859
305,496,806,684,943
305,670,726,831,850
305,790,717,893,786
305,634,721,719,785
305,573,725,633,775
305,224,780,293,847
305,482,727,536,768
305,399,732,442,777
305,295,868,461,1000
306,1212,704,1569,859
306,508,810,706,955
306,793,717,894,788
306,638,726,815,846
306,574,726,633,775
306,482,728,537,767
306,224,780,293,847
306,399,734,442,775
306,692,728,816,839
306,294,868,460,999
306,271,818,373,901
307,1212,703,1569,859
307,519,811,728,965
307,631,724,794,837
307,791,716,893,789
307,575,726,634,778
307,294,868,460,1000
307,223,780,293,847
307,398,736,441,775
307,482,727,538,767
307,271,818,373,901
308,533,816,758,976
308,1212,703,1569,859
308,637,723,768,828
308,790,716,893,791
308,574,726,634,778
308,293,867,460,1000
308,224,780,293,847
308,482,727,538,767
308,271,818,373,901
308,398,736,442,773
309,1212,703,1569,859
309,549,816,773,985
309,642,723,752,822
309,759,716,893,793
309,293,867,460,1000
309,481,725,539,767
309,224,780,293,847
309,574,726,639,779
309,271,818,373,901
310,1212,703,1569,859
310,565,816,807,995
310,760,716,897,794
310,622,720,738,822
310,294,866,460,1000
310,223,780,293,847
310,482,727,539,767
310,271,818,373,900
311,1212,704,1569,859
311,581,823,837,1008
311,761,716,897,795
311,591,720,727,828
311,482,725,538,767
311,294,867,460,1000
311,223,780,293,847
311,397,733,441,770
311,271,818,373,901
312,597,822,870,1024
312,1211,702,1571,859
312,762,715,896,795
312,571,718,720,830
312,295,866,459,1000
312,480,726,537,767
312,224,779,293,847
312,398,732,443,770
312,271,818,372,902
313,1211,702,1571,859
313,620,827,911,1043
313,761,714,891,794
313,563,720,707,828
313,295,866,459,1000
313,479,726,537,767
313,224,779,293,847
313,661,722,730,774
313,271,818,372,902
313,399,732,444,770
314,636,831,963,1059
314,1211,702,1571,859
314,761,714,891,794
314,553,729,684,825
314,652,719,729,775
314,295,866,460,1000
314,480,726,538,768
314,224,779,293,847
314,271,817,372,902
315,1211,702,1571,859
315,672,835,1013,1078
315,761,714,893,794
315,548,728,671,824
315,295,866,460,1000
315,643,719,731,780
315,480,727,538,768
315,224,779,292,846
315,398,732,443,768
315,271,818,372,902
316,1211,702,1571,859
316,761,714,891,794
316,700,841,1069,1102
316,543,727,658,818
316,296,866,459,1000
316,641,720,732,783
316,481,728,538,769
316,398,731,443,767
316,224,779,292,846
316,271,818,372,901
317,1212,702,1571,859
317,729,846,1139,1124
317,760,714,892,795
317,539,728,650,817
317,631,720,731,788
317,295,866,459,1000
317,482,728,538,769
317,400,732,444,767
317,224,779,292,846
317,271,818,372,902
318,1212,702,1571,859
318,765,854,1218,1156
318,760,714,892,794
318,534,730,641,814
318,630,720,731,786
318,295,866,459,1000
318,483,728,535,770
318,224,779,292,846
318,401,733,443,766
318,271,818,371,901
319,811,860,1310,1190
319,1212,702,1571,859
319,760,714,892,794
319,629,720,731,785
319,523,728,633,814
319,295,866,459,1000
319,482,727,532,769
319,224,779,292,846
319,399,734,445,767
319,272,816,369,897
320,859,867,1415,1235
320,1212,703,1571,858
320,760,714,892,793
320,631,720,731,784
320,519,727,624,813
320,295,866,459,999
320,482,726,530,768
320,224,779,292,846
320,399,733,446,766
320,532,724,634,802
320,271,818,372,901
321,912,877,1548,1279
321,1212,703,1571,858
321,760,714,892,793
321,632,720,731,784
321,296,866,459,999
321,513,741,606,810
321,224,779,292,846
321,483,730,529,769
321,581,725,639,789
321,271,818,372,901
321,400,733,446,765
322,980,890,1707,1341
322,1212,704,1571,859
322,760,714,895,793
322,633,720,729,783
322,504,735,596,809
322,223,780,292,848
322,293,866,458,999
323,1059,901,1903,1413
323,1213,703,1571,860
323,761,715,897,795
323,632,720,730,783
323,497,736,591,806
323,223,780,292,847
323,573,726,640,782
323,293,865,458,999
324,1148,921,2156,1504
324,1209,702,1572,862
324,761,715,897,795
324,632,719,728,784
324,495,741,585,805
324,571,726,633,779
324,225,780,292,845
325,1270,943,2496,1624
325,1213,703,1571,860
325,761,715,896,795
325,632,719,728,784
325,487,741,574,803
325,569,725,633,781
325,225,780,292,845
326,1411,972,2558,1790
326,1213,703,1571,859
326,761,715,897,795
326,632,719,729,785
326,479,732,561,801
326,571,724,633,779
326,225,781,292,845
327,1601,1000,2558,1826
327,1213,703,1571,860
327,761,715,897,795
327,632,719,729,785
327,473,725,552,801
327,573,724,633,779
327,225,781,292,846
328,1845,1040,2558,1819
328,1213,703,1571,860
328,761,715,896,795
328,632,719,728,785
328,574,725,633,778
328,467,725,545,799
328,225,781,292,845
329,2164,1124,2559,1897
329,1213,703,1571,860
329,761,715,896,795
329,632,719,728,785
329,464,731,541,799
329,574,725,633,777
329,225,781,292,845
330,1213,703,1571,860
330,761,715,896,795
330,632,719,728,785
330,460,731,536,799
330,574,724,637,776
330,225,781,292,845
331,1213,703,1571,860
331,761,715,896,795
331,632,719,729,785
331,459,731,536,796
331,573,725,633,775
331,225,781,292,846
332,1213,703,1571,859
332,761,715,898,795
332,632,719,730,785
332,453,737,531,797
332,574,726,634,776
332,293,865,458,998
332,225,780,292,846
332,272,817,367,895
333,1213,703,1571,859
333,761,715,898,795
333,632,719,730,785
333,448,736,529,795
333,573,726,634,777
333,293,865,458,999
333,225,780,292,846
333,272,817,367,895
334,1213,703,1571,859
334,761,715,898,795
334,631,719,730,785
334,442,734,525,794
334,573,725,634,776
334,294,865,459,998
334,225,780,292,846
334,271,819,372,899
335,1213,703,1571,859
335,761,715,897,795
335,632,719,730,785
335,435,737,510,793
335,574,725,634,776
335,438,734,528,788
335,295,866,459,999
335,225,780,292,845
335,271,819,372,899
336,1213,703,1572,859
336,760,713,898,794
336,631,719,730,785
336,436,742,506,794
336,573,725,633,777
336,296,866,459,999
336,443,734,530,781
336,225,780,292,845
336,270,819,371,901
337,1213,703,1572,859
337,760,713,898,794
337,631,719,730,785
337,433,742,503,794
337,573,725,634,777
337,296,866,459,999
337,225,780,292,845
337,270,819,371,901
337,491,720,538,761
337,484,731,535,773
338,1213,703,1572,859
338,760,713,898,794
338,632,719,730,785
338,431,739,498,792
338,296,866,459,999
338,572,725,634,777
338,225,780,292,845
338,270,819,370,901
338,492,721,538,761
339,1213,703,1572,859
339,760,713,898,794
339,632,719,730,785
339,296,866,459,999
339,424,738,493,789
339,572,726,634,777
339,225,780,292,845
339,270,819,371,901
339,490,720,537,764
340,1213,703,1572,859
340,760,713,898,794
340,632,719,730,785
340,296,866,459,999
340,572,725,633,777
340,412,737,488,789
340,225,780,292,845
340,270,819,371,901
340,488,720,537,763
341,1213,703,1572,859
341,760,713,897,794
341,631,719,730,785
341,415,736,486,788
341,296,866,459,999
341,572,726,633,777
341,225,780,292,845
341,270,819,371,901
341,488,722,536,763
342,1213,703,1572,859
342,760,713,897,794
342,631,719,730,785
342,411,736,483,786
342,296,866,459,999
342,572,725,634,777
342,225,780,292,845
342,487,722,536,764
342,270,819,371,901
343,1213,703,1572,859
343,761,713,897,794
343,631,719,730,785
343,410,736,479,786
343,296,866,459,999
343,572,726,634,777
343,225,780,292,845
343,270,819,371,901
343,486,722,536,765
344,1213,703,1572,859
344,761,713,897,794
344,631,719,730,785
344,410,735,478,784
344,296,866,459,999
344,572,726,633,777
344,485,722,536,765
344,225,780,292,845
344,270,819,371,901
345,1213,703,1572,859
345,761,713,897,794
345,631,719,730,785
345,405,735,467,784
345,296,866,459,999
345,572,725,634,777
345,480,725,537,766
345,225,780,292,845
345,270,819,371,901
346,1213,703,1572,859
346,761,713,897,794
346,631,719,730,785
346,403,734,464,784
346,296,866,459,999
346,572,725,634,777
346,483,725,537,767
346,225,780,292,846
346,270,819,371,901
347,1212,703,1572,859
347,761,713,897,794
347,631,719,730,785
347,404,732,461,781
347,295,866,459,999
347,572,725,634,777
347,483,724,537,767
347,225,780,292,846
347,270,819,371,901
348,1212,703,1572,859
348,761,713,900,793
348,631,719,730,785
348,402,732,459,780
348,296,865,459,999
348,572,725,634,777
348,481,724,538,768
348,224,780,293,847
348,270,819,371,901
349,1212,703,1572,859
349,761,713,899,793
349,631,719,730,785
349,402,733,457,780
349,296,865,459,999
349,572,725,634,777
349,481,724,538,767
349,224,780,293,847
349,270,819,371,901
350,1212,703,1572,859
350,761,713,900,793
350,632,719,730,785
350,398,732,455,780
350,295,865,459,999
350,572,725,634,777
350,481,723,538,767
350,224,780,292,846
350,270,819,372,901
351,1212,703,1572,859
351,761,713,899,793
351,631,719,730,785
351,393,732,453,780
351,295,865,459,999
351,572,725,634,777
351,481,723,538,768
351,224,780,292,847
351,270,819,371,901
352,1212,703,1572,859
352,761,713,899,793
352,631,719,730,785
352,395,731,453,779
352,295,865,459,999
352,572,725,634,777
352,480,724,538,768
352,224,780,292,847
352,270,819,371,901
353,1212,703,1572,859
353,761,713,899,793
353,631,719,730,785
353,391,732,449,780
353,295,865,459,999
353,479,723,538,768
353,572,725,634,777
353,224,780,292,846
353,270,819,371,901
354,1212,703,1572,859
354,761,713,899,793
354,631,719,730,785
354,296,865,459,999
354,390,730,443,781
354,480,723,538,768
354,572,725,634,777
354,224,780,292,846
354,270,819,371,901
355,1212,703,1572,859
355,761,713,898,793
355,631,719,730,785
355,296,865,459,999
355,480,723,538,768
355,572,725,634,777
355,389,730,443,780
355,224,780,292,846
355,270,819,371,901
356,1212,703,1572,859
356,761,713,898,793
356,631,719,730,785
356,295,866,459,999
356,479,723,538,767
356,388,731,439,780
356,572,725,634,777
356,224,780,292,846
356,270,819,371,901
357,1212,703,1572,859
357,761,713,898,793
357,631,719,729,785
357,295,865,459,999
357,480,724,538,767
357,572,725,634,777
357,386,731,435,778
357,224,780,292,846
357,270,819,371,901
358,1212,703,1572,859
358,761,713,898,793
358,631,719,730,785
358,295,865,459,999
358,480,723,538,767
358,572,725,634,777
358,385,731,435,778
358,224,780,292,846
358,270,819,371,901
359,1212,703,1572,859
359,761,713,898,793
359,631,719,730,785
359,295,865,459,999
359,480,723,538,768
359,572,725,634,777
359,385,731,434,776
359,224,780,292,846
359,270,819,371,901
360,1213,703,1572,859
360,761,713,900,793
360,632,719,730,786
360,291,865,457,999
360,480,723,538,767
360,573,725,634,777
360,383,734,431,774
360,224,780,292,847
360,271,819,371,901
361,1213,703,1572,859
361,761,713,899,793
361,632,719,730,786
361,291,865,457,999
361,479,723,538,767
361,573,725,634,777
361,384,731,433,775
361,224,780,292,846
361,270,819,371,901
362,1213,703,1572,859
362,761,713,899,793
362,632,719,730,786
362,295,865,459,999
362,479,723,538,767
362,573,725,634,777
362,385,730,434,773
362,224,780,292,846
362,270,819,371,901
363,1213,703,1572,859
363,761,713,899,793
363,632,719,730,786
363,291,865,457,999
363,479,723,538,767
363,573,725,634,777
363,224,780,292,846
363,384,734,432,772
363,271,819,371,901
364,1213,703,1572,859
364,761,713,899,793
364,632,719,730,786
364,295,865,459,999
364,479,723,538,767
364,573,725,634,777
364,224,780,292,846
364,384,733,433,771
364,271,819,371,901
365,1213,703,1572,859
365,761,713,900,793
365,632,719,730,786
365,295,865,459,999
365,479,723,539,767
365,573,725,634,777
365,384,734,433,772
365,224,780,292,846
365,271,819,371,901
366,1213,703,1572,859
366,761,713,900,793
366,632,719,730,786
366,479,723,539,767
366,295,866,459,999
366,573,725,634,777
366,384,733,433,773
366,224,780,292,846
366,270,819,371,901
367,1213,703,1572,859
367,761,713,900,793
367,632,719,730,786
367,480,723,538,767
367,295,866,459,999
367,573,725,634,777
367,385,732,434,771
367,224,780,292,846
367,270,819,372,901
368,1213,703,1572,859
368,761,713,899,793
368,632,719,730,786
368,480,723,538,767
368,295,866,459,999
368,573,725,634,777
368,385,728,435,770
368,224,780,292,846
368,271,819,372,901
369,1213,703,1572,859
369,761,713,899,793
369,632,719,730,786
369,480,723,538,767
369,295,866,459,999
369,573,725,634,777
369,224,780,292,846
369,270,819,372,901
369,384,728,435,769
370,1213,703,1572,859
370,761,713,899,793
370,632,719,730,786
370,480,723,538,768
370,295,866,459,999
370,573,725,634,777
370,224,780,293,846
370,271,819,371,901
370,385,732,435,769
371,1213,703,1572,859
371,761,713,899,793
371,632,719,730,786
371,2385,921,2559,1217
371,480,723,538,768
371,295,865,459,999
371,573,725,634,777
371,224,780,293,846
371,271,819,371,901
372,1213,703,1572,859
372,761,713,898,793
372,2141,859,2557,1185
372,632,719,730,785
372,479,723,539,768
372,291,865,457,999
372,573,725,634,777
372,224,780,293,846
372,271,819,371,901
373,1211,703,1570,859
373,1939,771,2559,1169
373,762,713,895,793
373,632,718,730,785
373,573,725,635,777
373,482,727,539,768
373,291,864,458,999
373,225,780,293,846
373,273,817,367,893
374,1211,703,1571,859
374,1775,766,2559,1197
374,762,713,895,793
374,632,718,731,785
374,573,724,635,777
374,482,727,539,767
374,291,864,458,999
374,225,780,293,846
374,273,817,367,892
375,1211,703,1571,859
375,1632,766,2560,1153
375,761,715,898,795
375,631,718,731,785
375,573,724,634,777
375,482,727,539,767
375,292,865,458,999
375,225,779,293,845
375,273,817,367,892
376,1211,703,1571,859
376,1508,767,2390,1113
376,761,715,898,795
376,631,718,730,785
376,482,727,539,767
376,573,724,634,777
376,292,865,458,999
376,225,779,293,845
376,273,817,367,892
377,1405,761,2176,1081
377,1211,703,1569,859
377,762,713,895,793
377,632,718,731,785
377,482,727,539,767
377,573,724,634,777
377,293,865,458,999
377,225,779,293,845
377,273,817,367,893
378,1316,763,1999,1050
378,762,713,896,793
378,1210,704,1572,852
378,631,718,731,785
378,482,726,539,767
378,573,724,634,777
378,293,865,458,999
378,225,779,293,845
378,273,817,367,893
379,1239,754,1848,1024
379,762,713,895,793
379,631,718,731,785
379,1214,703,1540,851
379,483,727,538,767
379,573,724,634,777
379,293,865,458,999
379,225,779,293,845
379,273,817,367,893
380,762,713,897,793
380,1172,736,1716,1007
380,631,718,731,785
380,483,727,538,767
380,573,724,634,777
380,1209,704,1541,855
380,293,865,458,999
380,225,779,293,845
380,273,817,367,893
381,762,713,896,793
381,1110,737,1608,986
381,631,718,731,785
381,573,724,634,777
381,484,727,538,767
381,293,865,458,999
381,225,779,293,845
381,273,817,367,894
382,1062,749,1508,971
382,761,715,899,796
382,631,718,731,785
382,1269,702,1572,829
382,573,724,634,777
382,484,727,538,767
382,293,865,458,999
382,225,779,293,845
382,1348,700,1564,831
382,273,817,367,894
383,1018,757,1424,959
383,760,715,897,795
383,1271,702,1570,840
383,631,719,729,785
383,574,724,633,777
383,484,726,538,767
383,295,866,459,999
383,226,779,291,845
383,271,819,372,902
384,971,757,1340,941
384,1248,704,1569,854
384,760,715,897,795
384,633,720,729,784
384,484,726,538,767
384,297,865,459,998
384,574,725,632,776
384,226,779,291,847
384,271,820,371,901
385,931,755,1277,933
385,1219,703,1570,858
385,760,715,897,795
385,633,720,729,784
385,483,726,538,767
385,297,865,459,998
385,574,725,632,776
385,226,779,291,847
385,271,820,371,902
386,895,754,1217,922
386,1212,703,1570,858
386,760,715,895,795
386,633,719,729,784
386,484,726,538,767
386,297,865,459,998
386,574,725,632,776
386,226,779,291,847
386,271,820,372,902
387,866,755,1161,910
387,1211,703,1570,859
387,759,715,896,793
387,634,720,728,784
387,484,726,538,767
387,297,865,459,998
387,574,725,632,776
387,226,779,292,847
387,271,820,372,902
388,838,753,1113,904
388,1212,703,1571,860
388,759,715,899,793
388,634,720,728,783
388,485,726,538,767
388,297,865,459,998
388,574,725,632,776
388,226,779,291,847
388,271,820,371,902
389,1212,702,1571,860
389,814,752,1072,895
389,760,715,885,793
389,632,719,730,784
389,485,726,539,767
389,297,865,459,999
389,575,725,632,776
389,226,779,291,847
389,271,820,371,902
390,791,753,1030,890
390,1212,703,1571,860
390,631,719,729,785
390,759,714,884,793
390,484,725,539,767
390,574,725,632,777
390,293,863,458,999
390,226,779,291,847
390,271,820,371,902
391,1212,703,1571,860
391,772,755,997,882
391,632,719,730,785
391,484,725,539,767
391,574,725,632,776
391,293,863,458,999
391,761,713,879,807
391,226,779,291,847
391,271,820,371,901
392,1211,703,1571,860
392,750,747,964,878
392,634,720,727,783
392,484,725,539,767
392,293,864,458,999
392,574,725,632,776
392,757,714,878,808
392,226,779,291,847
392,271,820,371,902
393,1212,702,1571,859
393,728,740,932,869
393,635,720,726,783
393,574,725,633,776
393,766,763,934,870
393,484,726,538,768
393,225,780,292,845
393,297,866,459,999
393,272,820,372,901
394,1212,702,1571,859
394,710,717,905,863
394,635,720,726,783
394,573,725,632,776
394,484,727,539,768
394,225,780,291,845
394,297,866,459,999
394,272,820,372,901
395,1212,702,1571,859
395,698,724,885,861
395,635,721,725,783
395,573,726,632,776
395,484,726,539,768
395,225,780,291,845
395,297,866,459,999
395,272,820,372,901
396,1213,702,1571,859
396,678,746,855,857
396,635,720,721,783
396,573,726,631,776
396,789,716,893,784
396,484,727,539,768
396,224,780,292,844
396,296,866,459,999
396,273,817,367,890
397,1213,702,1571,859
397,667,747,836,855
397,632,719,715,783
397,573,726,631,776
397,787,717,890,787
397,485,727,539,768
397,224,780,292,844
397,296,866,459,999
397,273,817,367,890
398,1213,702,1570,859
398,2241,901,2558,1214
398,667,743,816,849
398,574,726,631,777
398,789,716,892,788
398,484,728,539,768
398,224,780,292,845
398,296,866,459,999
398,638,723,719,790
398,273,817,367,891
399,1994,793,2559,1196
399,1213,702,1570,859
399,644,744,801,846
399,573,727,630,778
399,793,717,892,789
399,484,728,539,768
399,224,780,292,845
399,297,866,459,999
399,632,726,720,784
400,1798,812,2558,1210
400,1213,702,1570,859
400,624,738,777,843
400,573,726,632,777
400,791,717,892,792
400,484,729,539,768
400,224,780,293,844
400,297,866,459,999
401,1640,774,2488,1150
401,1213,702,1570,859
401,617,723,761,839
401,761,716,893,794
401,574,725,632,778
401,482,727,539,768
401,224,780,292,844
401,297,866,458,999
401,272,819,373,902
402,1506,770,2228,1106
402,1213,702,1570,859
402,607,724,746,835
402,760,716,896,793
402,573,725,632,778
402,224,780,293,844
402,297,866,458,999
402,483,727,539,768
402,272,819,373,902
403,1395,779,2012,1067
403,1211,702,1570,857
403,596,722,732,830
403,761,716,901,794
403,298,865,458,998
403,480,725,539,767
403,225,779,292,843
403,575,723,629,780
403,271,819,372,902
404,1300,766,1838,1037
404,761,715,900,794
404,578,723,723,830
404,1210,704,1552,850
404,297,865,458,998
404,480,724,539,767
404,225,779,292,843
404,612,721,726,815
404,271,819,372,902
405,1216,764,1695,1012
405,761,715,900,794
405,1211,704,1516,852
405,571,724,713,829
405,297,865,458,998
405,480,725,539,767
405,225,779,292,843
405,271,819,372,902
405,643,718,727,777
406,1145,764,1569,987
406,761,715,899,794
406,568,736,689,826
406,480,725,540,767
406,298,865,458,998
406,641,719,727,774
406,225,779,292,844
406,271,819,372,901
406,1268,701,1571,811
407,1081,765,1465,969
407,761,715,897,795
407,557,736,676,823
407,1351,699,1569,834
407,480,725,540,768
407,639,719,725,776
407,298,865,458,998
407,225,779,292,844
407,271,819,372,901
408,1025,764,1391,953
408,1262,700,1558,849
408,761,715,896,795
408,550,739,665,819
408,637,718,727,780
408,480,727,539,768
408,298,865,458,998
408,225,779,292,844
408,272,819,372,900
409,974,760,1299,936
409,1234,701,1570,858
409,761,715,897,795
409,544,738,657,817
409,630,719,729,782
409,297,865,458,998
409,480,727,539,768
409,225,780,292,844
409,272,819,372,900
410,933,756,1237,924
410,1213,703,1569,857
410,760,715,897,795
410,536,738,647,816
410,630,721,724,786
410,298,865,458,998
410,480,727,538,768
410,225,780,292,844
410,272,819,372,901
411,895,751,1167,913
411,1214,702,1570,858
411,760,716,895,795
411,533,734,635,813
411,630,721,725,786
411,297,865,458,998
411,480,725,539,768
411,225,780,292,845
411,272,819,372,901
412,860,756,1116,903
412,1213,701,1569,857
412,760,715,896,794
412,631,719,728,783
412,293,865,457,997
412,527,739,626,813
412,480,725,537,769
412,225,780,292,845
412,272,819,371,901
413,1211,701,1568,859
413,827,758,1066,895
413,761,715,892,792
413,631,719,729,784
413,481,726,535,769
413,524,745,613,811
413,288,860,458,998
413,225,780,292,844
413,538,738,625,801
413,272,817,368,891
414,1211,702,1569,859
414,801,756,1024,889
414,632,719,729,784
414,761,715,880,792
414,484,730,533,769
414,514,747,601,810
414,225,780,292,844
414,285,856,458,998
414,272,817,367,889
414,565,735,627,781
415,1211,701,1568,859
415,771,757,987,883
415,633,719,729,784
415,761,714,883,798
415,503,745,596,809
415,484,731,531,765
415,225,780,292,844
415,283,855,458,998
415,272,817,367,889
415,762,720,842,798
416,1211,701,1568,859
416,752,762,949,874
416,634,719,727,783
416,503,745,588,806
416,758,715,881,800
416,225,780,292,844
416,571,729,633,776
416,293,864,459,998
416,487,732,530,772
416,272,817,367,889
417,1211,701,1568,859
417,634,719,724,783
417,730,763,918,868
417,493,743,581,805
417,729,721,918,864
417,570,728,633,778
417,225,780,292,844
417,485,736,560,802
417,284,856,458,997
417,272,817,367,890
418,1211,701,1568,859
418,634,720,729,784
418,706,760,886,863
418,490,740,575,802
418,571,727,632,779
418,225,780,292,845
418,768,716,887,777
418,285,858,458,998
418,272,817,367,889
419,1211,701,1568,859
419,692,766,858,860
419,636,720,724,784
419,781,716,894,785
419,483,736,558,800
419,571,726,632,779
419,225,780,292,844
419,293,865,459,998
419,272,817,367,889
420,1212,702,1570,860
420,676,766,830,859
420,635,720,722,785
420,784,718,893,785
420,473,734,554,801
420,573,726,632,779
420,226,780,292,844
420,272,817,367,886
420,293,864,459,999
421,1212,702,1570,860
421,657,751,811,851
421,788,716,893,789
421,469,728,547,798
421,635,720,719,785
421,574,726,632,778
421,226,780,292,844
421,272,817,367,887
421,293,864,459,999
422,1211,701,1569,859
422,468,728,542,798
422,789,716,892,790
422,642,760,793,845
422,574,728,632,777
422,226,780,292,844
422,272,817,367,887
422,634,721,721,784
422,284,854,458,999
423,1212,702,1570,860
423,625,748,766,844
423,763,716,893,792
423,463,729,539,796
423,576,724,637,776
423,226,780,292,844
423,272,817,367,886
423,284,855,458,999
424,1212,702,1570,860
424,760,715,897,794
424,609,757,748,838
424,458,732,536,794
424,574,728,633,776
424,226,780,292,844
424,272,817,367,886
425,1211,701,1569,859
425,762,715,898,794
425,453,733,532,793
425,597,753,735,835
425,574,728,634,778
425,226,780,292,844
425,272,817,367,886
426,1212,702,1571,860
426,762,714,898,795
426,449,730,533,790
426,584,748,716,837
426,226,780,292,844
426,272,817,367,886
426,640,720,726,777
426,283,851,458,999
427,1212,702,1571,860
427,762,714,897,795
427,574,738,700,833
427,442,733,525,791
427,642,718,726,775
427,225,780,292,844
427,272,817,368,887
427,292,863,459,999
428,1212,702,1571,860
428,762,714,897,795
428,567,740,684,829
428,439,730,523,791
428,643,719,727,776
428,225,780,292,844
428,272,817,368,887
428,292,864,459,999
429,1212,702,1571,860
429,762,714,897,795
429,554,747,671,826
429,640,719,728,780
429,437,739,509,792
429,439,733,525,789
429,225,780,292,844
429,272,817,368,887
429,293,864,459,999
430,1212,702,1571,860
430,762,714,897,795
430,630,719,731,787
430,435,742,501,792
430,549,741,657,822
430,225,780,292,844
430,446,732,525,782
430,272,817,368,887
430,293,864,459,999
431,1212,702,1571,860
431,762,714,897,795
431,539,744,649,819
431,627,719,730,787
431,433,743,498,792
431,226,780,292,844
431,272,817,368,887
431,294,865,459,999
431,476,732,532,775
432,1212,702,1571,860
432,762,714,897,795
432,627,719,729,785
432,533,746,635,818
432,428,746,495,790
432,226,780,292,844
432,295,865,459,999
432,272,817,368,888
433,1212,702,1571,860
433,762,714,897,795
433,628,719,729,784
433,425,740,489,788
433,528,747,627,815
433,226,780,292,844
433,294,864,459,999
433,272,817,368,888
433,542,736,629,805
434,1211,701,1569,859
434,762,714,897,795
434,630,719,729,784
434,420,740,484,788
434,226,780,292,844
434,522,752,611,813
434,272,817,368,888
434,294,865,459,999
435,1211,701,1569,859
435,762,715,897,795
435,630,719,729,784
435,510,752,598,815
435,414,740,482,787
435,226,780,292,844
435,272,817,368,888
435,294,864,459,999
435,573,731,634,778
436,1211,701,1569,859
436,762,715,897,795
436,631,719,729,784
436,501,754,593,814
436,411,740,482,787
436,570,731,633,777
436,226,780,292,844
436,272,817,368,888
436,295,864,459,999
437,1211,701,1569,859
437,762,715,897,795
437,631,719,729,785
437,409,739,479,785
437,498,753,588,812
437,567,730,632,778
437,226,780,292,844
437,272,817,369,888
437,294,865,459,999
438,1211,701,1569,859
438,762,715,897,795
438,632,719,729,785
438,408,740,475,784
438,492,752,577,809
438,572,728,632,779
438,226,780,292,844
438,272,817,368,888
438,294,864,459,999
439,1211,701,1569,859
439,762,715,897,795
439,632,719,729,785
439,407,740,469,782
439,487,747,567,807
439,571,727,632,779
439,225,780,292,844
439,272,817,369,888
439,294,864,458,999
440,1211,701,1569,859
440,762,715,897,795
440,632,719,729,785
440,404,736,466,781
440,572,726,632,778
440,481,753,558,805
440,226,780,292,844
440,272,817,369,888
440,478,729,556,803
440,294,864,459,999
441,1211,701,1569,859
441,762,715,898,795
441,632,719,729,785
441,403,736,465,783
441,470,746,552,804
441,573,726,632,777
441,226,780,292,844
441,294,864,459,999
441,272,817,369,888
442,1211,701,1569,859
442,762,715,898,795
442,632,719,729,785
442,401,736,463,782
442,469,749,547,804
442,572,725,636,776
442,225,780,292,844
442,294,864,459,999
442,469,729,545,802
442,272,817,369,888
443,1211,701,1569,859
443,762,715,897,795
443,632,719,729,785
443,400,737,460,782
443,465,736,541,801
443,572,726,636,775
443,225,780,292,844
443,272,817,369,888
443,294,864,459,999
444,1212,702,1571,860
444,762,714,897,795
444,631,719,728,785
444,399,735,457,780
444,458,735,536,799
444,573,726,632,776
444,225,780,292,844
444,272,817,369,888
444,294,864,459,999
445,1212,702,1571,860
445,762,714,897,795
445,631,719,728,785
445,398,736,456,779
445,573,726,632,776
445,225,780,292,844
445,295,864,459,999
445,456,753,531,799
445,458,735,537,794
445,272,817,369,888
446,1212,702,1571,860
446,762,714,897,795
446,631,719,728,785
446,395,735,454,780
446,573,726,632,776
446,455,757,522,800
446,226,780,292,844
446,295,864,459,999
446,458,732,536,796
446,272,817,369,887
447,1212,702,1571,860
447,762,714,897,795
447,631,719,729,785
447,395,733,453,780
447,573,726,632,776
447,446,748,509,798
447,449,732,536,792
447,225,780,292,844
447,272,817,369,888
447,294,864,459,999
448,1212,702,1571,860
448,762,714,897,795
448,631,719,729,785
448,392,735,453,783
448,573,726,632,776
448,452,732,535,785
448,444,744,510,798
448,225,780,292,844
448,295,864,459,999
448,272,817,369,888
449,1212,702,1571,860
449,762,714,897,795
449,631,719,729,785
449,573,725,632,776
449,441,741,504,796
449,390,733,447,785
449,225,780,292,844
449,295,865,459,999
449,272,817,368,888
449,475,731,535,775
450,1212,702,1571,860
450,762,714,897,795
450,631,719,729,785
450,573,726,633,776
450,295,865,459,999
450,439,749,503,796
450,225,780,292,844
450,389,733,452,782
450,272,817,368,888
450,486,732,537,770
450,441,736,504,791
451,1211,701,1569,859
451,762,715,897,795
451,632,719,729,785
451,573,726,633,777
451,296,865,459,999
451,433,745,498,794
451,225,780,292,844
451,273,817,368,888
451,389,736,462,786
452,1211,701,1569,859
452,762,715,897,795
452,632,719,729,785
452,572,726,633,776
452,225,780,292,844
452,425,738,496,789
452,295,865,459,999
452,272,817,369,888
452,388,736,482,787
453,1211,701,1569,859
453,762,715,897,795
453,632,719,729,785
453,572,726,633,776
453,408,739,490,791
453,225,780,292,844
453,296,865,459,999
453,272,817,369,889
453,388,735,438,780
453,487,721,539,763
454,1211,701,1569,859
454,762,715,897,795
454,631,719,729,785
454,388,736,485,790
454,572,726,633,776
454,295,865,459,999
454,225,780,292,844
454,272,817,369,889
454,485,721,539,764
454,386,736,446,786
455,1211,701,1569,859
455,762,715,897,795
455,631,719,729,785
455,389,736,482,788
455,572,726,633,776
455,295,865,459,999
455,225,780,292,844
455,272,817,369,889
455,484,722,538,766
455,386,735,458,784
456,1211,701,1569,859
456,762,715,897,795
456,631,719,730,785
456,391,736,477,787
456,572,725,633,777
456,481,727,538,766
456,226,780,292,844
456,295,865,459,999
456,272,817,369,890
456,386,735,457,781
457,1211,701,1569,859
457,762,715,897,795
457,631,719,730,785
457,388,736,473,786
457,572,726,633,777
457,479,726,538,765
457,226,780,292,844
457,295,865,459,999
457,272,817,369,890
458,1211,701,1569,859
458,762,715,897,795
458,631,719,730,785
458,390,737,467,785
458,572,726,633,777
458,479,726,538,766
458,225,780,292,844
458,295,865,459,999
458,272,817,369,890
459,1211,701,1569,859
459,762,715,897,795
459,631,719,730,785
459,392,737,464,785
459,572,726,633,777
459,480,726,538,767
459,225,780,292,844
459,295,865,459,999
459,272,817,369,891
460,1211,701,1569,859
460,762,715,897,795
460,631,719,730,785
460,392,737,462,784
460,572,726,633,777
460,480,726,537,767
460,225,780,292,844
460,295,865,459,999
460,272,817,369,891
461,1211,701,1569,859
461,762,715,897,795
461,631,719,730,785
461,395,736,459,781
461,572,725,633,777
461,481,725,538,767
461,295,865,459,999
461,225,780,292,844
461,272,817,369,891
462,1211,701,1569,859
462,762,715,897,795
462,631,719,730,785
462,399,736,458,779
462,573,725,633,777
462,481,726,538,767
462,225,780,292,844
462,295,865,459,999
462,272,817,369,890
463,1211,701,1569,859
463,762,715,897,795
463,631,719,730,785
463,398,734,456,780
463,573,725,633,776
463,481,726,538,767
463,225,780,292,844
463,295,865,459,999
463,272,817,369,890
464,1211,701,1569,859
464,762,715,897,795
464,631,719,730,785
464,397,733,456,779
464,572,725,633,777
464,481,725,538,768
464,225,780,292,844
464,295,865,459,999
464,272,817,369,890
465,1211,701,1570,859
465,762,715,897,795
465,631,719,730,785
465,397,732,453,778
465,572,725,633,777
465,481,725,538,768
465,225,780,292,844
465,295,865,459,999
465,272,817,369,890
466,1211,701,1570,859
466,762,715,897,795
466,631,719,730,785
466,395,731,448,778
466,572,725,633,777
466,482,725,538,768
466,225,780,292,844
466,289,859,458,1000
466,272,817,369,890
467,1211,701,1570,859
467,762,715,897,795
467,631,719,730,785
467,396,734,446,778
467,572,725,633,777
467,482,725,538,768
467,225,780,292,844
467,288,859,457,1000
467,272,817,369,890
468,1211,701,1569,859
468,761,715,897,795
468,631,719,730,785
468,395,732,447,779
468,573,725,633,777
468,482,725,538,768
468,225,780,292,844
468,272,817,369,890
468,288,859,457,1000
469,1211,701,1569,859
469,761,715,897,795
469,631,719,730,785
469,395,735,447,775
469,572,725,633,777
469,483,726,538,768
469,225,780,292,844
469,272,817,369,890
469,288,858,458,1000
470,1211,701,1570,859
470,761,715,897,795
470,631,719,730,785
470,396,735,447,773
470,572,725,633,777
470,483,726,538,768
470,225,780,292,844
470,273,817,369,891
470,295,865,459,999
471,1211,701,1570,859
471,761,715,897,795
471,631,719,730,785
471,396,731,451,772
471,572,725,633,777
471,484,726,538,768
471,225,780,292,844
471,272,817,369,891
471,295,865,459,999
472,1211,701,1570,859
472,761,715,897,795
472,631,719,730,785
472,397,732,451,771
472,483,727,538,768
472,572,725,633,777
472,225,780,292,844
472,295,865,459,999
472,272,817,369,892
