0,354,628,874,1072
0,1622,315,1920,523
0,369,352,703,625
0,317,198,508,353
0,1435,249,1697,418
0,1158,147,1347,286
0,498,82,636,175
0,329,94,470,207
0,899,64,982,127
0,963,61,1030,116
0,1139,60,1260,170
0,900,61,1030,121
0,1302,101,1448,151
1,356,629,873,1072
1,1622,315,1920,522
1,370,353,702,626
1,1436,250,1695,418
1,1158,147,1348,286
1,318,198,508,352
1,498,81,635,175
1,329,94,470,209
1,899,65,981,125
1,963,61,1031,117
1,1139,59,1260,169
1,900,61,1031,121
1,1293,46,1345,81
2,356,629,873,1072
2,1622,315,1920,522
2,370,353,702,626
2,316,197,508,352
2,1437,250,1696,419
2,1158,147,1348,287
2,329,94,470,209
2,498,81,635,176
2,899,65,981,125
2,962,61,1030,117
2,1139,59,1260,168
2,1292,46,1345,81
2,901,61,1031,121
3,357,629,873,1072
3,1622,315,1920,522
3,370,353,703,626
3,317,197,508,352
3,1158,147,1348,287
3,1437,250,1696,419
3,329,94,470,209
3,497,81,636,176
3,899,64,981,125
3,963,61,1030,117
3,1139,59,1260,169
3,1292,46,1343,81
3,903,61,1030,121
4,357,629,873,1072
4,1622,315,1920,521
4,370,353,702,626
4,316,197,508,352
4,1159,147,1348,287
4,1436,250,1697,419
4,329,94,470,208
4,498,81,636,176
4,899,64,980,125
4,963,61,1030,117
4,1139,59,1259,168
4,1290,47,1342,82
4,901,61,1030,121
5,357,629,873,1072
5,1622,315,1920,521
5,370,353,702,625
5,1160,148,1348,286
5,1435,251,1699,418
5,316,197,508,352
5,329,94,470,208
5,498,81,635,175
5,899,65,980,125
5,962,61,1030,117
5,1139,59,1259,168
5,908,61,1031,121
5,1292,89,1418,148
5,1288,47,1341,83
6,356,629,872,1072
6,1622,315,1920,522
6,370,353,702,625
6,1160,147,1348,286
6,1435,251,1698,418
6,318,197,508,352
6,329,94,470,208
6,498,81,636,175
6,899,66,980,125
6,963,61,1030,117
6,1139,59,1259,168
6,1286,46,1338,85
6,899,61,1030,122
6,1293,89,1413,148
7,356,629,873,1072
7,1622,315,1920,522
7,370,353,702,625
7,1160,148,1349,286
7,1434,251,1698,418
7,318,198,508,352
7,329,94,470,208
7,497,81,636,176
7,899,65,980,125
7,963,61,1030,117
7,1139,59,1259,168
7,899,61,1030,122
7,1293,89,1418,147
7,1287,46,1336,83
8,356,629,874,1072
8,1622,315,1920,522
8,370,353,702,625
8,1160,148,1349,286
8,316,197,508,352
8,1434,251,1698,418
8,329,94,470,209
8,497,81,636,176
8,899,64,981,125
8,963,61,1030,117
8,1139,59,1259,168
8,1291,79,1444,152
8,901,61,1030,121
8,1287,47,1334,83
9,355,629,874,1072
9,1622,314,1920,522
9,370,353,702,625
9,1160,148,1348,285
9,316,197,508,352
9,1435,251,1698,418
9,329,94,470,209
9,498,81,635,175
9,900,64,981,125
9,963,62,1030,117
9,1139,59,1259,168
9,1291,79,1430,154
9,902,61,1030,121
10,355,629,874,1072
10,1622,315,1920,521
10,369,353,704,626
10,1435,250,1694,418
10,1160,148,1347,285
10,319,197,508,352
10,329,94,469,209
10,498,81,637,175
10,899,65,981,125
10,961,60,1031,118
10,1291,81,1431,151
10,1138,58,1260,169
10,928,61,1031,121
11,355,629,874,1072
11,1622,315,1920,521
11,369,353,704,626
11,1435,250,1694,418
11,1159,148,1347,285
11,319,197,508,352
11,329,94,469,209
11,498,80,637,175
11,898,65,980,125
11,961,60,1031,118
11,1291,80,1426,154
11,1138,58,1260,169
11,929,61,1031,121
12,357,630,873,1072
12,1622,315,1920,520
12,369,353,704,626
12,1435,250,1694,418
12,1158,148,1346,286
12,319,197,509,352
12,329,93,469,208
12,497,81,637,176
12,899,64,981,125
12,961,60,1031,118
12,1138,58,1260,168
12,1289,77,1399,153
12,900,61,1031,122
13,357,630,873,1072
13,1622,315,1920,520
13,369,353,704,626
13,1435,250,1694,418
13,1157,148,1346,286
13,320,197,509,352
13,329,93,469,209
13,497,81,637,175
13,899,64,981,125
13,961,60,1031,118
13,1138,58,1259,168
13,902,61,1031,122
13,1290,77,1401,155
14,357,630,873,1072
14,1622,315,1920,520
14,369,353,704,626
14,1435,250,1694,418
14,1157,149,1347,284
14,320,197,509,352
14,497,81,637,176
14,329,93,469,209
14,899,64,981,125
14,961,60,1031,118
14,1138,58,1259,169
14,902,61,1031,122
14,1290,73,1401,154
15,357,630,873,1072
15,1622,315,1920,520
15,369,353,704,626
15,1435,250,1694,418
15,1158,148,1346,284
15,320,197,509,352
15,497,81,637,175
15,329,93,469,208
15,899,64,981,126
15,961,60,1031,118
15,1135,58,1260,169
15,911,61,1031,122
16,357,630,872,1072
16,1622,315,1920,520
16,369,353,704,626
16,1435,250,1695,418
16,1159,147,1348,285
16,320,197,509,352
16,497,81,637,176
16,329,93,469,208
16,899,65,981,126
16,961,60,1031,118
16,1126,57,1260,170
16,916,61,1031,122
17,357,630,873,1072
17,1622,315,1920,520
17,369,353,704,626
17,1435,249,1694,418
17,1158,146,1349,284
17,319,197,509,352
17,497,82,637,176
17,329,94,470,208
17,899,64,981,126
17,961,60,1031,118
17,1137,58,1259,170
17,925,61,1031,121
17,1105,102,1146,145
18,357,629,874,1072
18,1622,315,1920,520
18,369,353,704,626
18,1435,250,1694,418
18,1158,146,1348,286
18,320,197,509,352
18,497,82,637,176
18,329,93,469,208
18,899,64,981,125
18,961,60,1031,118
18,1092,99,1145,150
18,1134,59,1259,170
18,930,61,1031,121
19,357,629,874,1072
19,1622,315,1920,520
19,369,353,704,626
19,1435,249,1694,418
19,1160,148,1348,285
19,320,197,509,352
19,497,82,637,176
19,329,93,469,208
19,899,65,981,126
19,963,60,1031,116
19,1083,101,1141,150
19,1127,59,1259,171
19,926,61,1031,121
20,357,629,874,1072
20,1622,315,1920,521
20,371,353,704,625
20,1436,249,1692,418
20,315,196,509,352
20,497,82,636,176
20,330,94,470,208
20,1165,148,1348,286
20,899,65,983,127
20,962,60,1030,117
20,1066,98,1142,150
20,1133,58,1260,169
20,900,61,1031,122
21,357,629,874,1072
21,1622,315,1920,521
21,371,353,704,625
21,1435,249,1694,418
21,317,197,509,352
21,498,82,636,176
21,330,94,470,208
21,1165,149,1348,285
21,899,64,983,127
21,962,60,1030,117
21,1053,102,1141,153
21,1134,59,1259,170
21,901,61,1030,121
22,355,629,874,1072
22,1622,315,1920,521
22,371,353,704,625
22,1436,249,1692,418
22,316,196,509,352
22,498,82,637,176
22,330,94,470,208
22,1162,149,1348,285
22,899,64,982,127
22,963,60,1029,117
22,1135,59,1260,167
22,905,61,1030,121
23,355,629,874,1072
23,1622,315,1920,521
23,371,353,704,625
23,1435,249,1695,418
23,316,196,509,352
23,497,82,636,176
23,330,94,470,209
23,1163,149,1348,286
23,899,64,982,126
23,964,60,1030,118
23,901,61,1030,122
23,1137,61,1259,169
24,355,628,874,1073
24,1621,315,1920,522
24,370,353,703,626
24,497,82,636,176
24,1436,249,1690,419
24,317,196,508,352
24,330,93,470,207
24,1160,147,1348,285
24,899,62,978,125
24,966,60,1028,118
24,900,60,1027,123
24,1025,79,1150,157
24,1138,60,1259,170
25,354,628,874,1072
25,1621,315,1920,522
25,370,353,703,626
25,497,82,636,176
25,1436,249,1691,418
25,317,196,508,352
25,330,93,470,207
25,1159,148,1348,285
25,899,64,981,126
25,966,59,1025,116
25,901,60,1026,124
25,1004,80,1153,159
25,1068,61,1260,169
26,354,628,874,1073
26,1621,315,1920,522
26,370,353,703,626
26,497,82,636,176
26,1436,249,1690,418
26,316,196,508,352
26,330,93,470,207
26,1159,148,1348,285
26,899,61,978,125
26,988,78,1151,155
26,899,60,1024,124
26,959,59,1026,112
26,1141,60,1259,170
26,1059,61,1260,168
27,355,628,874,1073
27,1621,315,1920,521
27,370,353,704,626
27,497,82,636,176
27,1436,249,1690,418
27,318,197,508,352
27,330,93,470,207
27,1159,147,1348,285
27,899,60,1023,127
27,900,62,981,126
27,1143,60,1259,168
27,980,81,1153,157
28,356,629,874,1073
28,1621,315,1920,521
28,370,352,703,626
28,1437,249,1691,419
28,497,82,636,176
28,317,197,508,352
28,330,93,470,207
28,1159,147,1349,285
28,899,58,1024,127
28,962,79,1147,159
28,1140,60,1259,170
28,900,61,975,124
29,356,628,874,1073
29,1621,315,1920,521
29,370,352,704,626
29,497,82,636,176
29,1437,249,1691,419
29,316,196,509,352
29,330,93,470,207
29,1159,147,1348,285
29,900,58,1024,124
29,951,76,1148,159
29,1136,60,1260,170
29,1010,78,1150,158
30,356,628,874,1072
30,1621,315,1920,522
30,369,353,702,626
30,1436,250,1693,418
30,498,82,636,176
30,316,196,508,352
30,1159,147,1347,286
30,330,94,470,207
30,935,77,1141,154
30,1129,60,1259,168
30,900,56,1026,125
30,1004,76,1142,155
31,356,628,873,1072
31,1621,315,1920,522
31,369,353,703,626
31,1436,250,1693,418
31,498,82,636,176
31,1159,147,1348,286
31,316,196,508,352
31,330,94,470,207
31,1131,60,1259,169
31,984,76,1144,155
31,927,76,1141,159
31,900,58,1025,126
32,356,628,873,1072
32,1621,315,1920,522
32,369,353,702,625
32,1436,250,1693,418
32,498,82,636,176
32,316,196,509,352
32,1158,147,1348,286
32,330,94,470,207
32,1138,60,1259,168
32,925,72,1139,159
32,900,57,1027,153
33,356,627,874,1072
33,1621,315,1920,522
33,369,353,703,625
33,1436,250,1694,418
33,498,83,635,176
33,1158,147,1349,286
33,316,196,509,352
33,330,94,469,206
33,1138,60,1260,169
33,892,67,1109,157
33,888,58,1020,153
34,355,627,874,1072
34,1621,315,1920,522
34,369,353,703,625
34,1436,250,1693,418
34,498,83,635,176
34,1157,147,1348,286
34,318,197,509,351
34,330,94,469,206
34,1137,59,1259,168
34,875,58,1072,154
34,914,72,1097,156
35,356,627,874,1072
35,1621,315,1920,523
35,369,353,702,625
35,1436,250,1692,418
35,498,83,635,176
35,1157,147,1348,286
35,317,196,509,351
35,330,94,469,206
35,866,63,1079,155
35,1138,59,1259,168
36,355,628,874,1072
36,1621,315,1920,521
36,370,354,703,626
36,1434,250,1692,417
36,498,83,635,176
36,317,196,509,352
36,1158,147,1347,286
36,330,94,470,208
36,855,61,1061,155
36,1138,59,1258,168
37,355,627,875,1072
37,1621,315,1920,521
37,370,354,703,626
37,1436,251,1690,418
37,498,83,635,176
37,316,196,509,352
37,1158,147,1347,286
37,330,94,470,208
37,841,60,1048,154
37,1138,59,1258,168
38,355,628,874,1072
38,1622,315,1920,520
38,370,354,703,625
38,1436,250,1690,418
38,498,83,634,176
38,316,196,509,352
38,1158,147,1347,286
38,330,94,470,208
38,835,59,1032,156
38,1138,59,1259,168
39,355,627,874,1072
39,1621,315,1920,521
39,370,354,703,626
39,1436,251,1690,418
39,498,83,634,176
39,317,196,508,352
39,1159,148,1347,285
39,330,94,470,208
39,1137,58,1259,168
39,826,64,1022,157
40,355,627,874,1072
40,1621,315,1920,521
40,369,353,703,626
40,1436,250,1690,418
40,498,83,633,176
40,317,196,509,352
40,1161,149,1347,286
40,330,93,471,209
40,1138,58,1259,167
40,818,67,1008,157
40,958,60,1027,115
41,355,627,875,1072
41,1621,315,1920,521
41,369,353,703,626
41,1436,250,1691,418
41,498,83,634,176
41,317,196,509,352
41,1161,148,1347,286
41,330,93,471,209
41,1138,58,1259,167
41,812,67,993,159
41,957,60,1028,117
42,356,627,874,1072
42,1621,315,1920,521
42,369,353,703,626
42,1436,250,1690,418
42,498,83,633,176
42,317,196,509,352
42,1161,148,1347,286
42,330,93,471,209
42,804,72,978,160
42,954,60,1028,117
42,1138,58,1259,167
43,356,628,875,1072
43,1621,315,1920,521
43,369,353,703,626
43,1435,250,1690,418
43,498,83,634,176
43,317,196,509,352
43,1161,148,1347,286
43,330,94,471,209
43,797,73,964,160
43,959,60,1028,119
43,1139,57,1260,167
43,936,58,1029,121
43,911,59,991,127
44,356,628,875,1072
44,1621,315,1920,521
44,369,353,703,626
44,790,75,958,161
44,1435,250,1690,418
44,498,83,634,176
44,318,196,509,352
44,1161,149,1347,286
44,330,94,471,208
44,952,59,1028,120
44,1139,57,1259,168
44,913,59,1027,122
44,908,63,999,120
45,356,628,875,1072
45,1621,315,1920,520
45,369,353,703,626
45,1435,250,1691,418
45,498,83,634,176
45,317,196,509,352
45,788,77,947,163
45,1160,148,1348,286
45,330,93,470,208
45,1139,57,1259,168
45,959,59,1029,119
45,907,62,982,123
45,908,61,1029,122
46,356,627,875,1072
46,1621,314,1920,520
46,369,353,702,626
46,1436,250,1690,418
46,498,82,635,176
46,1161,148,1347,286
46,319,197,509,351
46,330,94,470,208
46,775,76,937,163
46,1138,56,1260,168
46,960,59,1029,119
46,904,62,979,124
46,916,60,1029,122
47,356,627,875,1072
47,1621,314,1920,520
47,369,353,703,626
47,1436,250,1691,418
47,498,83,635,176
47,1161,148,1347,286
47,320,197,509,351
47,330,93,470,208
47,773,76,928,161
47,1138,55,1260,168
47,960,59,1029,118
47,903,65,979,123
48,356,628,876,1072
48,1621,314,1920,521
48,369,353,702,626
48,1435,250,1692,418
48,498,82,634,176
48,319,197,509,352
48,1161,148,1347,286
48,767,78,920,164
48,330,93,471,208
48,1139,55,1260,168
48,960,60,1030,118
48,903,66,980,124
48,926,60,1030,121
49,356,628,876,1072
49,1621,314,1920,521
49,369,353,702,626
49,1435,250,1692,418
49,498,82,635,176
49,318,197,509,352
49,1161,148,1348,286
49,764,77,909,164
49,330,93,471,208
49,899,66,978,123
49,1139,55,1260,168
49,960,60,1030,118
50,356,628,874,1073
50,1621,314,1920,521
50,369,354,702,625
50,497,82,636,176
50,1435,250,1694,418
50,1161,148,1346,286
50,319,197,510,352
50,330,93,470,208
50,754,76,895,165
50,899,64,979,125
50,1139,54,1260,168
50,960,59,1030,118
51,356,628,875,1073
51,1621,315,1920,521
51,369,354,702,625
51,497,82,636,176
51,1435,250,1694,418
51,1160,148,1346,286
51,319,197,510,352
51,749,76,889,165
51,330,93,470,208
51,897,64,979,126
51,1138,54,1260,168
51,960,59,1030,117
51,929,60,1029,121
51,1855,671,1919,1054
52,356,628,875,1072
52,1621,315,1920,521
52,369,353,703,626
52,497,82,636,176
52,1435,250,1694,418
52,743,77,886,165
52,1160,148,1346,286
52,319,197,510,352
52,330,93,470,208
52,1802,629,1919,1004
52,899,64,979,126
52,1138,54,1260,168
52,960,60,1030,117
52,922,61,1029,121
53,356,628,875,1072
53,1621,315,1920,520
53,369,353,703,625
53,497,82,636,176
53,1435,250,1694,418
53,738,76,879,165
53,1160,148,1346,286
53,319,197,510,352
53,1743,514,1918,957
53,330,93,470,208
53,899,65,979,126
53,1138,55,1260,168
53,961,60,1030,117
53,903,60,1029,121
54,357,628,874,1072
54,1622,315,1920,517
54,369,353,703,625
54,498,82,636,176
54,1435,250,1694,417
54,317,197,510,353
54,735,77,876,166
54,1161,149,1346,286
54,329,94,470,210
54,1691,496,1919,1049
54,899,65,980,126
54,1138,56,1260,168
54,961,60,1030,117
54,906,60,1029,121
55,356,628,874,1072
55,369,353,703,626
55,498,82,635,176
55,1622,315,1919,519
55,318,197,510,353
55,729,77,870,165
55,1435,250,1695,418
55,1159,148,1346,286
55,329,94,470,209
55,899,64,979,126
55,1138,55,1260,168
55,962,60,1029,117
55,1635,469,1919,996
55,905,60,1028,121
56,356,628,874,1072
56,369,353,703,625
56,497,82,637,176
56,1435,250,1693,418
56,317,197,510,352
56,1160,148,1346,286
56,330,93,470,209
56,1621,315,1920,498
56,724,77,865,167
56,898,65,979,126
56,962,60,1029,118
56,1136,56,1260,169
56,900,60,1028,122
57,356,628,874,1073
57,369,353,704,625
57,497,81,637,176
57,316,196,510,352
57,1435,250,1692,417
57,1161,148,1346,286
57,330,93,470,209
57,717,76,859,167
57,1623,315,1919,479
57,898,65,979,126
57,962,60,1029,118
57,1134,57,1259,169
57,901,60,1028,122
57,1549,426,1918,911
58,357,628,874,1073
58,369,353,704,626
58,497,82,636,176
58,1435,250,1691,418
58,319,197,510,352
58,1161,148,1346,286
58,1630,315,1920,445
58,330,93,470,209
58,712,76,853,169
58,899,65,979,126
58,962,59,1030,118
58,1135,59,1259,168
58,905,60,1029,122
59,356,629,873,1072
59,369,353,704,626
59,497,82,636,176
59,1435,250,1690,416
59,319,197,510,352
59,1162,148,1347,286
59,330,93,470,209
59,706,77,848,170
59,1646,316,1920,450
59,898,65,980,126
59,962,59,1029,117
59,1138,59,1259,168
59,900,60,1029,122
59,1067,40,1125,94
60,356,629,875,1072
60,369,352,701,625
60,497,83,637,176
60,702,79,842,169
60,1159,148,1347,286
60,321,198,508,352
60,329,94,471,211
60,1436,248,1699,414
60,899,65,979,125
60,1658,315,1919,472
60,961,59,1031,117
60,899,60,1030,122
60,1135,57,1260,168
61,356,629,875,1072
61,369,352,701,626
61,497,83,637,176
61,1159,148,1347,286
61,321,198,508,352
61,329,94,471,211
61,697,78,838,170
61,1436,247,1695,398
61,899,65,980,125
61,1669,315,1919,457
61,961,60,1031,117
61,899,60,1030,122
61,1134,58,1259,167
62,356,629,875,1072
62,369,352,701,625
62,497,83,636,176
62,1159,148,1347,285
62,321,197,508,352
62,692,80,831,170
62,1436,248,1690,382
62,329,94,471,211
62,899,65,979,125
62,962,59,1030,117
62,1689,316,1919,450
62,899,60,1029,122
62,1451,252,1686,350
62,1136,59,1259,168
63,356,629,876,1072
63,369,352,702,625
63,498,83,636,176
63,1159,148,1347,285
63,321,198,508,352
63,329,94,471,211
63,1690,314,1919,534
63,685,79,821,171
63,899,65,980,125
63,1443,250,1689,337
63,961,59,1030,117
63,899,60,1030,122
63,1137,60,1260,168
63,1115,56,1168,112
64,357,629,876,1072
64,369,352,702,626
64,497,83,637,176
64,1159,148,1347,285
64,1688,315,1919,529
64,321,197,508,352
64,680,79,821,177
64,330,94,471,211
64,899,65,980,126
64,1452,249,1682,323
64,962,60,1030,117
64,1133,60,1259,167
64,900,61,1030,122
64,1112,56,1171,111
65,356,629,875,1072
65,498,83,636,176
65,369,352,702,626
65,1665,315,1919,523
65,320,197,508,352
65,1159,148,1347,285
65,330,94,471,211
65,676,79,815,176
65,899,65,980,125
65,1456,249,1704,370
65,962,60,1031,117
65,1109,56,1168,113
65,1134,60,1259,167
65,899,61,1030,122
66,356,629,875,1072
66,497,83,636,176
66,369,352,702,626
66,1656,314,1919,528
66,320,197,508,352
66,1160,148,1346,285
66,330,94,471,211
66,671,80,813,177
66,1466,249,1703,374
66,898,64,981,127
66,962,60,1031,117
66,1106,56,1166,114
66,899,60,1030,122
66,1135,61,1259,167
67,357,629,876,1072
67,497,83,636,176
67,369,352,701,625
67,1656,314,1920,525
67,663,81,805,177
67,321,198,508,351
67,1162,148,1345,283
67,330,93,471,211
67,898,66,979,126
67,1467,250,1703,375
67,961,60,1030,117
67,1101,57,1166,114
67,1137,60,1261,170
67,901,61,1030,122
68,356,629,876,1072
68,1635,314,1920,525
68,369,352,701,626
68,498,83,635,176
68,1161,148,1345,282
68,321,198,508,352
68,662,81,802,178
68,330,94,471,211
68,898,66,979,126
68,1099,58,1166,116
68,1479,249,1702,386
68,961,60,1030,117
68,1137,60,1261,170
68,901,61,1029,121
68,1209,266,1643,599
69,357,629,876,1072
69,1625,314,1920,523
69,369,352,701,625
69,498,83,633,176
69,657,83,798,178
69,321,198,508,352
69,1162,147,1346,279
69,330,94,471,211
69,1484,249,1701,423
69,1096,58,1164,117
69,898,65,979,126
69,1136,60,1261,171
69,961,60,1030,117
69,1187,258,1601,579
69,901,60,1029,122
70,355,629,874,1072
70,1623,314,1920,521
70,370,352,704,626
70,652,82,791,178
70,498,82,631,175
70,321,197,509,352
70,1161,150,1346,278
70,330,94,470,207
70,1478,250,1699,419
70,899,65,981,126
70,1092,57,1165,117
70,962,60,1029,117
70,1138,62,1258,168
70,911,61,1029,121
71,355,629,873,1072
71,1622,314,1920,522
71,370,352,704,626
71,498,82,630,175
71,643,82,785,180
71,1464,251,1699,418
71,321,197,509,352
71,330,94,470,207
71,1089,59,1163,116
71,1161,150,1344,269
71,899,65,981,126
71,1138,63,1258,168
71,962,60,1029,117
71,908,61,1029,121
72,355,629,874,1072
72,370,352,704,625
72,1622,314,1920,522
72,636,82,784,179
72,498,82,631,176
72,317,196,509,352
72,1087,59,1159,117
72,329,94,470,207
72,1457,251,1695,418
72,899,65,980,126
72,1156,150,1343,272
72,1138,62,1258,168
72,961,60,1029,117
72,932,61,1029,121
72,1166,148,1344,240
73,355,629,874,1072
73,370,352,704,625
73,1622,314,1920,523
73,629,82,777,178
73,317,196,509,352
73,1463,250,1696,419
73,1083,57,1156,116
73,498,82,627,175
73,329,94,470,207
73,1158,148,1343,231
73,899,65,980,126
73,961,60,1029,117
73,1139,61,1258,169
73,920,61,1029,121
74,355,629,874,1072
74,369,353,704,625
74,1621,314,1920,522
74,629,82,774,179
74,1078,57,1154,116
74,1442,250,1695,418
74,318,197,509,352
74,329,94,469,208
74,498,81,626,175
74,1171,149,1343,226
74,899,65,979,126
74,962,60,1029,117
74,1140,60,1259,170
74,899,61,1007,125
75,355,629,874,1072
75,370,352,704,625
75,1621,314,1920,522
75,1437,251,1696,419
75,1076,58,1150,117
75,318,197,509,352
75,624,82,769,180
75,329,94,470,208
75,499,81,626,174
75,1175,149,1341,217
75,899,64,979,125
75,1139,60,1259,170
75,962,60,1029,117
75,1074,204,1421,478
75,899,61,1029,122
76,355,629,874,1072
76,1622,314,1920,521
76,369,353,703,625
76,1436,251,1696,419
76,620,83,764,183
76,317,196,509,352
76,330,94,470,208
76,1074,58,1149,118
76,497,81,628,176
76,1179,148,1346,257
76,899,65,979,125
76,1139,60,1259,168
76,962,60,1029,117
76,899,60,1028,122
77,355,629,875,1072
77,369,352,704,625
77,1621,314,1920,522
77,1437,251,1695,420
77,315,196,510,352
77,497,81,628,175
77,330,94,470,207
77,616,86,760,183
77,1180,147,1348,256
77,1071,60,1145,118
77,899,65,979,125
77,1138,60,1260,166
77,962,60,1028,117
77,1043,181,1370,451
77,899,60,1028,122
78,355,629,875,1072
78,1621,314,1920,521
78,369,352,704,625
78,1437,251,1695,420
78,315,196,510,352
78,330,94,470,207
78,497,82,626,176
78,610,87,756,187
78,1067,63,1142,118
78,1189,146,1346,258
78,899,65,980,125
78,1139,60,1259,165
78,963,59,1028,117
78,899,60,1028,122
79,355,629,875,1072
79,369,352,703,625
79,1621,314,1920,521
79,1437,250,1695,420
79,315,196,509,352
79,499,82,622,174
79,330,94,470,207
79,606,86,752,189
79,1195,146,1349,286
79,1064,66,1138,118
79,899,65,980,126
79,962,59,1029,117
79,1139,61,1259,166
79,899,61,1029,122
80,357,629,876,1072
80,1621,314,1920,521
80,369,353,704,625
80,1436,250,1690,418
80,312,195,510,352
80,601,87,747,189
80,1204,147,1348,286
80,498,81,620,173
80,329,93,469,207
80,1062,63,1136,121
80,898,65,980,126
80,962,59,1027,117
80,1141,60,1258,167
80,992,171,1303,415
80,913,61,1028,121
81,357,629,875,1072
81,1622,314,1920,521
81,369,353,704,625
81,600,86,744,190
81,1436,251,1690,417
81,312,195,510,352
81,1208,147,1348,286
81,497,81,620,173
81,329,93,469,207
81,1055,61,1134,121
81,990,167,1287,403
81,898,65,980,126
81,961,59,1028,117
81,1140,60,1259,170
81,907,61,1028,121
82,357,629,875,1072
82,1621,314,1920,521
82,369,353,704,625
82,596,86,740,191
82,1436,251,1690,418
82,312,195,510,352
82,497,81,618,173
82,330,94,469,207
82,1210,148,1347,286
82,1053,61,1133,121
82,898,65,980,126
82,961,59,1027,117
82,1138,60,1258,168
82,979,162,1264,393
82,918,61,1028,121
83,357,630,875,1072
83,1622,314,1920,521
83,369,353,703,625
83,592,88,736,192
83,1436,251,1690,418
83,312,195,510,352
83,497,81,617,172
83,330,93,469,207
83,1203,148,1348,288
83,1048,60,1130,121
83,898,66,980,125
83,962,60,1027,116
83,964,158,1243,382
83,1139,59,1259,161
84,357,629,873,1072
84,1622,314,1920,522
84,369,353,703,625
84,1436,250,1692,418
84,313,195,510,353
84,590,89,732,193
84,329,93,469,208
84,496,82,610,172
84,1195,147,1350,286
84,956,155,1226,374
84,1045,62,1127,123
84,898,65,980,125
84,1137,60,1259,167
84,962,60,1026,116
85,357,629,873,1072
85,1622,314,1920,522
85,369,353,704,625
85,1436,250,1692,418
85,314,195,510,353
85,1203,148,1347,285
85,329,93,469,209
85,496,81,608,173
85,588,92,727,195
85,1043,62,1123,122
85,898,65,980,125
85,944,146,1209,364
85,963,58,1026,117
85,1137,59,1258,162
86,357,629,873,1072
86,1622,314,1920,521
86,369,353,704,625
86,1194,148,1347,285
86,1436,250,1693,418
86,314,195,510,353
86,496,81,609,173
86,329,93,469,209
86,587,91,726,199
86,1038,66,1117,122
86,898,66,979,126
86,934,141,1195,354
86,961,58,1026,117
86,1139,59,1259,165
86,897,60,1026,122
87,357,629,873,1072
87,1622,314,1920,521
87,369,353,703,626
87,1436,250,1692,418
87,314,195,510,353
87,583,92,725,201
87,329,93,469,209
87,1179,147,1348,287
87,497,81,610,174
87,1034,65,1116,125
87,898,65,980,127
87,925,139,1178,345
87,956,58,1028,118
87,1137,59,1260,167
87,896,60,1027,123
88,357,629,874,1072
88,1622,314,1920,521
88,369,353,704,626
88,1436,250,1692,418
88,314,195,510,353
88,578,93,720,204
88,329,93,469,209
88,1181,149,1348,287
88,1028,64,1115,127
88,497,81,610,174
88,918,133,1168,338
88,897,66,978,127
88,962,59,1028,118
88,1138,58,1259,169
88,896,60,1027,123
89,357,629,874,1072
89,1622,314,1920,521
89,369,353,704,626
89,1436,250,1692,418
89,314,196,510,353
89,575,95,719,209
89,1026,63,1112,127
89,329,93,468,208
89,1162,149,1348,286
89,908,129,1149,330
89,897,63,978,127
89,496,113,599,174
89,935,57,1028,118
89,1137,59,1260,172
89,896,60,1027,123
89,500,81,610,157
90,356,627,876,1072
90,1622,314,1920,522
90,369,353,703,626
90,1436,249,1693,418
90,318,197,509,353
90,1024,65,1109,128
90,1165,149,1348,286
90,574,94,716,212
90,330,93,468,207
90,898,61,1024,126
90,898,61,977,127
90,1138,58,1261,170
90,496,93,606,173
90,904,128,1138,321
90,498,117,587,173
91,356,627,875,1072
91,1622,314,1920,522
91,369,353,702,626
91,1436,249,1694,418
91,571,99,713,215
91,318,197,509,352
91,1160,149,1348,286
91,1019,68,1106,127
91,330,93,468,207
91,899,60,1024,126
91,496,81,610,173
91,1138,58,1261,169
91,899,60,978,126
91,498,108,606,173
92,356,628,875,1072
92,1621,314,1920,522
92,369,353,702,625
92,1436,250,1694,418
92,317,197,509,352
92,569,101,712,217
92,1160,148,1348,286
92,1017,69,1105,125
92,330,93,469,207
92,898,59,1024,129
92,496,81,610,173
92,1137,59,1261,169
92,503,83,609,138
93,356,628,875,1072
93,1621,314,1920,522
93,369,353,702,625
93,1436,249,1693,418
93,566,103,709,222
93,318,197,508,352
93,1161,149,1348,286
93,1016,68,1101,127
93,330,93,468,207
93,497,81,611,174
93,1137,59,1261,170
93,898,59,1024,133
93,891,116,1101,298
93,917,57,1023,98
93,504,83,610,136
94,356,628,876,1072
94,1621,314,1920,522
94,369,353,702,626
94,564,105,710,225
94,1436,249,1693,418
94,318,197,509,352
94,1162,149,1348,286
94,1010,67,1098,130
94,330,93,468,206
94,1138,58,1261,169
94,496,81,614,174
95,356,628,876,1072
95,1621,314,1920,522
95,370,353,703,626
95,563,107,709,227
95,1436,249,1692,418
95,318,197,509,352
95,1164,149,1348,286
95,330,93,469,207
95,496,80,619,174
95,1009,69,1094,129
95,1138,58,1261,169
95,872,112,1081,281
95,854,124,902,163
96,355,629,874,1072
96,1621,314,1920,522
96,372,353,704,625
96,562,109,710,232
96,1436,250,1692,418
96,321,198,509,351
96,1160,149,1346,285
96,330,93,468,207
96,497,81,617,174
96,1009,70,1090,131
96,1137,58,1260,168
96,869,112,1070,277
96,506,83,615,132
96,850,119,895,154
97,355,628,874,1072
97,1621,314,1920,522
97,372,353,704,625
97,1436,249,1692,418
97,563,114,710,236
97,320,197,508,351
97,1159,149,1346,286
97,330,93,469,207
97,497,80,621,176
97,1138,58,1260,168
97,864,100,1061,274
97,990,68,1088,133
98,355,628,875,1072
98,1621,314,1920,523
98,372,353,704,625
98,1436,249,1691,418
98,321,198,508,352
98,1160,149,1347,285
98,562,116,711,239
98,330,93,468,207
98,497,80,622,175
98,1138,58,1260,168
98,862,98,1052,268
98,1006,68,1085,132
98,498,117,603,174
99,355,628,874,1072
99,1622,314,1920,523
99,371,353,704,625
99,563,116,711,240
99,1436,249,1691,418
99,320,198,509,352
99,1161,149,1347,286
99,330,94,469,207
99,1137,58,1260,168
99,497,80,622,173
99,1005,67,1085,132
99,859,91,1044,260
99,497,117,597,173
100,356,629,874,1072
100,1621,315,1920,523
100,370,351,703,625
100,559,120,713,247
100,1436,249,1697,418
100,316,197,510,352
100,1161,149,1347,285
100,329,93,469,209
100,1138,59,1259,168
100,497,80,622,174
100,927,59,1079,134
100,854,91,1038,254
100,972,62,1080,133
100,497,117,598,173
100,1002,65,1083,132
101,356,629,874,1072
101,1621,315,1920,523
101,370,352,703,625
101,316,197,510,352
101,1436,249,1697,418
101,560,121,716,249
101,1162,149,1348,286
101,329,93,469,209
101,1139,59,1259,168
101,912,59,1073,134
101,853,88,1032,249
101,499,81,624,172
101,957,62,1073,133
101,497,117,601,173
102,356,629,874,1072
102,1621,315,1920,523
102,370,352,704,625
102,560,124,719,251
102,315,197,510,353
102,1436,249,1697,418
102,1165,149,1347,286
102,329,93,469,208
102,497,81,626,174
102,1138,59,1259,168
102,915,60,1072,136
102,852,86,1025,244
102,1858,643,1919,892
102,984,64,1072,135
103,356,629,874,1072
103,1621,315,1920,522
103,369,352,704,625
103,560,124,719,256
103,1436,249,1696,418
103,315,197,510,352
103,1163,149,1348,286
103,329,93,469,208
103,497,81,626,174
103,1138,59,1260,168
103,923,61,1070,136
103,851,82,1019,240
103,1817,600,1919,862
104,356,629,874,1072
104,1621,315,1920,523
104,561,126,720,262
104,369,352,704,625
104,1436,249,1697,418
104,314,197,509,353
104,1165,149,1348,286
104,330,93,469,208
104,1779,552,1919,898
104,1138,59,1259,168
104,498,81,627,174
104,926,61,1068,135
104,850,78,1017,235
105,356,629,874,1072
105,562,128,721,264
105,1621,315,1920,521
105,369,352,703,625
105,1436,249,1697,418
105,314,197,509,352
105,1164,149,1348,286
105,330,93,469,208
105,959,61,1065,136
105,497,81,629,174
105,1138,59,1260,168
105,1741,539,1919,871
105,848,74,1013,229
106,356,629,875,1072
106,1622,315,1920,521
106,564,132,722,269
106,369,352,704,625
106,1436,249,1696,418
106,1706,515,1919,845
106,314,197,509,352
106,1161,149,1348,286
106,330,93,469,208
106,497,81,629,173
106,966,61,1062,135
106,1138,59,1260,168
106,853,71,1012,226
107,565,135,727,274
107,356,629,875,1072
107,1621,314,1920,520
107,369,353,703,625
107,1436,249,1695,418
107,1670,499,1918,817
107,315,197,509,352
107,1163,149,1348,286
107,330,93,469,209
107,497,80,628,173
107,1138,59,1259,169
107,966,61,1056,136
108,564,138,732,280
108,358,629,875,1072
108,1621,314,1920,515
108,369,353,703,625
108,1640,480,1919,792
108,1436,249,1696,419
108,1161,149,1348,286
108,314,197,509,352
108,496,80,629,173
108,330,93,469,208
108,970,61,1055,136
108,1138,59,1259,168
108,851,67,1007,214
109,357,629,875,1072
109,369,353,702,625
109,567,139,739,283
109,1436,249,1697,419
109,1606,449,1918,770
109,1160,148,1348,286
109,315,197,509,352
109,1622,315,1920,496
109,496,81,629,173
109,330,93,469,208
109,1138,59,1259,168
109,972,61,1052,136
110,355,628,875,1072
110,369,352,702,625
110,568,143,744,286
110,1573,449,1919,750
110,1436,249,1694,418
110,1160,148,1348,286
110,318,197,508,352
110,1624,315,1920,483
110,496,80,632,173
110,329,94,469,209
110,1138,59,1260,168
110,970,61,1049,138
111,355,628,875,1072
111,369,352,702,625
111,1547,433,1919,734
111,568,146,747,290
111,1436,249,1693,419
111,1160,148,1348,286
111,1626,314,1920,456
111,495,80,633,173
111,317,197,509,351
111,329,94,469,209
111,1138,59,1259,169
111,984,64,1050,138
111,861,62,1007,202
112,355,628,876,1071
112,1520,423,1918,715
112,369,352,702,625
112,1436,249,1693,419
112,1160,148,1348,286
112,573,150,751,296
112,495,80,634,173
112,317,197,510,351
112,330,94,469,208
112,1630,315,1920,460
112,1629,314,1919,536
112,1138,59,1260,170
112,993,65,1047,139
112,938,61,1048,139
113,356,628,875,1071
113,1490,398,1894,692
113,369,353,702,625
113,575,149,758,301
113,1160,148,1348,286
113,1436,249,1693,417
113,1632,315,1919,537
113,495,80,633,174
113,317,197,510,351
113,330,94,469,208
113,1138,59,1260,170
113,992,63,1048,139
113,864,60,1014,195
114,1465,394,1858,673
114,356,628,875,1071
114,369,353,702,625
114,577,157,760,306
114,1436,249,1693,415
114,1159,148,1348,286
114,1634,315,1919,535
114,317,198,510,351
114,496,81,635,174
114,330,94,470,208
114,1138,59,1260,170
114,996,64,1045,138
114,868,60,1017,194
115,356,628,876,1072
115,369,353,702,625
115,1435,388,1820,659
115,577,163,768,312
115,1635,316,1919,529
115,1160,148,1348,286
115,1436,249,1696,414
115,318,198,510,351
115,496,81,636,173
115,330,94,470,209
115,1138,59,1259,169
115,872,57,1025,190
116,356,628,876,1071
116,369,353,702,625
116,1649,314,1919,528
116,1415,369,1787,640
116,579,163,772,316
116,1159,148,1348,286
116,1436,248,1695,403
116,496,81,636,175
116,317,198,510,351
116,330,94,470,209
116,1138,59,1259,168
116,877,56,1032,190
117,356,628,877,1071
117,1387,367,1752,622
117,369,353,702,625
117,582,164,775,323
117,1652,316,1920,520
117,1435,248,1696,387
117,1159,148,1348,286
117,496,81,636,175
117,318,198,510,351
117,329,94,470,209
117,1138,59,1259,168
117,882,53,1034,187
118,356,628,877,1071
118,369,353,703,625
118,582,167,783,330
118,1654,315,1920,523
118,1159,148,1348,286
118,1368,352,1719,606
118,496,81,636,175
118,1436,248,1697,375
118,318,198,509,351
118,329,94,470,209
118,888,53,1034,183
118,1138,59,1259,169
119,356,628,876,1071
119,1642,315,1920,526
119,1344,347,1694,590
119,369,354,702,625
119,583,171,786,335
119,1159,148,1348,286
119,496,81,636,176
119,1438,248,1697,381
119,317,198,509,351
119,329,94,470,209
119,1138,59,1260,169
119,895,53,1039,179
120,356,627,873,1072
120,369,354,703,625
120,587,172,795,340
120,1633,315,1920,523
120,1325,335,1662,575
120,1159,148,1348,286
120,317,198,509,352
120,498,82,635,175
120,899,53,1048,178
120,1443,249,1696,399
120,330,94,470,209
120,1138,59,1260,169
121,356,628,873,1072
121,369,354,703,625
121,1627,315,1920,521
121,1306,326,1633,561
121,589,180,798,348
121,1159,148,1348,286
121,317,198,509,352
121,498,82,636,175
121,1444,250,1695,426
121,330,94,470,209
121,1138,59,1260,169
121,903,53,1053,177
122,356,628,873,1072
122,369,354,702,625
122,1626,315,1920,520
122,1283,315,1603,546
122,596,184,809,354
122,1159,148,1348,286
122,318,198,507,353
122,498,82,637,176
122,330,94,470,209
122,1447,250,1695,424
122,917,52,1058,175
122,1138,59,1260,169
123,357,628,873,1072
123,1266,305,1577,532
123,1624,314,1920,520
123,369,354,702,625
123,599,189,816,363
123,1159,148,1348,286
123,318,198,508,353
123,1451,249,1698,418
123,498,81,637,176
123,330,94,471,209
123,1138,60,1260,170
123,923,53,1064,173
123,898,67,931,128
124,357,628,873,1072
124,1623,315,1920,521
124,369,354,702,625
124,1247,299,1552,518
124,601,193,822,370
124,1456,249,1695,419
124,1160,148,1348,286
124,928,54,1071,169
124,318,198,509,352
124,498,82,636,175
124,330,94,470,209
124,1138,60,1260,169
124,899,64,940,129
124,903,59,948,128
125,357,628,873,1072
125,1622,314,1920,521
125,369,354,702,626
125,607,199,832,377
125,1232,290,1525,504
125,1459,250,1694,418
125,1159,148,1347,286
125,317,198,509,352
125,498,82,635,176
125,330,94,470,209
125,934,53,1079,167
125,1138,60,1260,170
125,900,63,956,133
126,357,628,873,1072
126,369,354,702,625
126,1622,315,1920,522
126,612,202,843,384
126,1213,282,1502,492
126,1457,249,1697,418
126,1159,148,1347,285
126,318,198,509,351
126,497,82,635,176
126,330,94,470,209
126,941,50,1085,166
126,1138,60,1260,168
126,901,61,964,138
127,357,628,873,1072
127,369,354,702,626
127,1622,315,1920,521
127,619,207,852,390
127,951,52,1093,165
127,1196,274,1482,480
127,1445,249,1693,419
127,1158,148,1347,282
127,497,82,637,176
127,318,198,509,351
127,330,94,471,209
127,1138,60,1260,168
127,898,62,973,141
128,357,628,873,1072
128,369,353,702,626
128,1622,315,1920,522
128,623,209,863,400
128,1179,268,1458,469
128,1438,250,1691,418
128,1159,149,1345,279
128,497,82,637,176
128,317,198,509,352
128,330,94,471,209
128,958,53,1101,164
128,1138,60,1260,170
128,899,61,986,143
129,357,628,873,1072
129,1622,315,1920,522
129,369,353,702,626
129,631,215,875,410
129,1168,262,1436,458
129,1436,250,1692,418
129,1162,146,1346,276
129,497,82,637,176
129,317,198,509,351
129,330,94,470,209
129,1138,60,1260,170
129,970,51,1108,162
129,899,61,992,144
130,355,628,874,1072
130,1622,315,1920,523
130,641,222,885,417
130,368,353,701,625
130,1149,256,1413,448
130,1437,250,1693,419
130,1164,148,1346,270
130,315,197,509,351
130,495,81,639,175
130,329,93,471,209
130,977,52,1113,161
130,1138,60,1260,171
130,900,61,991,145
131,355,628,874,1072
131,1622,315,1920,523
131,368,353,699,625
131,647,230,900,429
131,1137,251,1393,438
131,1437,250,1694,418
131,981,50,1119,157
131,314,197,509,351
131,495,81,639,175
131,330,93,471,209
131,1166,149,1347,263
131,1138,59,1260,171
131,901,62,996,145
132,355,627,874,1072
132,1622,315,1920,525
132,369,353,699,625
132,1121,236,1371,430
132,656,236,914,437
132,1437,251,1692,419
132,495,81,638,176
132,315,196,508,352
132,330,93,471,209
132,991,49,1126,155
132,1162,146,1350,273
132,900,62,1001,146
132,1137,59,1260,172
133,355,627,875,1072
133,1622,315,1920,524
133,1107,233,1353,416
133,369,353,697,625
133,663,241,928,448
133,1436,251,1692,418
133,495,81,638,176
133,315,196,508,353
133,330,93,470,208
133,1000,48,1130,155
133,1162,145,1348,284
133,900,61,1011,148
133,1134,59,1260,173
134,355,627,875,1072
134,1622,315,1920,523
134,1091,228,1339,406
134,673,246,940,456
134,369,353,697,625
134,1436,251,1692,418
134,495,81,638,176
134,315,196,509,353
134,330,93,471,208
134,1163,145,1349,284
134,900,62,1015,147
134,1011,47,1126,155
134,1135,58,1261,172
135,355,628,875,1072
135,1622,315,1920,523
135,681,255,957,469
135,1078,222,1315,398
135,369,353,697,625
135,1436,250,1692,418
135,313,196,509,353
135,495,81,638,176
135,330,93,470,207
135,1164,146,1342,284
135,897,63,1004,146
135,1135,58,1259,171
135,1019,47,1133,155
136,355,627,875,1072
136,1065,217,1299,388
136,1622,315,1920,524
136,369,353,697,625
136,693,261,971,479
136,1436,250,1693,418
136,313,196,509,353
136,495,82,638,176
136,330,93,471,207
136,1168,147,1348,284
136,897,64,1002,147
136,1025,46,1143,155
136,1132,60,1260,170
136,964,58,1027,117
137,355,627,875,1072
137,1622,315,1920,523
137,369,353,697,625
137,699,270,987,491
137,1048,214,1285,383
137,1436,250,1692,418
137,313,196,508,353
137,495,82,638,176
137,330,93,471,208
137,1173,149,1348,285
137,895,65,999,147
137,1036,46,1147,149
137,1130,58,1259,170
137,963,58,1031,116
138,355,628,875,1072
138,1622,315,1920,523
138,369,353,698,625
138,713,278,1002,506
138,1037,204,1267,371
138,1436,250,1692,418
138,495,81,638,176
138,313,196,508,353
138,330,93,471,208
138,1172,147,1348,286
138,1043,48,1157,150
138,893,67,1000,147
138,1133,58,1259,167
138,957,58,1027,114
139,355,628,875,1072
139,720,287,1020,518
139,1622,315,1920,523
139,1026,201,1249,364
139,369,353,699,625
139,1436,250,1692,418
139,1174,147,1345,287
139,495,82,637,176
139,1049,47,1163,151
139,313,196,509,353
139,330,93,471,208
139,894,69,999,147
139,1139,60,1259,166
139,957,58,1027,116
140,355,629,874,1072
140,1014,195,1234,356
140,1622,315,1920,520
140,368,353,701,625
140,732,293,1035,531
140,495,82,637,176
140,1435,248,1692,418
140,1057,47,1165,146
140,1177,146,1350,286
140,316,196,508,352
140,330,93,471,208
140,895,67,994,147
140,948,59,1027,117
140,1138,62,1258,167
141,355,629,875,1072
141,741,303,1050,545
141,1003,192,1217,349
141,1622,315,1920,520
141,368,353,700,625
141,495,82,636,175
141,1435,249,1692,419
141,316,196,509,352
141,1065,47,1169,145
141,330,93,471,208
141,1190,148,1347,285
141,898,66,993,146
141,935,59,1027,117
141,1137,62,1258,167
142,355,629,875,1072
142,754,314,1071,562
142,1622,315,1920,520
142,368,354,699,625
142,991,186,1204,341
142,495,82,636,175
142,1435,249,1692,419
142,317,195,510,351
142,1194,147,1347,285
142,330,93,471,207
142,1070,47,1172,145
142,1137,61,1259,165
142,901,67,996,146
142,956,59,1027,117
143,764,326,1087,576
143,355,629,875,1072
143,1622,314,1920,520
143,368,353,701,625
143,994,185,1187,335
143,495,82,636,175
143,1435,249,1692,418
143,316,195,509,350
143,330,93,471,207
143,1193,148,1346,285
143,901,66,997,147
143,1076,46,1176,143
143,1138,60,1259,166
143,956,59,1028,116
144,773,332,1105,590
144,356,629,874,1071
144,1622,315,1920,520
144,494,82,635,175
144,368,353,702,626
144,968,178,1173,327
144,1435,249,1694,419
144,317,195,509,353
144,330,92,471,209
144,1173,147,1347,286
144,901,65,1003,148
144,1083,46,1183,140
144,1137,60,1259,166
144,960,61,1028,115
145,356,629,874,1072
145,788,341,1125,610
145,1622,315,1920,520
145,494,82,635,175
145,369,353,702,625
145,958,170,1159,321
145,1435,249,1693,419
145,316,196,510,352
145,1155,146,1345,287
145,330,92,471,209
145,1089,46,1186,137
145,901,60,1022,148
145,1137,60,1258,166
146,800,354,1146,628
146,356,629,874,1072
146,1622,315,1920,521
146,948,166,1146,314
146,494,82,634,175
146,369,353,701,625
146,1435,249,1693,419
146,317,196,510,351
146,1157,146,1345,287
146,330,93,471,208
146,1093,45,1197,136
146,1133,64,1259,171
146,902,58,1025,149
147,356,629,873,1072
147,809,367,1166,647
147,1621,315,1920,522
147,939,163,1132,308
147,494,82,635,175
147,369,353,702,625
147,1435,249,1693,419
147,318,196,510,351
147,1161,148,1347,285
147,330,92,471,208
147,904,58,1030,148
147,1135,64,1258,167
147,1100,45,1199,135
148,356,629,873,1072
148,824,378,1189,667
148,1622,315,1920,522
148,494,82,635,175
148,369,353,701,625
148,1435,249,1692,419
148,931,159,1119,300
148,317,196,510,351
148,1160,148,1347,285
148,330,92,471,207
148,1136,64,1258,169
148,902,57,1035,148
148,1105,46,1204,135
149,837,391,1210,688
149,356,629,874,1072
149,1622,314,1920,522
149,369,353,702,625
149,494,82,634,176
149,1435,249,1692,419
149,922,156,1107,291
149,318,195,510,352
149,1160,148,1347,285
149,330,92,471,207
149,902,58,1048,146
149,1138,64,1259,170
149,1113,44,1206,125
150,851,408,1236,710
150,356,629,872,1071
150,1621,315,1920,522
150,369,352,702,625
150,495,81,636,175
150,914,149,1093,286
150,1435,249,1692,418
150,315,196,509,352
150,1159,148,1348,285
150,330,93,471,207
150,898,59,1068,146
150,1137,61,1260,171
150,984,103,1071,151
151,861,422,1262,732
151,356,630,871,1072
151,1621,315,1920,522
151,369,352,702,626
151,495,81,636,175
151,909,145,1085,283
151,1435,249,1692,418
151,315,195,510,352
151,1160,148,1348,285
151,330,93,471,207
151,1000,104,1090,151
151,896,57,1076,142
151,1129,47,1261,168
152,878,427,1292,759
152,356,629,873,1072
152,1621,315,1920,522
152,369,352,702,625
152,902,144,1074,278
152,495,81,636,176
152,1435,249,1692,418
152,314,195,509,352
152,1159,148,1348,285
152,330,92,471,207
152,1018,105,1109,150
152,899,58,1029,128
152,941,100,1036,148
152,1132,52,1261,170
153,895,456,1319,790
153,356,630,871,1072
153,897,141,1067,272
153,1622,315,1920,522
153,369,352,702,625
153,495,81,636,175
153,1435,249,1692,418
153,315,195,509,352
153,1159,148,1348,285
153,330,93,471,207
153,899,59,1019,128
153,1040,107,1129,152
153,1135,46,1261,171
154,912,473,1350,817
154,356,630,870,1072
154,1622,315,1920,522
154,369,352,702,626
154,891,137,1057,264
154,495,81,636,175
154,1436,249,1691,419
154,314,195,509,352
154,1159,148,1348,285
154,330,92,471,208
154,898,58,1024,127
154,968,78,1143,150
154,1135,53,1261,169
155,927,485,1385,849
155,356,630,871,1072
155,1621,315,1920,522
155,885,135,1050,260
155,369,353,702,626
155,495,81,636,176
155,1436,249,1691,418
155,314,195,510,353
155,1159,148,1348,285
155,330,92,471,207
155,899,61,986,127
155,984,84,1115,152
155,897,60,1025,128
155,1137,52,1260,169
155,1026,81,1146,152
155,928,58,1024,99
156,946,509,1422,879
156,356,629,870,1071
156,1621,315,1920,522
156,369,352,702,626
156,883,129,1043,254
156,496,82,635,175
156,1436,249,1694,420
156,315,195,510,352
156,1160,148,1348,285
156,329,92,471,207
156,1002,80,1144,153
156,899,59,1025,127
156,899,59,984,128
157,966,529,1460,915
157,356,629,871,1071
157,1621,316,1920,522
157,369,352,702,626
157,496,82,635,175
157,884,128,1037,250
157,1435,249,1698,419
157,1027,85,1142,153
157,316,195,510,352
157,1160,148,1348,285
157,329,92,471,206
157,899,59,979,126
157,898,59,1027,125
157,1138,40,1261,168
157,965,58,1028,116
158,987,552,1500,952
158,356,629,869,1071
158,369,353,703,625
158,1621,316,1920,522
158,880,125,1033,243
158,496,82,635,175
158,1436,249,1696,419
158,316,195,510,352
158,1160,148,1348,285
158,329,92,471,207
158,1049,84,1145,149
158,899,62,979,127
158,899,60,1011,124
158,963,58,1026,117
158,935,59,1026,116
158,1131,62,1260,168
158,1047,89,1128,145
158,1074,87,1146,151
158,1155,38,1261,97
159,1008,576,1541,995
159,356,629,870,1071
159,369,353,703,625
159,1621,315,1920,523
159,496,82,635,175
159,1436,249,1694,419
159,315,195,510,352
159,881,122,1032,239
159,1161,148,1348,285
159,329,92,471,207
159,1831,603,1919,921
159,1074,89,1144,149
159,899,59,1027,121
159,944,58,1027,116
159,1137,54,1261,171
159,899,59,980,127
159,967,59,1028,114
160,1033,601,1592,1034
160,357,628,873,1072
160,1621,315,1920,521
160,368,353,701,625
160,496,82,636,175
160,1775,527,1919,900
160,1436,249,1693,419
160,315,196,510,352
160,329,93,472,208
160,883,120,1029,237
160,1163,146,1346,286
160,1101,93,1147,141
160,900,59,1028,121
160,1135,60,1261,170
160,899,59,990,125
160,953,58,1029,115
161,1056,628,1642,1072
161,357,628,874,1071
161,1724,498,1918,931
161,1622,315,1920,519
161,368,353,702,625
161,496,82,636,176
161,1436,249,1692,418
161,314,196,510,352
161,329,93,472,208
161,881,116,1027,232
161,1169,147,1349,285
161,1130,59,1260,169
161,902,58,1028,117
161,942,58,1030,115
162,1088,661,1701,1072
162,357,628,875,1071
162,368,353,702,625
162,1622,315,1919,522
162,496,82,636,176
162,883,113,1025,226
162,1436,250,1692,419
162,314,196,510,352
162,1676,485,1918,893
162,329,93,472,208
162,1163,147,1347,285
162,902,58,1028,117
162,1137,59,1260,169
162,1289,81,1389,156
162,937,59,1028,112
163,1119,690,1761,1070
163,357,628,874,1071
163,369,353,703,626
163,1629,454,1919,856
163,496,82,636,175
163,1436,250,1692,419
163,1621,315,1920,506
163,314,196,510,352
163,330,93,472,208
163,888,110,1019,221
163,1160,147,1347,286
163,1137,61,1259,168
163,902,58,1028,116
164,358,629,875,1072
164,1588,441,1918,816
164,1153,725,1827,1075
164,368,353,702,625
164,1436,250,1692,419
164,496,82,636,176
164,313,195,510,352
164,1623,315,1920,493
164,330,93,472,208
164,888,106,1019,215
164,1158,146,1348,285
164,1138,60,1259,169
164,896,57,1029,118
164,1288,79,1441,154
164,955,59,1030,114
165,358,629,875,1071
165,1190,766,1911,1072
165,368,353,702,625
165,1546,409,1918,787
165,313,195,511,353
165,495,81,636,176
165,1436,250,1692,418
165,330,93,472,208
165,1160,146,1349,285
165,1627,316,1920,452
165,890,102,1020,213
165,1138,60,1260,168
165,1291,80,1463,156
165,896,58,1029,116
166,358,628,874,1071
166,368,353,702,625
166,1232,806,1919,1068
166,1508,382,1918,762
166,497,82,635,176
166,313,195,510,353
166,1436,250,1691,418
166,330,93,472,209
166,890,101,1017,211
166,1634,317,1920,442
166,1159,147,1348,286
166,1138,61,1260,169
166,896,58,1027,119
166,1302,101,1384,153
167,1282,855,1919,1069
167,357,628,875,1071
167,369,353,703,626
167,1473,381,1919,741
167,496,81,636,176
167,314,196,510,352
167,1436,249,1690,416
167,330,93,472,208
167,1160,147,1348,285
167,1642,317,1920,437
167,891,91,1019,206
167,1137,60,1260,169
167,1639,315,1919,514
167,1341,99,1401,151
167,1369,86,1504,155
167,899,58,1026,116
168,357,629,876,1071
168,369,353,702,625
168,1439,368,1901,720
168,1335,901,1918,1071
168,496,82,635,176
168,330,93,471,208
168,316,196,510,352
168,1437,250,1694,413
168,1160,148,1349,286
168,893,79,1019,201
168,1137,59,1261,170
168,1650,316,1919,541
168,1653,317,1920,472
169,357,629,876,1071
169,368,353,701,625
169,496,81,636,176
169,330,93,472,207
169,315,196,510,352
169,1433,248,1694,393
169,1680,316,1919,536
169,1160,148,1349,285
169,895,85,1023,199
169,1405,961,1916,1071
169,1138,59,1261,170
169,1407,358,1851,696
170,357,629,875,1071
170,369,353,701,624
170,312,195,510,352
170,1377,339,1806,671
170,329,93,472,209
170,495,80,636,176
170,1684,315,1919,530
170,1160,148,1349,285
170,1438,250,1698,366
170,1137,59,1259,170
170,897,76,1026,196
171,357,628,876,1071
171,369,353,701,625
171,1350,330,1765,647
171,312,195,510,352
171,1686,315,1919,527
171,329,93,472,208
171,495,80,636,176
171,1158,147,1349,286
171,1440,250,1697,350
171,1137,59,1260,170
171,902,94,1028,193
171,899,58,1031,193
172,357,628,876,1071
172,369,353,701,624
172,311,195,510,352
172,1681,316,1920,522
172,329,93,473,208
172,495,80,636,176
172,1324,258,1724,626
172,1160,148,1350,285
172,906,87,1032,192
172,1137,60,1260,170
172,1442,250,1700,361
173,357,628,875,1071
173,1301,310,1691,604
173,369,353,701,624
173,1659,315,1920,526
173,312,196,510,352
173,495,80,636,176
173,329,93,472,209
173,1159,148,1350,286
173,911,89,1034,188
173,1138,59,1260,170
173,1450,249,1715,365
174,357,628,874,1071
174,369,353,701,624
174,1637,315,1920,525
174,1274,296,1641,585
174,495,80,636,176
174,311,195,510,352
174,329,93,472,209
174,1158,148,1348,285
174,1138,60,1260,170
174,1456,249,1705,481
174,914,95,1041,188
174,1458,250,1704,387
174,911,58,1040,189
175,357,628,876,1071
175,369,353,701,625
175,1627,315,1920,523
175,311,195,511,352
175,495,80,636,176
175,1249,287,1611,568
175,329,93,472,209
175,1158,148,1348,285
175,1138,59,1260,170
175,1459,250,1697,463
175,898,58,1027,127
175,914,82,1044,185
175,1445,250,1694,407
176,357,628,875,1072
176,1624,314,1920,522
176,369,353,701,625
176,1231,277,1583,549
176,311,195,511,352
176,496,81,635,176
176,329,93,472,208
176,1157,147,1344,284
176,1466,250,1699,423
176,1138,59,1259,169
176,915,71,1047,183
176,924,100,1046,183
176,899,58,1026,127
177,1211,269,1554,535
177,357,628,875,1072
177,1623,315,1920,523
177,369,353,702,625
177,495,80,636,176
177,311,195,511,352
177,1156,147,1343,283
177,329,92,472,208
177,930,90,1052,179
177,1472,249,1696,421
177,1138,59,1259,169
177,898,58,1025,129
178,1190,259,1523,519
178,357,628,875,1071
178,1623,314,1920,522
178,1475,249,1697,422
178,369,353,701,625
178,938,84,1057,178
178,495,80,636,176
178,311,196,511,352
178,1155,148,1344,281
178,329,92,472,208
178,1138,60,1259,169
178,898,58,1024,127
179,357,629,875,1071
179,1622,314,1920,522
179,369,353,702,625
179,1171,251,1493,503
179,1154,148,1344,277
179,1468,250,1696,420
179,495,80,636,176
179,311,196,511,352
179,944,84,1064,176
179,329,93,471,209
179,1138,59,1260,170
179,898,58,1024,126
180,356,628,875,1072
180,1622,315,1920,524
180,368,353,702,626
180,1452,250,1696,419
180,1153,244,1469,489
180,497,82,636,176
180,949,84,1070,175
180,315,196,510,352
180,1160,148,1347,271
180,329,93,472,207
180,899,58,1022,126
180,1138,60,1261,169
181,356,628,875,1072
181,1622,315,1920,524
181,368,352,703,626
181,1437,250,1695,418
181,497,82,635,176
181,956,85,1073,171
181,315,196,510,352
181,1138,240,1442,476
181,330,93,471,207
181,1156,148,1344,268
181,899,59,1022,127
181,1138,60,1261,169
182,356,628,875,1072
182,1622,315,1920,524
182,368,352,702,626
182,497,82,635,176
182,1437,250,1697,418
182,315,196,509,352
182,1124,223,1419,464
182,962,82,1079,169
182,329,92,472,207
182,899,59,1022,127
182,1159,147,1344,237
182,1139,60,1260,169
183,356,628,874,1072
183,1622,315,1920,524
183,368,352,702,626
183,496,82,635,176
183,1436,251,1698,419
183,314,195,509,353
183,329,93,471,208
183,1100,214,1396,452
183,969,83,1083,168
183,899,59,1023,126
183,1167,148,1341,231
183,1139,60,1260,168
184,356,628,874,1072
184,1622,315,1920,524
184,368,353,702,626
184,497,83,635,176
184,1436,250,1696,418
184,314,195,509,353
184,1089,210,1374,439
184,329,92,471,208
184,973,84,1089,168
184,899,59,1024,126
184,1174,148,1342,231
184,1139,60,1260,168
185,356,628,875,1072
185,1622,315,1920,524
185,368,353,702,626
185,496,83,635,176
185,1072,204,1351,427
185,1434,250,1697,418
185,979,80,1096,166
185,314,195,509,353
185,329,92,471,208
185,1175,148,1348,269
185,899,60,984,125
185,1139,60,1260,169
185,899,60,1022,126
186,356,627,875,1072
186,1622,315,1920,525
186,368,352,702,626
186,497,83,635,176
186,988,79,1102,163
186,1057,198,1334,417
186,1434,250,1698,417
186,314,195,509,352
186,1182,147,1351,287
186,329,92,471,208
186,899,61,979,126
186,1139,60,1260,168
186,898,59,1018,125
186,958,57,1024,110
187,356,628,875,1072
187,1621,315,1920,524
187,368,352,702,625
187,497,83,635,176
187,1435,250,1696,417
187,995,81,1107,163
187,314,195,509,353
187,1044,194,1311,404
187,329,93,471,208
187,1179,147,1352,286
187,899,63,979,125
187,1139,60,1260,168
187,926,56,1028,115
187,962,57,1026,100
187,900,61,1024,121
188,356,627,875,1072
188,1621,315,1920,524
188,368,352,702,625
188,497,83,635,176
188,1436,250,1696,417
188,314,195,509,353
188,1001,79,1111,162
188,1033,189,1294,394
188,329,93,471,207
188,1183,147,1352,285
188,900,64,979,124
188,1139,60,1260,169
188,959,57,1028,112
189,356,627,875,1072
189,1621,315,1920,524
189,1010,78,1117,160
189,368,352,702,625
189,1020,176,1278,384
189,497,83,635,176
189,1436,250,1695,418
189,314,195,509,352
189,329,92,471,207
189,900,64,980,124
189,1190,148,1352,286
189,1139,60,1260,170
189,966,57,1028,115
190,356,629,874,1072
190,1621,315,1920,523
190,1009,174,1255,374
190,368,353,702,625
190,1015,78,1120,157
190,1436,250,1695,418
190,495,81,636,176
190,314,197,510,352
190,1209,148,1351,287
190,898,62,978,126
190,329,93,471,206
190,1138,59,1260,167
190,965,57,1027,117
191,356,629,874,1072
191,1621,315,1920,523
191,996,168,1242,369
191,368,353,702,625
191,1436,250,1695,418
191,495,81,636,176
191,1025,78,1126,155
191,314,197,510,352
191,1208,148,1350,286
191,898,62,981,127
191,329,93,471,207
191,1136,59,1260,168
191,964,58,1028,118
191,939,60,1026,121
192,355,630,874,1071
192,1622,316,1920,523
192,368,353,701,625
192,990,164,1224,359
192,495,81,636,176
192,1436,251,1694,418
192,1196,147,1351,286
192,315,197,509,352
192,897,62,982,127
192,329,93,472,209
192,1030,75,1131,156
192,963,58,1029,117
192,1136,60,1260,168
193,355,630,874,1071
193,1622,315,1920,522
193,368,353,701,625
193,495,81,636,176
193,1436,251,1694,419
193,978,159,1206,351
193,1189,148,1348,286
193,315,197,510,352
193,898,62,981,126
193,329,93,472,209
193,962,58,1028,116
193,1037,75,1134,153
193,1130,60,1260,167
194,355,630,874,1071
194,1622,315,1920,523
194,368,353,701,625
194,495,81,636,176
194,1436,251,1694,418
194,1193,148,1348,284
194,966,152,1200,344
194,316,197,510,352
194,898,62,981,126
194,329,93,472,210
194,962,58,1027,116
194,1044,77,1141,155
194,1135,60,1260,165
195,355,630,874,1071
195,1622,315,1920,523
195,368,353,701,625
195,495,81,636,176
195,1437,251,1694,418
195,315,197,510,352
195,1186,147,1349,286
195,957,154,1183,332
195,897,62,983,127
195,329,93,472,209
195,962,58,1028,117
195,1049,77,1147,157
195,1140,60,1261,163
196,356,630,874,1071
196,1622,315,1920,523
196,368,353,701,625
196,1436,251,1694,419
196,495,81,636,176
196,951,148,1164,327
196,1181,147,1349,286
196,315,197,509,352
196,897,62,981,127
196,329,93,472,209
196,962,58,1029,117
196,1059,74,1147,151
196,1140,60,1260,166
197,356,629,874,1071
197,1622,315,1920,523
197,368,353,701,625
197,1436,250,1694,419
197,495,81,636,176
197,941,147,1152,318
197,1159,147,1346,287
197,315,197,509,352
197,897,62,981,127
197,329,93,472,209
197,962,58,1028,117
197,1063,72,1149,150
197,1139,60,1260,171
198,356,630,874,1071
198,1622,315,1920,523
198,368,353,701,625
198,1436,250,1694,419
198,495,81,636,176
198,931,139,1144,310
198,315,196,509,352
198,1159,147,1349,286
198,899,63,979,126
198,329,92,472,210
198,1070,72,1151,149
198,964,58,1028,117
198,1138,59,1260,167
198,900,59,1028,121
199,357,630,874,1071
199,1622,315,1920,523
199,368,353,701,625
199,1436,251,1694,418
199,495,81,636,176
199,921,136,1131,305
199,315,196,509,352
199,1160,148,1349,286
199,899,63,979,126
199,329,93,472,209
199,965,58,1028,117
199,1138,60,1260,169
199,1082,73,1155,139
199,897,58,1028,122
200,358,628,874,1072
200,1621,315,1920,522
200,369,353,702,625
200,1436,250,1696,418
200,497,83,636,176
200,915,124,1119,297
200,314,197,509,353
200,1162,148,1349,285
200,330,92,472,209
200,898,61,980,126
200,898,60,1024,126
200,1085,73,1155,144
200,1139,60,1260,170
200,947,58,1029,117
201,358,628,874,1072
201,1621,315,1920,522
201,369,353,702,625
201,1436,250,1695,418
201,497,83,636,176
201,907,121,1109,291
201,313,196,509,353
201,1164,148,1349,285
201,330,92,472,209
201,1091,72,1154,141
201,898,61,981,125
201,898,60,1024,125
201,1138,60,1260,170
201,921,57,1029,117
202,358,628,875,1072
202,1621,315,1920,522
202,368,353,702,625
202,1436,250,1695,418
202,497,83,636,176
202,898,121,1099,284
202,314,197,509,353
202,330,92,472,209
202,1165,148,1349,285
202,1094,71,1154,139
202,898,61,981,125
202,1140,60,1260,170
202,898,60,1020,124
202,949,57,1028,116
202,917,57,1027,115
203,358,628,875,1072
203,1621,315,1920,522
203,369,353,701,625
203,896,119,1086,279
203,1436,250,1696,418
203,497,83,636,176
203,314,197,509,353
203,1161,148,1349,285
203,330,92,472,209
203,1099,71,1153,138
203,899,59,1025,123
203,1138,60,1260,167
203,899,60,980,124
203,954,57,1029,116
204,357,627,876,1072
204,1621,315,1920,523
204,369,353,702,626
204,886,115,1074,272
204,1437,250,1698,418
204,496,83,637,176
204,314,197,509,353
204,1160,148,1349,285
204,330,92,471,209
204,898,58,1028,125
204,1105,71,1155,139
204,1138,60,1260,170
204,898,61,975,127
205,358,627,876,1072
205,1622,315,1920,522
205,369,353,702,626
205,1437,250,1698,418
205,496,83,637,176
205,881,112,1066,267
205,314,196,509,353
205,1160,148,1349,285
205,330,92,471,208
205,899,58,1030,123
205,1111,72,1155,140
205,1137,60,1260,168
206,357,627,876,1072
206,1622,315,1920,523
206,368,353,702,626
206,1437,250,1698,418
206,497,83,636,176
206,1160,148,1349,285
206,315,196,508,353
206,330,92,471,209
206,873,110,1059,262
206,1136,60,1260,168
206,897,57,1030,121
206,1114,78,1149,139
207,358,627,876,1072
207,1622,315,1920,523
207,369,353,702,626
207,1437,250,1697,419
207,496,83,636,176
207,315,196,508,353
207,870,108,1050,255
207,1161,148,1349,285
207,330,92,471,210
207,1135,60,1260,170
207,898,56,1029,118
208,357,627,876,1072
208,1621,315,1920,523
208,369,353,702,626
208,1437,250,1697,419
208,496,83,635,176
208,314,196,508,353
208,1161,148,1349,285
208,330,92,471,209
208,863,102,1039,249
208,1132,59,1259,169
208,900,56,1027,116
209,358,628,876,1072
209,1621,315,1920,523
209,369,353,702,626
209,1437,250,1698,419
209,496,83,636,176
209,313,196,509,353
209,857,99,1031,245
209,1164,148,1349,285
209,330,92,471,210
209,1134,59,1260,168
209,902,57,1030,116
210,356,629,873,1071
210,368,353,703,626
210,1622,314,1920,522
210,495,81,636,176
210,1437,249,1697,419
210,315,196,508,352
210,329,93,472,210
210,1162,148,1349,285
210,853,99,1024,239
210,1139,59,1260,168
210,906,57,1029,114
211,356,629,872,1071
211,368,353,703,626
211,1621,314,1920,523
211,1437,249,1695,419
211,496,81,636,176
211,316,196,508,352
211,850,96,1017,236
211,1161,148,1349,285
211,329,93,472,209
211,1139,59,1260,168
211,904,57,1029,115
211,957,58,1030,115
212,356,629,873,1071
212,368,353,703,626
212,1621,314,1920,523
212,1437,249,1695,419
212,496,81,636,176
212,848,92,1011,230
212,315,196,508,352
212,1159,147,1349,286
212,329,93,472,209
212,1139,59,1260,168
212,958,57,1031,115
212,928,57,1029,116
213,356,630,872,1071
213,368,353,703,626
213,1621,314,1920,523
213,1437,249,1695,419
213,496,81,636,176
213,843,90,1006,225
213,315,196,508,352
213,1160,148,1350,285
213,329,93,472,209
213,1139,59,1260,168
213,961,57,1031,117
213,921,56,1029,119
214,356,630,873,1071
214,368,353,703,626
214,1621,314,1920,523
214,1437,249,1695,419
214,496,81,636,176
214,315,196,508,352
214,1160,148,1350,285
214,329,93,472,209
214,842,86,1001,221
214,959,57,1031,117
214,1139,59,1260,168
214,923,57,1029,119
215,356,630,873,1071
215,368,353,703,626
215,1621,314,1920,523
215,1437,249,1695,419
215,496,81,636,176
215,315,196,508,352
215,329,93,472,209
215,1160,148,1350,285
215,839,86,994,215
215,960,57,1031,117
215,1139,59,1261,168
216,356,629,872,1071
216,368,352,703,626
216,1621,315,1920,522
216,496,82,636,176
216,1436,249,1694,419
216,838,80,987,211
216,315,195,509,352
216,329,93,472,210
216,1161,148,1350,285
216,1139,59,1261,168
216,961,58,1031,117
216,922,58,1029,119
217,356,630,872,1071
217,368,352,703,626
217,1621,314,1920,522
217,496,83,636,176
217,1436,250,1694,419
217,840,79,983,210
217,315,195,509,352
217,1160,148,1350,285
217,329,93,472,210
217,1139,59,1261,168
217,961,58,1031,117
218,356,629,872,1071
218,368,352,703,626
218,1621,314,1920,522
218,496,83,636,176
218,1436,249,1694,419
218,840,77,983,204
218,314,195,509,352
218,1159,148,1350,285
218,329,92,472,210
218,1139,59,1261,169
218,960,58,1029,119
219,356,629,872,1071
219,369,352,704,626
219,1621,314,1920,522
219,496,83,636,176
219,1436,249,1694,419
219,842,74,983,201
219,314,195,509,352
219,1159,148,1350,285
219,329,93,472,210
219,1139,59,1261,169
219,959,58,1029,119
219,909,57,1028,122
220,355,629,874,1072
220,368,353,703,625
220,1621,314,1920,521
220,497,82,635,176
220,1436,250,1690,418
220,317,197,508,352
220,329,93,471,209
220,843,71,981,198
220,1159,148,1348,285
220,1138,59,1260,169
220,959,58,1028,118
221,355,629,874,1072
221,368,353,703,625
221,1621,314,1920,521
221,497,83,635,176
221,1436,250,1690,418
221,317,197,508,352
221,329,93,471,209
221,844,71,979,193
221,1159,148,1348,285
221,958,59,1028,118
221,1138,59,1260,169
222,355,629,875,1072
222,368,353,703,625
222,1621,314,1920,521
222,497,83,635,176
222,1436,250,1690,418
222,317,196,508,352
222,329,93,471,209
222,844,70,981,190
222,1159,148,1349,285
222,960,59,1028,118
222,1138,59,1259,169
223,355,629,875,1072
223,368,353,703,625
223,1621,314,1920,521
223,497,82,635,176
223,1437,250,1690,418
223,316,196,508,352
223,329,93,471,209
223,848,70,985,188
223,1159,148,1349,285
223,961,58,1028,119
223,1138,59,1259,169
224,355,629,875,1072
224,368,353,703,625
224,1621,314,1920,521
224,497,82,635,176
224,1437,250,1690,418
224,316,196,508,352
224,329,93,471,209
224,1159,148,1349,285
224,850,68,987,187
224,961,58,1029,118
224,1138,59,1259,169
225,355,629,875,1072
225,368,353,703,625
225,1621,314,1920,521
225,497,82,635,176
225,1437,250,1691,418
225,316,196,508,352
225,329,93,471,209
225,859,65,991,185
225,1159,148,1349,285
225,961,58,1028,118
225,1138,59,1260,169
226,355,629,875,1072
226,1621,314,1920,520
226,368,353,703,625
226,497,82,635,176
226,1437,250,1691,418
226,862,63,997,182
226,316,196,508,352
226,329,93,471,209
226,1159,148,1349,285
226,963,58,1028,117
226,1139,59,1260,169
226,966,61,1011,112
227,355,629,875,1072
227,1621,314,1920,520
227,368,353,703,625
227,867,63,1000,180
227,497,82,635,176
227,1437,250,1691,418
227,314,196,508,352
227,329,93,471,210
227,1159,148,1349,285
227,965,59,1028,117
227,1139,59,1259,169
228,356,630,874,1071
228,1622,314,1920,521
228,872,63,1004,178
228,368,352,702,625
228,1436,250,1692,418
228,497,82,635,176
228,317,197,508,352
228,329,93,472,210
228,1160,148,1348,285
228,1139,59,1260,169
228,971,60,1028,117
229,356,630,874,1071
229,1622,314,1920,521
229,368,352,702,625
229,1436,250,1692,418
229,496,82,635,176
229,317,197,508,352
229,876,62,1010,175
229,330,93,472,210
229,1158,147,1348,286
229,1139,58,1261,169
229,985,60,1029,116
230,356,628,874,1071
230,1621,314,1920,522
230,369,352,703,626
230,496,83,635,176
230,1436,249,1689,418
230,884,59,1019,174
230,315,196,509,353
230,1159,147,1349,286
230,329,93,472,209
230,1139,59,1259,168
231,356,629,874,1071
231,369,352,704,626
231,1621,314,1920,522
231,496,82,635,176
231,1436,250,1689,418
231,314,196,509,353
231,1159,147,1350,286
231,329,93,472,209
231,891,58,1027,170
231,1139,59,1259,168
232,356,628,874,1071
232,1621,314,1920,522
232,369,352,703,626
232,1436,250,1689,418
232,495,81,635,176
232,314,196,509,353
232,1158,148,1350,286
232,329,93,472,209
232,897,58,1033,169
232,1139,59,1259,168
233,356,629,874,1071
233,1621,314,1920,522
233,368,352,702,625
233,1436,250,1689,418
233,496,82,635,176
233,314,196,509,353
233,1158,148,1349,286
233,329,93,472,209
233,1139,59,1259,169
233,901,60,1042,169
234,356,628,874,1071
234,1621,314,1920,522
234,368,352,702,625
234,1436,250,1689,418
234,496,82,635,176
234,313,195,509,353
234,1160,149,1349,285
234,329,92,472,209
234,1139,59,1260,169
234,917,61,1048,166
235,356,629,874,1071
235,1621,314,1920,521
235,368,352,702,625
235,1436,250,1689,418
235,496,82,635,176
235,313,195,509,352
235,923,61,1054,167
235,1160,149,1349,285
235,329,93,471,209
235,1138,59,1259,169
235,898,59,943,124
236,356,629,874,1071
236,1621,314,1920,522
236,369,351,703,626
236,1436,250,1689,418
236,496,83,635,176
236,314,195,509,352
236,1159,149,1349,286
236,329,93,471,208
236,933,62,1064,165
236,899,67,946,125
236,1138,59,1259,169
237,356,628,874,1071
237,1621,314,1920,522
237,369,351,703,626
237,497,83,635,176
237,1436,250,1689,418
237,313,195,510,353
237,1158,147,1349,286
237,329,93,472,208
237,942,62,1070,164
237,899,67,958,123
237,1138,59,1260,168
237,1286,57,1326,106
238,356,629,874,1071
238,1621,314,1920,522
238,369,351,703,626
238,497,83,635,176
238,1436,250,1690,419
238,951,61,1081,164
238,313,195,509,353
238,1160,148,1349,286
238,329,93,472,208
238,897,62,964,124
238,1138,59,1260,169
238,1287,55,1329,107
239,356,629,874,1071
239,1621,314,1920,522
239,369,351,703,626
239,496,83,635,176
239,1436,250,1689,419
239,313,195,509,353
239,1160,148,1349,286
239,329,93,472,208
239,960,62,1091,163
239,897,66,970,125
239,1138,60,1260,169
239,1287,58,1331,110
240,357,627,875,1072
240,1621,314,1920,523
240,369,353,702,625
240,496,81,635,175
240,314,195,509,353
240,1436,250,1691,419
240,329,93,471,206
240,968,62,1096,160
240,1162,149,1346,286
240,897,62,976,125
240,1138,60,1260,169
240,1287,55,1332,108
241,357,627,875,1072
241,1621,315,1920,523
241,369,353,702,625
241,496,81,635,175
241,314,195,509,353
241,1436,250,1691,419
241,970,60,1105,157
241,329,93,471,207
241,1163,149,1346,286
241,897,61,987,125
241,1138,60,1260,170
241,1288,55,1335,108
242,357,627,875,1072
242,1622,315,1920,523
242,369,353,702,625
242,496,81,635,176
242,314,195,509,353
242,1436,250,1691,419
242,330,93,471,206
242,983,62,1110,156
242,898,63,983,125
242,1164,149,1347,286
242,1138,60,1260,171
242,1288,54,1337,106
243,357,627,875,1072
243,1622,314,1920,523
243,369,353,702,625
243,496,81,636,176
243,314,195,509,353
243,1436,250,1691,419
243,330,93,471,206
243,898,63,979,126
243,1165,149,1346,286
243,994,63,1116,153
243,1138,60,1260,172
243,1288,54,1341,105
243,962,59,1014,109
244,357,627,875,1072
244,1622,314,1920,523
244,369,353,702,625
244,496,82,636,176
244,314,194,509,353
244,1436,250,1692,419
244,330,93,471,207
244,898,64,978,126
244,1164,149,1347,286
244,1002,61,1122,154
244,1288,54,1344,105
244,1135,60,1260,173
244,963,58,1019,108
244,965,65,1019,119
245,357,627,875,1072
245,1622,315,1920,523
245,368,353,702,625
245,496,81,635,176
245,314,195,509,353
245,1436,250,1692,418
245,330,93,471,206
245,1163,149,1347,286
245,897,65,980,127
245,1009,58,1126,153
245,1132,60,1260,172
245,965,58,1025,118
245,1290,51,1348,100
246,357,627,875,1072
246,1622,314,1920,524
246,368,353,703,626
246,496,81,635,176
246,314,195,510,353
246,1436,250,1692,419
246,330,93,471,206
246,1165,149,1347,286
246,897,64,980,126
246,1019,58,1133,154
246,1134,60,1260,171
246,964,58,1027,118
246,1289,49,1349,97
247,357,627,875,1072
247,1622,315,1920,523
247,368,353,702,626
247,496,81,635,175
247,315,195,509,353
247,1436,250,1693,418
247,329,93,471,206
247,1164,148,1349,285
247,897,64,981,126
247,962,59,1029,117
247,1028,57,1135,153
247,1132,60,1261,169
247,1292,47,1350,93
248,357,627,874,1072
248,1622,315,1920,524
248,369,353,702,626
248,495,81,635,175
248,1436,250,1693,418
248,315,195,509,353
248,329,93,471,206
248,1166,147,1348,285
248,897,64,981,126
248,962,59,1027,117
248,1132,61,1261,170
248,1036,59,1140,149
248,1293,46,1350,95
249,357,627,874,1072
249,1621,314,1920,524
249,368,353,701,626
249,496,81,635,175
249,314,195,509,353
249,1436,250,1691,418
249,330,93,471,206
249,1166,148,1348,286
249,897,64,981,126
249,1132,62,1260,170
249,961,59,1026,116
249,1043,59,1144,149
249,1294,46,1352,94
250,357,629,875,1072
250,1621,315,1920,523
250,369,353,701,625
250,495,81,635,176
250,1436,251,1693,419
250,312,195,510,353
250,1158,147,1349,286
250,329,93,471,207
250,898,65,982,127
250,1133,61,1260,170
250,962,59,1028,117
250,1053,60,1151,146
250,901,61,1029,121
251,357,629,874,1072
251,1621,315,1920,524
251,369,353,701,625
251,495,81,635,176
251,1436,250,1694,418
251,311,195,510,353
251,1158,147,1348,286
251,329,93,470,207
251,898,65,982,127
251,962,59,1029,118
251,1830,681,1918,925
251,1062,57,1159,142
251,1136,61,1260,169
251,899,60,1029,121
252,356,629,875,1071
252,369,353,702,625
252,1621,315,1920,523
252,496,81,636,176
252,1436,250,1693,419
252,314,195,510,353
252,1159,148,1349,285
252,329,92,470,205
252,1779,596,1919,966
252,899,65,980,126
252,960,60,1029,117
252,898,61,1018,126
252,1066,59,1260,169
253,356,628,875,1071
253,1621,314,1920,522
253,369,352,702,625
253,496,81,636,176
253,1436,250,1693,419
253,314,195,510,353
253,1160,148,1349,286
253,1732,552,1919,938
253,329,93,471,205
253,899,65,980,126
253,960,60,1029,117
253,898,61,1018,126
253,1075,58,1260,165
253,1132,59,1260,168
254,356,628,875,1071
254,1621,314,1920,522
254,369,352,702,625
254,496,81,635,176
254,1436,250,1693,419
254,1688,536,1919,895
254,313,195,510,353
254,1159,148,1349,285
254,329,93,471,206
254,899,65,979,126
254,952,59,1029,117
254,898,59,1029,122
254,1082,58,1261,160
255,357,628,875,1071
255,1622,314,1920,520
255,369,352,703,626
255,496,81,635,176
255,1640,524,1918,858
255,1436,250,1692,418
255,313,195,510,353
255,1160,148,1349,285
255,329,93,471,207
255,899,65,979,126
255,958,59,1029,117
255,898,61,1021,126
255,929,58,1029,117
255,1087,58,1261,157
255,1089,58,1161,138
256,357,628,875,1071
256,1604,500,1918,824
256,369,352,703,625
256,1622,313,1920,516
256,496,81,635,176
256,1436,250,1693,418
256,312,195,510,353
256,1160,148,1349,285
256,329,93,471,207
256,899,65,979,126
256,955,59,1029,117
256,898,61,1023,126
256,921,58,1029,117
256,1093,55,1165,140
256,1094,56,1262,163
257,357,628,875,1071
257,1566,482,1920,793
257,369,352,702,625
257,495,81,635,176
257,1622,314,1920,500
257,1436,250,1695,418
257,312,194,511,353
257,1160,148,1349,285
257,329,93,471,206
257,1101,54,1167,137
257,899,64,979,125
257,952,59,1030,117
257,898,61,1025,125
257,1134,61,1259,166
257,1303,45,1347,94
258,1528,457,1919,771
258,357,629,875,1071
258,369,352,702,625
258,495,81,635,176
258,1436,250,1696,418
258,312,194,511,353
258,1160,148,1349,285
258,1622,314,1920,473
258,329,93,471,206
258,899,64,978,125
258,938,59,1029,118
258,1110,54,1168,136
258,898,59,1029,122
258,1120,57,1259,170
258,1298,43,1348,94
259,357,629,875,1071
259,1497,443,1919,751
259,368,352,702,625
259,495,80,635,176
259,1436,250,1695,418
259,312,194,510,353
259,1160,148,1349,285
259,329,93,471,207
259,1624,314,1919,456
259,899,64,979,125
259,958,59,1029,117
259,898,61,1024,126
259,917,58,1029,118
259,1115,56,1261,162
259,1294,43,1348,92
260,357,628,875,1071
260,1459,425,1916,723
260,369,352,702,625
260,496,81,635,176
260,314,195,511,353
260,1435,250,1699,419
260,1161,148,1349,285
260,330,93,471,205
260,1627,313,1919,535
260,899,65,979,125
260,948,59,1031,117
260,1293,45,1340,89
260,1124,57,1260,169
260,898,59,1030,122
261,357,628,875,1071
261,1425,412,1871,697
261,369,352,702,625
261,495,81,635,176
261,314,194,511,353
261,1629,313,1919,537
261,1435,250,1697,415
261,1161,148,1349,285
261,330,93,471,205
261,899,64,980,125
261,955,59,1031,117
261,1128,56,1260,168
261,1292,44,1337,87
261,897,59,1030,122
262,1403,393,1827,674
262,357,628,875,1071
262,369,352,702,625
262,496,81,636,176
262,314,195,511,353
262,1638,314,1919,528
262,1435,250,1696,408
262,1160,148,1349,285
262,330,93,471,205
262,898,65,979,126
262,960,59,1031,117
262,1133,54,1260,169
262,897,59,1030,122
262,1290,44,1339,87
262,1288,21,1346,87
263,357,628,876,1071
263,369,352,703,626
263,496,81,636,176
263,1369,380,1783,652
263,1434,249,1695,399
263,314,195,511,353
263,1641,314,1919,529
263,1160,148,1349,285
263,330,93,471,205
263,898,65,979,126
263,1138,54,1260,169
263,959,59,1031,117
263,897,61,1025,125
263,1290,44,1337,85
264,357,629,874,1071
264,1345,368,1745,634
264,369,352,703,626
264,1646,314,1919,528
264,496,81,636,175
264,314,196,510,353
264,1160,148,1348,285
264,1436,249,1696,381
264,330,93,470,205
264,897,65,980,126
264,1137,55,1261,169
264,961,59,1030,117
264,897,61,1019,125
264,1289,45,1340,85
265,1321,356,1708,613
265,357,628,874,1072
265,369,352,703,626
265,1643,314,1920,525
265,496,81,636,176
265,1160,147,1347,285
265,315,196,510,353
265,1438,249,1695,383
265,330,93,470,205
265,898,64,981,126
265,962,59,1030,117
265,1138,54,1260,169
265,917,60,1030,121
265,1288,46,1338,84
266,356,629,875,1072
266,1293,341,1672,592
266,1633,314,1920,523
266,369,352,703,626
266,496,81,635,176
266,315,196,510,353
266,1160,147,1348,284
266,330,93,470,205
266,1440,249,1695,396
266,899,63,981,125
266,1138,53,1260,169
266,962,59,1030,117
266,899,59,1030,121
267,1272,331,1637,575
267,356,629,875,1072
267,1626,315,1920,523
267,369,352,703,626
267,496,81,636,176
267,315,196,510,353
267,1160,147,1348,285
267,330,93,471,205
267,1440,250,1698,421
267,899,64,981,125
267,1138,54,1260,169
267,962,59,1030,117
267,898,59,1030,121
267,1287,46,1332,82
268,1248,319,1602,563
268,356,629,875,1072
268,1624,315,1920,522
268,369,352,703,626
268,496,81,635,176
268,315,196,510,353
268,1160,148,1349,286
268,1436,249,1697,421
268,330,93,470,205
268,899,64,981,125
268,1138,54,1260,169
268,962,59,1030,117
268,898,61,1018,125
268,1287,46,1331,82
269,1230,307,1572,543
269,358,628,874,1072
269,1622,315,1920,522
269,368,352,702,625
269,496,81,636,176
269,314,195,510,353
269,1448,248,1696,418
269,1160,147,1349,286
269,330,93,471,207
269,898,64,980,126
269,1138,54,1260,169
269,962,59,1030,117
269,898,60,1030,121
270,356,630,875,1071
270,1208,296,1542,528
270,1622,314,1920,524
270,368,352,704,625
270,496,82,637,176
270,313,196,510,353
270,1452,248,1694,417
270,1161,148,1347,285
270,330,93,471,205
270,897,63,983,127
270,961,59,1030,117
270,1138,55,1259,168
270,898,60,1029,121
271,1190,288,1515,515
271,357,630,875,1071
271,1622,314,1920,523
271,368,352,704,625
271,497,82,637,176
271,314,196,511,353
271,1450,250,1694,417
271,1161,148,1346,286
271,330,93,471,205
271,897,63,983,127
271,961,59,1029,117
271,1138,57,1260,168
271,899,60,1029,121
272,356,630,874,1071
272,368,352,704,625
272,1622,314,1920,523
272,497,82,637,176
272,1174,279,1487,497
272,1446,249,1694,421
272,314,196,510,353
272,1160,149,1346,283
272,330,93,471,207
272,897,63,983,127
272,962,59,1030,116
272,1138,59,1260,168
272,898,60,1029,121
273,356,629,874,1071
273,1152,269,1462,486
273,368,352,704,625
273,1622,314,1920,523
273,497,82,636,176
273,1438,249,1692,420
273,315,196,510,353
273,1162,149,1345,278
273,330,93,471,206
273,898,64,981,125
273,1138,59,1259,168
273,962,59,1030,116
273,898,60,1029,121
274,356,629,874,1071
274,1137,263,1438,470
274,1622,314,1920,524
274,368,352,704,625
274,497,82,636,176
274,1437,250,1693,419
274,314,196,510,353
274,1169,149,1345,275
274,330,93,471,206
274,898,64,981,125
274,1138,59,1260,168
274,962,59,1030,116
274,1874,706,1919,960
274,898,60,1029,121
275,356,629,874,1071
275,1124,256,1411,459
275,368,352,704,625
275,1622,314,1920,525
275,497,82,636,176
275,314,196,510,353
275,1436,250,1694,420
275,1159,148,1343,269
275,330,93,471,207
275,898,64,981,125
275,1814,654,1919,919
275,1138,60,1260,169
275,962,59,1029,116
275,898,60,1029,121
276,356,629,876,1071
276,1622,314,1920,524
276,368,352,703,625
276,1106,249,1389,446
276,497,82,637,176
276,1437,250,1694,420
276,315,196,510,353
276,1754,581,1919,955
276,330,93,471,205
276,898,64,982,127
276,1160,147,1344,268
276,1139,60,1260,168
276,962,59,1029,116
276,910,60,1029,121
277,355,629,876,1071
277,1622,314,1920,523
277,368,352,702,625
277,1089,242,1366,436
277,496,82,637,176
277,1699,550,1919,911
277,1435,250,1694,419
277,315,196,509,353
277,330,93,471,206
277,897,64,981,127
277,1162,145,1350,283
277,1139,59,1258,167
277,961,59,1030,117
277,929,60,1029,121
278,355,629,876,1071
278,1622,315,1920,524
278,1648,535,1919,869
278,368,352,702,625
278,1076,230,1347,428
278,496,82,637,176
278,1435,250,1694,419
278,315,196,509,353
278,330,93,471,206
278,897,64,981,127
278,1165,145,1347,287
278,1138,60,1259,168
278,961,59,1030,117
278,927,60,1029,121
279,356,629,875,1071
279,1061,227,1326,413
279,1622,314,1920,516
279,368,352,703,625
279,1600,503,1919,830
279,497,82,637,176
279,1435,251,1695,419
279,315,196,510,353
279,330,93,471,206
279,898,65,980,125
279,1170,145,1349,284
279,961,59,1029,116
279,1138,59,1260,168
279,915,60,1029,121
280,357,629,876,1071
280,1050,220,1308,404
280,369,352,703,625
280,497,82,636,175
280,1622,315,1920,501
280,1554,480,1919,800
280,1436,250,1693,417
280,315,196,510,352
280,330,93,471,207
280,1167,145,1348,285
280,898,64,980,126
280,962,59,1030,117
280,1138,58,1261,170
280,901,60,1030,121
281,357,629,876,1071
281,1035,213,1288,392
281,1512,466,1919,774
281,369,352,703,625
281,497,82,636,175
281,1437,250,1693,417
281,315,195,510,353
281,1171,145,1348,286
281,330,93,471,207
281,1627,315,1920,520
281,898,65,980,126
281,962,59,1030,117
281,1138,58,1261,168
281,902,60,1030,121
282,357,628,877,1071
282,1027,211,1271,385
282,1470,444,1914,745
282,369,352,703,625
282,497,82,636,176
282,1436,250,1693,418
282,315,195,510,352
282,1627,313,1919,532
282,330,93,471,208
282,1177,148,1350,285
282,898,65,980,125
282,961,59,1030,117
282,1138,58,1260,168
282,915,60,1030,121
283,357,628,877,1071
283,1430,425,1862,719
283,1013,201,1255,375
283,369,352,703,625
283,497,82,636,176
283,1177,147,1346,284
283,1630,314,1919,532
283,1436,250,1695,420
283,316,196,510,353
283,330,93,471,208
283,898,65,980,126
283,962,59,1030,117
283,1138,58,1261,168
283,904,60,1030,121
284,357,628,877,1071
284,1402,412,1810,689
284,1004,196,1239,368
284,369,352,703,625
284,1176,146,1348,284
284,497,82,636,176
284,1629,314,1919,532
284,314,195,510,352
284,1436,249,1696,415
284,330,93,471,208
284,898,65,980,125
284,962,59,1030,117
284,1138,58,1261,168
284,898,60,1030,121
285,994,192,1225,359
285,357,628,877,1071
285,1367,394,1762,665
285,369,352,703,625
285,497,82,635,175
285,1177,147,1351,284
285,1436,250,1694,401
285,1636,314,1920,522
285,315,196,510,352
285,330,93,471,207
285,898,64,980,125
285,962,59,1030,117
285,1138,58,1261,168
285,898,60,1030,121
286,986,187,1211,349
286,356,628,877,1071
286,1336,381,1718,642
286,368,352,702,625
286,496,82,635,176
286,1636,315,1920,528
286,313,195,510,352
286,1435,249,1695,386
286,1185,147,1350,283
286,329,93,471,208
286,898,65,980,125
286,962,59,1030,117
286,1138,59,1260,168
286,904,60,1030,121
287,1309,368,1674,619
287,357,628,878,1071
287,977,182,1198,341
287,368,352,702,625
287,1631,314,1920,526
287,495,81,636,176
287,312,195,509,352
287,329,93,471,208
287,1188,148,1349,283
287,899,65,980,125
287,1438,250,1696,405
287,961,59,1030,117
287,1139,58,1261,168
287,901,60,1030,121
288,357,628,877,1072
288,1283,351,1632,596
288,368,352,703,625
288,971,177,1184,333
288,1627,315,1920,525
288,497,82,635,175
288,311,194,510,352
288,329,93,471,208
288,1177,147,1349,285
288,1437,249,1698,423
288,899,64,980,125
288,963,59,1030,117
288,1138,57,1260,169
288,898,60,1030,122
289,1258,341,1599,578
289,357,628,877,1072
289,1624,315,1920,525
289,369,352,703,625
289,960,174,1170,330
289,496,82,635,176
289,312,195,510,352
289,330,93,471,208
289,1437,249,1698,420
289,1168,147,1349,285
289,899,64,981,125
289,962,60,1030,117
289,1138,58,1260,167
289,899,60,1030,122
290,1234,328,1565,560
290,356,630,874,1072
290,953,166,1162,319
290,1622,315,1920,524
290,368,353,702,625
290,495,81,636,175
290,313,195,510,352
290,1163,146,1349,286
290,1434,249,1695,421
290,330,93,471,207
290,898,64,979,126
290,953,60,1030,118
290,1137,59,1259,168
290,898,61,1024,125
290,918,59,1031,118
291,355,630,874,1072
291,1210,316,1530,544
291,1622,315,1920,524
291,943,164,1148,311
291,368,353,702,626
291,496,82,635,176
291,313,195,510,352
291,1445,250,1695,417
291,1161,146,1349,285
291,330,93,471,207
291,944,60,1030,118
291,898,64,980,126
291,1137,59,1259,169
291,897,61,1026,125
292,356,630,875,1072
292,1191,306,1501,526
292,1622,315,1920,523
292,938,161,1138,305
292,369,352,702,626
292,496,82,635,176
292,1441,249,1697,419
292,313,195,510,352
292,1159,148,1347,284
292,330,93,471,207
292,898,64,979,126
292,1137,59,1259,169
292,940,60,1030,118
292,897,60,1030,122
293,355,630,875,1072
293,1621,315,1920,524
293,1170,297,1475,511
293,369,352,702,626
293,928,153,1128,296
293,1436,250,1695,420
293,496,82,635,176
293,313,195,510,352
293,330,93,471,206
293,1158,146,1347,285
293,898,64,979,126
293,946,60,1030,118
293,1138,59,1259,169
293,897,60,1030,122
294,355,630,874,1072
294,1621,315,1920,524
294,369,352,702,626
294,920,152,1116,291
294,1152,282,1444,494
294,496,82,635,176
294,1436,250,1695,419
294,313,195,510,352
294,330,93,471,206
294,1162,149,1346,284
294,898,64,979,126
294,956,60,1030,118
294,1137,59,1259,170
294,897,60,1030,122
295,1136,269,1421,479
295,355,630,875,1072
295,1621,315,1920,523
295,918,150,1106,285
295,369,352,703,626
295,496,82,635,176
295,312,195,510,352
295,1437,250,1695,419
295,331,93,471,206
295,1168,149,1346,278
295,899,65,979,126
295,1138,59,1259,169
295,957,60,1030,118
295,897,60,1030,122
296,355,630,874,1072
296,1118,264,1397,467
296,1621,314,1920,523
296,369,352,703,626
296,909,143,1095,281
296,496,82,635,176
296,312,195,510,352
296,1436,250,1696,419
296,331,93,471,206
296,1158,147,1344,272
296,1138,59,1259,170
296,897,62,980,126
296,943,59,1029,118
296,897,59,1029,122
297,355,630,875,1072
297,1621,314,1920,523
297,368,352,702,625
297,1101,258,1373,452
297,899,136,1087,273
297,495,81,636,176
297,312,195,510,352
297,1436,250,1696,419
297,331,93,471,206
297,897,62,981,126
297,1138,59,1259,170
297,1160,146,1345,283
297,926,59,1029,118
297,897,61,1025,126
298,355,630,874,1072
298,896,135,1079,265
298,1621,314,1920,524
298,368,352,702,625
298,1085,250,1348,440
298,495,81,636,176
298,312,195,510,352
298,1436,250,1696,419
298,331,93,471,207
298,1160,146,1346,287
298,897,62,981,126
298,1138,59,1260,171
298,936,59,1029,118
298,897,61,1024,125
299,355,630,874,1072
299,1071,240,1330,430
299,368,353,702,625
299,1621,314,1920,523
299,891,130,1068,260
299,495,81,636,176
299,312,195,510,352
299,1436,250,1696,419
299,331,93,471,206
299,1166,146,1349,286
299,897,62,981,126
299,1138,59,1261,170
299,907,59,1029,119
300,1053,233,1309,418
300,356,629,875,1072
300,1622,314,1920,524
300,368,352,702,625
300,886,128,1061,256
300,495,81,636,176
300,1436,250,1697,418
300,315,195,511,352
300,1168,147,1349,287
300,331,94,471,207
300,1138,58,1259,169
300,898,60,980,127
300,898,60,1024,125
301,356,629,875,1072
301,1044,229,1289,403
301,1622,314,1920,524
301,368,352,702,625
301,883,127,1051,249
301,495,81,636,176
301,1436,250,1697,418
301,315,195,511,352
301,331,94,471,206
301,1168,147,1348,287
301,1138,58,1259,169
301,899,60,979,127
301,898,59,1026,125
302,355,629,876,1072
302,1030,223,1269,395
302,1622,314,1920,523
302,877,126,1049,246
302,368,352,702,625
302,495,81,636,176
302,1436,250,1697,419
302,315,195,511,352
302,331,94,471,207
302,1168,148,1347,287
302,1138,59,1259,169
302,899,59,1028,125
302,899,58,979,127
303,355,629,875,1072
303,1622,314,1920,524
303,368,352,702,625
303,1018,215,1252,386
303,495,81,636,176
303,1436,250,1697,418
303,875,122,1041,240
303,315,195,511,352
303,331,94,471,207
303,1172,145,1347,285
303,1138,58,1259,168
303,900,58,1029,122
303,899,57,992,123
304,356,630,875,1072
304,1005,209,1235,376
304,1622,314,1920,523
304,368,352,702,625
304,495,81,636,176
304,1437,250,1697,418
304,1175,145,1350,285
304,875,119,1033,238
304,315,195,511,352
304,331,94,471,207
304,1138,58,1259,168
304,900,58,1029,120
305,993,201,1220,363
305,356,629,875,1072
305,1622,315,1920,523
305,368,352,702,625
305,1436,250,1697,418
305,495,81,636,176
305,872,118,1027,236
305,1178,146,1350,285
305,315,195,511,352
305,331,94,470,206
305,1138,58,1259,168
305,900,58,1028,118
306,356,629,875,1072
306,1622,315,1920,522
306,368,352,702,625
306,495,81,636,176
306,986,196,1202,357
306,1436,250,1697,419
306,866,116,1019,229
306,315,195,511,352
306,1192,148,1350,285
306,331,94,470,207
306,1138,57,1259,167
306,900,57,1029,119
307,356,629,876,1072
307,1622,315,1920,522
307,972,190,1188,349
307,368,353,702,625
307,495,81,636,176
307,1436,250,1696,419
307,315,195,511,352
307,866,108,1018,221
307,1176,147,1350,285
307,331,94,470,207
307,1138,57,1260,167
307,898,57,1028,117
308,355,629,876,1072
308,1622,314,1920,522
308,368,353,702,625
308,964,188,1174,339
308,495,81,636,176
308,867,107,1014,217
308,1436,250,1696,419
308,315,195,511,352
308,1173,148,1348,286
308,331,94,470,207
308,1137,52,1262,166
308,901,58,1028,117
308,953,59,1030,115
309,355,629,876,1072
309,1622,314,1920,522
309,955,184,1163,333
309,368,352,702,625
309,868,107,1011,215
309,495,81,636,176
309,1436,250,1696,419
309,315,195,511,352
309,1159,147,1347,287
309,331,94,470,207
309,1137,54,1261,168
309,901,58,1028,118
309,948,59,1030,116
