0,1444,754,1833,1075
0,1142,175,1221,245
0,540,288,673,394
0,1300,511,1547,742
0,402,366,559,499
0,621,227,732,321
0,220,430,449,631
0,1285,463,1471,617
0,1246,399,1428,586
0,1272,401,1426,497
1,1439,750,1830,1074
1,399,364,562,499
1,1142,172,1220,243
1,536,287,671,393
1,1296,535,1545,739
1,1239,399,1422,581
1,216,428,448,628
1,622,228,731,320
1,1272,444,1487,632
2,1440,753,1830,1075
2,1142,173,1220,244
2,536,287,672,395
2,1298,532,1545,740
2,400,364,562,499
2,216,428,448,629
2,1277,461,1469,622
2,1243,401,1423,583
2,623,229,730,321
3,1444,752,1829,1074
3,1145,175,1221,246
3,221,431,451,631
3,402,366,565,500
3,1301,522,1547,742
3,542,288,676,393
3,622,228,733,322
3,1256,404,1426,587
3,1282,451,1484,638
3,1262,401,1427,525
4,1443,752,1830,1074
4,1145,176,1222,246
4,1302,519,1547,743
4,401,366,563,501
4,220,431,450,631
4,540,288,676,395
4,623,229,733,322
4,1256,405,1424,598
4,1282,449,1483,637
4,1269,402,1425,500
5,1442,752,1830,1073
5,1143,175,1221,245
5,539,288,674,395
5,1302,517,1545,742
5,400,366,560,499
5,624,229,733,322
5,219,428,450,630
5,1282,463,1473,631
5,1246,399,1426,597
5,1271,402,1423,494
6,1440,753,1830,1075
6,1141,173,1220,244
6,536,287,671,395
6,1295,523,1545,741
6,400,364,561,499
6,216,427,448,629
6,1247,403,1424,610
6,1273,455,1489,632
6,622,229,731,321
7,1439,751,1827,1073
7,1141,172,1219,245
7,536,286,671,394
7,400,364,560,499
7,1298,528,1545,740
7,216,427,447,628
7,622,228,730,321
7,1240,399,1424,589
7,1273,450,1489,634
8,1442,753,1831,1075
8,1142,173,1219,244
8,404,364,558,499
8,1298,517,1545,741
8,538,287,673,395
8,217,428,449,629
8,1276,459,1485,625
8,1247,402,1424,581
8,621,229,730,322
9,1444,752,1830,1074
9,1145,176,1222,246
9,220,430,451,631
9,1302,517,1547,743
9,400,366,565,500
9,541,287,676,394
9,626,229,733,322
9,1280,452,1481,631
9,1253,401,1429,580
9,1264,401,1431,530
9,1271,402,1429,493
10,1443,752,1830,1074
10,1144,175,1221,246
10,1301,519,1546,742
10,541,287,678,394
10,405,366,559,499
10,220,430,450,631
10,622,228,732,322
10,1249,401,1426,587
10,1280,448,1482,636
11,1441,753,1830,1075
11,1142,172,1220,243
11,1296,529,1544,740
11,537,287,672,394
11,402,364,560,499
11,216,427,448,628
11,1273,449,1489,628
11,1242,399,1424,585
11,620,229,730,321
12,1440,751,1830,1074
12,1140,173,1220,244
12,536,287,673,394
12,1299,534,1544,740
12,401,364,557,499
12,217,427,447,629
12,1273,457,1490,643
12,1240,399,1422,578
12,622,228,729,321
13,1444,752,1829,1073
13,1144,176,1221,245
13,1301,517,1546,743
13,541,287,677,394
13,219,430,450,630
13,403,365,563,500
13,623,227,732,321
13,1251,401,1426,582
13,1280,450,1485,622
13,1267,403,1425,499
14,1444,752,1830,1074
14,1145,175,1221,246
14,542,287,678,395
14,1302,523,1546,743
14,220,430,450,631
14,401,366,566,501
14,624,228,733,322
14,1279,453,1484,632
14,1256,407,1425,589
14,1262,402,1428,530
14,1269,403,1426,495
15,1443,752,1829,1074
15,1143,175,1221,245
15,1301,525,1546,743
15,541,287,677,393
15,220,429,450,630
15,623,227,733,322
15,404,366,559,500
15,1253,404,1424,600
15,1280,454,1484,637
16,1440,751,1830,1074
16,1141,173,1220,243
16,1297,533,1543,741
16,535,287,672,394
16,401,364,559,498
16,217,426,448,628
16,1273,443,1489,636
16,621,229,731,321
16,1243,399,1421,576
17,1440,751,1830,1074
17,538,287,673,395
17,1296,517,1543,741
17,1140,173,1220,243
17,401,363,560,498
17,218,426,449,628
17,1274,443,1487,624
17,1246,400,1423,582
17,621,229,731,321
18,1443,752,1830,1074
18,1145,176,1222,245
18,220,429,451,630
18,1302,518,1546,743
18,400,366,568,499
18,542,287,679,394
18,624,227,733,321
18,1255,404,1428,592
18,1281,452,1484,639
18,1261,401,1430,520
19,1444,752,1829,1074
19,1145,176,1222,245
19,1301,520,1547,743
19,541,286,678,393
19,219,430,451,630
19,400,366,567,499
19,622,227,733,322
19,1280,449,1485,631
19,1254,403,1424,576
19,1261,401,1426,530
19,1117,169,1164,197
19,1270,401,1424,489
20,1440,751,1832,1074
20,1141,173,1221,244
20,536,287,673,394
20,1294,519,1543,741
20,400,363,561,497
20,218,427,448,628
20,1242,399,1423,575
20,1272,441,1489,622
21,1438,751,1827,1072
21,1141,172,1220,245
21,216,427,448,628
21,1297,534,1542,739
21,536,288,672,395
21,399,363,562,498
21,620,228,731,321
21,1275,445,1482,625
21,1240,398,1424,585
22,1441,751,1829,1073
22,1296,515,1542,740
22,1139,173,1219,242
22,539,287,670,393
22,401,364,560,498
22,1277,451,1482,622
22,218,428,448,630
22,1245,399,1426,595
22,620,228,731,321
23,1444,752,1830,1074
23,1144,176,1222,245
23,399,366,566,501
23,1301,522,1546,742
23,541,286,678,393
23,220,431,451,631
23,624,228,732,322
23,1279,447,1485,640
23,1258,409,1427,593
23,1116,170,1164,197
23,1270,402,1427,495
24,1446,752,1829,1073
24,1146,174,1221,244
24,400,366,562,499
24,540,287,676,393
24,1301,522,1546,742
24,221,430,451,630
24,625,228,733,322
24,1258,408,1425,591
24,1280,443,1484,639
24,1265,401,1427,526
24,1116,169,1163,197
25,1440,751,1829,1073
25,1142,172,1219,243
25,1296,522,1541,739
25,400,364,564,497
25,535,286,672,395
25,216,428,448,629
25,1241,400,1422,582
25,1271,452,1485,634
26,1440,750,1831,1074
26,1141,171,1220,243
26,1297,526,1540,740
26,535,286,671,394
26,399,363,561,497
26,216,428,448,628
26,1270,452,1485,636
26,1240,397,1422,580
26,621,228,730,321
27,1442,752,1829,1073
27,1298,514,1544,741
27,539,286,671,394
27,1139,172,1219,245
27,400,366,563,498
27,789,1019,1146,1077
27,218,428,448,629
27,1276,445,1477,621
27,1245,400,1423,586
27,1259,418,1446,601
28,1444,752,1829,1073
28,778,967,1176,1078
28,539,286,678,393
28,220,431,449,630
28,1145,173,1221,244
28,400,366,562,500
28,1297,512,1544,742
28,625,227,732,322
28,1255,403,1427,594
28,1279,450,1482,639
29,1444,752,1830,1074
29,790,915,1175,1071
29,1146,175,1222,244
29,400,365,568,501
29,540,287,678,393
29,1301,525,1546,742
29,221,431,451,631
29,1258,406,1425,588
29,624,228,732,322
29,1280,448,1483,640
29,1116,169,1162,197
29,1268,402,1426,501
30,794,872,1161,1074
30,1442,752,1831,1074
30,540,287,674,393
30,400,366,561,500
30,1142,175,1220,246
30,219,430,450,630
30,624,228,733,322
30,1297,511,1544,742
30,1250,402,1426,603
30,1278,453,1492,646
31,808,833,1144,1076
31,1442,750,1834,1075
31,1142,172,1219,244
31,402,363,560,498
31,537,286,673,394
31,218,427,449,629
31,1286,502,1543,741
31,1247,402,1427,598
32,815,794,1147,1071
32,216,430,448,629
32,1438,749,1829,1074
32,400,364,561,498
32,534,287,669,395
32,1139,171,1219,243
32,1284,495,1540,740
32,1241,401,1423,582
33,827,758,1142,1055
33,1439,749,1829,1074
33,401,364,562,498
33,217,428,448,629
33,536,287,671,394
33,1140,171,1219,243
33,1240,399,1422,592
33,621,228,731,320
33,1295,533,1542,740
33,1271,450,1493,638
33,1281,459,1539,740
34,837,729,1142,1011
34,1442,751,1832,1074
34,539,288,674,395
34,403,366,557,499
34,218,428,451,629
34,1299,528,1544,741
34,1138,171,1220,244
34,1277,450,1484,636
34,1246,401,1427,590
35,841,704,1152,974
35,1443,752,1829,1074
35,401,366,562,500
35,540,289,676,395
35,1300,516,1544,742
35,220,431,449,631
35,1133,174,1221,245
35,621,228,732,322
35,1281,452,1482,642
35,1253,403,1426,608
35,1261,401,1427,551
36,859,675,1145,936
36,1446,752,1829,1074
36,1145,173,1223,243
36,398,365,567,500
36,541,288,677,395
36,221,431,451,630
36,1301,520,1546,742
36,621,226,731,321
36,1253,401,1427,578
36,1280,447,1482,643
36,1271,402,1426,498
37,865,651,1145,901
37,1443,752,1831,1074
37,541,288,672,395
37,403,366,557,499
37,220,430,449,630
37,1141,173,1220,246
37,620,228,731,321
37,1301,520,1543,741
37,1279,459,1479,637
37,1246,400,1432,603
37,1268,402,1426,489
38,866,626,1137,872
38,1440,750,1830,1074
38,536,286,672,394
38,1295,528,1543,740
38,217,427,447,629
38,1140,171,1219,244
38,401,363,563,499
38,1273,454,1487,625
38,1241,398,1424,584
39,870,607,1133,840
39,1439,750,1826,1073
39,216,428,448,628
39,536,288,671,394
39,401,363,565,499
39,1139,171,1220,243
39,1291,523,1542,739
39,1239,398,1425,581
39,1270,459,1490,635
40,881,587,1127,813
40,1439,751,1826,1072
40,536,287,671,395
40,217,427,447,628
40,1297,529,1543,739
40,401,364,563,500
40,1141,173,1220,245
40,1273,461,1482,636
40,1238,399,1423,592
40,623,228,731,320
41,1444,752,1830,1074
41,896,571,1130,789
41,219,427,451,629
41,1302,519,1544,741
41,540,287,673,394
41,403,366,560,499
41,1140,172,1220,243
41,624,228,733,321
41,1281,463,1478,636
41,1245,400,1429,596
41,1265,401,1426,488
42,902,552,1129,764
42,1443,752,1830,1074
42,541,287,678,394
42,1301,518,1546,743
42,1143,174,1221,244
42,404,366,556,499
42,220,429,450,630
42,624,228,732,322
42,1255,404,1425,598
42,1282,448,1485,646
42,1263,401,1426,547
42,1269,401,1425,501
43,906,537,1130,741
43,1443,752,1830,1074
43,541,286,677,394
43,1143,173,1221,245
43,1300,519,1546,743
43,404,366,556,499
43,220,429,450,630
43,625,228,732,322
43,1255,403,1424,596
43,1281,448,1486,645
43,1263,401,1426,537
43,1271,401,1425,499
44,908,522,1126,718
44,1442,752,1833,1074
44,1142,172,1220,244
44,402,365,557,500
44,540,288,673,395
44,1299,519,1545,741
44,219,427,450,630
44,1279,449,1482,628
44,1246,400,1429,595
44,1274,401,1425,484
45,911,505,1124,699
45,1437,750,1830,1075
45,216,428,448,629
45,536,287,671,394
45,399,364,558,500
45,1141,171,1220,244
45,1288,498,1542,739
45,1240,398,1424,596
46,1437,749,1828,1074
46,920,492,1123,679
46,536,287,671,394
46,399,364,558,499
46,1141,171,1221,243
46,216,431,448,629
46,1292,510,1543,740
46,1240,398,1423,587
46,1269,451,1492,631
47,1441,750,1828,1072
47,927,481,1122,661
47,1297,522,1544,740
47,537,287,671,395
47,1141,172,1219,243
47,402,364,558,500
47,216,428,448,628
47,1273,462,1483,626
47,1244,401,1423,590
48,932,468,1127,646
48,1442,755,1836,1075
48,540,287,674,395
48,1298,514,1544,742
48,219,428,450,630
48,403,366,556,499
48,1142,174,1221,245
48,622,228,731,322
48,1279,454,1478,620
48,1247,400,1430,593
49,1444,752,1831,1073
49,935,456,1125,631
49,1298,512,1545,742
49,540,286,677,394
49,404,366,556,500
49,220,429,449,630
49,1143,174,1222,245
49,623,228,733,322
49,1255,406,1424,589
49,1282,453,1484,636
50,1443,752,1831,1072
50,939,446,1121,615
50,1298,512,1546,742
50,540,289,675,395
50,219,429,450,630
50,400,366,556,501
50,1143,174,1221,245
50,622,230,732,322
50,1282,456,1480,629
50,1247,399,1427,605
51,1441,752,1833,1074
51,403,365,555,499
51,538,286,674,394
51,1294,518,1544,741
51,942,434,1124,599
51,217,427,449,630
51,1141,172,1219,244
51,1249,405,1427,603
51,1277,452,1487,627
52,1438,749,1830,1076
52,400,365,559,500
52,535,286,671,394
52,1142,170,1220,244
52,944,426,1123,586
52,216,427,447,627
52,1240,398,1422,589
52,1286,521,1542,739
52,946,474,1117,587
52,1271,451,1501,639
53,1436,749,1829,1075
53,948,418,1119,573
53,400,364,558,500
53,216,427,447,627
53,535,286,670,393
53,1141,171,1219,243
53,1243,402,1423,585
53,1290,513,1543,739
53,1269,456,1490,616
54,1440,751,1831,1075
54,952,405,1122,562
54,402,364,557,500
54,536,286,673,394
54,1139,170,1219,243
54,1291,516,1545,741
54,218,428,447,628
54,1245,398,1424,584
54,1272,449,1488,614
55,1442,753,1832,1074
55,540,288,674,394
55,960,400,1121,549
55,1141,174,1221,245
55,404,367,556,499
55,1298,514,1545,742
55,624,229,732,322
55,219,428,450,630
55,1280,459,1481,619
55,1247,400,1426,594
56,1443,752,1829,1074
56,1297,515,1543,742
56,540,287,676,392
56,403,367,557,500
56,1144,174,1221,245
56,219,430,450,631
56,960,392,1120,538
56,624,228,732,322
56,1254,404,1425,594
56,1276,451,1482,621
56,1268,403,1425,499
57,1442,753,1830,1074
57,540,287,674,394
57,404,367,556,499
57,1294,511,1544,742
57,1141,173,1220,244
57,964,385,1120,527
57,219,428,450,631
57,624,228,733,322
57,1251,403,1426,595
57,1274,458,1483,627
57,1267,402,1424,498
58,1441,752,1828,1073
58,963,379,1118,515
58,1141,171,1220,244
58,536,287,672,395
58,402,367,559,499
58,217,428,447,629
58,1292,526,1544,741
58,1247,402,1423,601
58,1271,453,1487,618
59,1438,750,1830,1075
59,401,365,559,499
59,534,286,672,394
59,966,368,1116,504
59,216,429,447,628
59,620,227,729,321
59,1142,171,1220,243
59,1294,530,1543,740
59,1240,399,1421,586
59,1269,454,1487,630
60,1439,751,1827,1073
60,969,363,1115,497
60,216,429,447,628
60,400,365,560,499
60,535,286,671,394
60,1294,530,1543,741
60,620,227,729,321
60,1141,171,1220,244
60,1241,399,1420,585
60,1269,456,1486,627
61,1442,753,1828,1074
61,973,357,1118,488
61,540,288,674,394
61,1299,515,1545,742
61,218,427,451,629
61,404,367,556,499
61,1275,455,1478,613
61,623,228,730,322
61,1126,170,1220,243
61,1245,401,1424,577
61,1262,425,1447,599
62,1444,753,1829,1074
62,541,287,677,393
62,1298,511,1545,742
62,219,431,449,631
62,978,350,1118,479
62,405,367,557,499
62,1137,171,1221,243
62,622,226,732,322
62,1274,450,1481,617
62,1253,401,1427,577
63,1444,752,1829,1075
63,541,287,677,392
63,1298,513,1545,742
63,219,432,449,631
63,982,342,1118,469
63,403,367,558,501
63,1140,174,1221,246
63,622,228,732,322
63,1256,406,1425,589
63,1275,447,1482,621
64,980,336,1117,460
64,1444,754,1831,1075
64,1142,173,1221,245
64,540,288,673,395
64,1301,524,1545,742
64,404,367,558,499
64,623,228,732,321
64,1279,463,1473,621
64,220,429,450,630
64,1247,399,1426,593
64,1261,401,1425,545
65,1441,752,1829,1074
65,982,329,1116,452
65,402,366,558,499
65,537,287,673,394
65,217,429,448,629
65,1292,514,1544,741
65,1139,171,1220,244
65,622,229,729,321
65,1245,401,1421,578
65,1272,444,1492,621
66,1438,751,1830,1074
66,983,327,1114,443
66,402,366,559,499
66,1141,172,1220,244
66,216,430,448,629
66,536,287,671,395
66,1296,531,1544,740
66,623,229,730,322
66,1271,459,1487,636
66,1242,402,1421,580
67,1442,751,1831,1074
67,983,318,1115,435
67,401,366,556,499
67,538,286,673,394
67,1291,512,1543,741
67,217,432,448,628
67,1136,171,1220,243
67,1246,402,1422,578
67,1272,444,1487,617
68,1442,752,1831,1075
68,989,313,1117,431
68,540,288,673,394
68,402,368,558,500
68,1301,513,1545,741
68,1141,175,1221,245
68,219,429,450,630
68,623,230,732,322
68,1276,462,1479,636
68,1247,399,1428,594
68,1270,402,1424,496
69,1445,752,1830,1074
69,1144,174,1222,245
69,541,287,677,394
69,992,310,1116,424
69,403,367,564,500
69,1299,514,1546,742
69,220,430,451,631
69,623,229,732,322
69,1259,404,1424,588
69,1279,450,1483,619
69,1264,401,1426,529
70,1444,751,1830,1074
70,994,303,1116,415
70,541,287,677,394
70,1143,174,1222,245
70,402,367,564,501
70,1297,513,1546,742
70,220,430,450,631
70,1257,403,1424,587
70,622,229,732,322
70,1279,451,1484,617
70,1264,401,1425,526
71,1442,752,1831,1074
71,540,289,673,395
71,402,367,558,500
71,1142,173,1220,245
71,1299,517,1543,741
71,994,299,1112,407
71,219,429,449,631
71,1279,449,1483,630
71,1248,400,1424,586
71,1266,401,1426,506
72,1442,752,1831,1075
72,400,365,556,498
72,1293,516,1544,739
72,535,286,671,394
72,992,292,1110,400
72,1141,170,1219,244
72,1270,446,1486,625
72,217,429,447,628
72,1243,400,1422,570
73,1439,750,1827,1072
73,993,289,1109,394
73,398,365,558,498
73,535,287,671,394
73,1297,532,1543,740
73,1141,170,1219,244
73,217,429,447,628
73,1272,454,1484,635
73,1241,399,1423,584
73,620,230,729,321
74,1441,752,1828,1073
74,537,288,672,394
74,403,366,558,499
74,1295,515,1545,739
74,1140,170,1220,243
74,218,427,447,628
74,997,283,1110,386
74,1271,446,1481,617
74,1244,400,1421,570
75,1444,752,1830,1073
75,540,289,675,394
75,1299,514,1546,742
75,404,367,558,499
75,1142,172,1221,245
75,220,429,450,630
75,999,282,1112,382
75,624,229,732,322
75,1280,461,1482,627
75,1255,404,1426,603
75,1001,312,1110,382
75,1265,402,1426,530
76,1443,751,1830,1074
76,542,288,677,393
76,1300,522,1545,741
76,404,366,559,499
76,1142,175,1221,246
76,220,430,450,630
76,1002,302,1112,377
76,1256,403,1425,596
76,623,229,732,322
76,1281,451,1485,627
76,1264,402,1427,546
76,1269,403,1425,497
77,1443,752,1831,1074
77,999,273,1110,370
77,1299,515,1544,741
77,405,367,558,499
77,540,287,677,394
77,1142,174,1221,245
77,219,428,450,630
77,624,228,732,322
77,1283,454,1482,633
77,1251,401,1425,582
78,1442,751,1831,1074
78,539,288,673,395
78,403,366,557,499
78,1296,520,1544,741
78,998,269,1110,365
78,219,427,449,629
78,1140,171,1219,244
78,1277,452,1483,622
78,1247,400,1423,587
79,1440,752,1830,1075
79,997,264,1106,360
79,400,366,560,499
79,217,428,447,629
79,1298,527,1543,741
79,536,288,672,394
79,1141,172,1220,244
79,1274,452,1485,634
79,1242,400,1420,578
80,1441,752,1830,1076
80,401,365,560,499
80,537,287,672,393
80,1297,528,1543,740
80,1002,262,1106,355
80,217,428,447,628
80,1273,450,1484,629
80,1243,400,1422,573
80,1141,172,1219,243
80,623,230,730,320
81,1441,752,1829,1073
81,539,287,673,395
81,1001,259,1107,350
81,404,366,558,499
81,1142,172,1220,244
81,1295,514,1544,740
81,218,426,448,629
81,1274,452,1484,618
81,1246,401,1425,573
81,1260,415,1444,598
82,1442,752,1832,1074
82,540,287,677,394
82,405,367,559,499
82,220,429,450,630
82,1004,254,1107,343
82,1300,517,1544,741
82,625,229,733,321
82,1142,173,1220,245
82,1281,459,1485,641
82,1255,404,1431,605
82,1264,401,1429,550
83,1444,752,1830,1074
83,540,287,677,393
83,406,366,557,499
83,1297,515,1546,742
83,220,429,450,630
83,625,228,732,321
83,1005,251,1109,338
83,1143,172,1221,244
83,1255,403,1425,598
83,1278,454,1484,625
83,1264,401,1426,525
84,1444,754,1833,1075
84,405,367,557,499
84,540,289,673,395
84,1005,249,1105,333
84,1303,517,1544,740
84,623,230,731,322
84,1142,172,1219,244
84,219,428,450,630
84,1281,448,1476,629
84,1248,401,1423,591
85,1441,751,1832,1074
85,402,365,559,498
85,1003,241,1106,329
85,538,286,672,394
85,1141,171,1220,243
85,1295,521,1544,741
85,621,229,728,321
85,217,429,448,628
85,1274,449,1484,616
85,1248,400,1423,581
86,1439,750,1831,1074
86,401,365,565,500
86,537,288,671,395
86,1002,240,1105,324
86,1298,530,1544,739
86,216,427,448,628
86,1141,172,1218,242
86,619,229,728,322
86,1242,398,1422,584
86,1274,449,1485,634
87,1439,750,1831,1074
87,536,287,672,394
87,402,365,566,499
87,1003,236,1103,321
87,1297,530,1544,739
87,1141,171,1220,244
87,218,426,448,628
87,1273,452,1487,628
87,1244,399,1421,579
88,1443,753,1833,1075
88,405,367,558,499
88,1301,517,1544,741
88,540,288,673,394
88,1006,233,1104,317
88,1142,172,1221,243
88,218,428,450,629
88,1278,448,1480,628
88,1250,401,1425,583
88,1269,401,1423,492
89,1442,751,1830,1073
89,541,289,673,394
89,1010,233,1104,312
89,404,367,561,499
89,1301,514,1544,741
89,219,429,450,630
89,623,231,732,322
89,1140,174,1220,245
89,1280,462,1479,641
89,1249,401,1426,589
89,1268,403,1423,500
90,1010,228,1106,310
90,1442,751,1831,1074
90,407,366,558,499
90,1300,514,1544,741
90,220,429,450,630
90,540,288,673,394
90,1143,173,1220,243
90,622,230,732,321
90,1254,403,1424,596
90,1281,461,1481,641
90,1265,402,1425,523
91,1442,754,1834,1075
91,540,288,673,395
91,1008,226,1102,307
91,1301,515,1544,741
91,406,367,557,499
91,1141,172,1221,245
91,219,428,450,630
91,1280,450,1479,637
91,1248,401,1427,588
91,1271,402,1424,493
92,1441,754,1833,1075
92,1296,520,1543,740
92,403,366,565,497
92,1142,171,1219,245
92,1008,223,1100,299
92,536,287,671,395
92,217,428,448,630
92,1274,456,1483,619
92,1244,400,1421,582
93,1439,752,1832,1075
93,1008,218,1099,297
93,536,287,671,393
93,1297,531,1543,739
93,402,365,565,498
93,1141,170,1220,244
93,216,427,447,628
93,1274,448,1485,624
93,1242,399,1422,587
93,619,229,730,320
94,1439,753,1831,1075
94,1298,524,1543,739
94,402,366,564,499
94,1010,218,1098,293
94,537,287,671,396
94,620,228,729,322
94,1140,171,1219,244
94,217,427,447,629
94,1273,455,1483,625
94,1243,400,1422,584
95,1441,753,1833,1075
95,1011,215,1100,289
95,404,366,556,499
95,1301,521,1544,741
95,540,289,672,395
95,1139,172,1221,245
95,218,427,450,630
95,1279,459,1480,634
95,1248,401,1425,580
95,1266,402,1428,509
96,1013,215,1100,287
96,1442,752,1830,1072
96,404,367,557,499
96,540,287,674,394
96,1300,512,1543,740
96,1142,173,1221,243
96,622,229,732,322
96,219,428,450,630
96,1281,464,1483,640
96,1252,404,1426,603
96,1268,402,1424,501
97,1441,754,1832,1075
97,1013,214,1099,283
97,540,289,672,395
97,1301,516,1544,741
97,405,366,556,499
97,1141,172,1221,244
97,219,427,451,630
97,622,228,731,322
97,1277,456,1479,634
97,1247,401,1424,587
97,1265,402,1428,523
97,1262,420,1446,599
98,1439,749,1832,1074
98,1014,213,1096,281
98,402,365,560,498
98,538,287,672,394
98,1140,171,1221,244
98,1295,517,1543,740
98,620,228,728,321
98,217,429,448,629
98,1244,400,1424,580
98,1274,445,1485,618
99,1437,751,1830,1075
99,1012,212,1096,276
99,536,287,669,394
99,400,365,564,499
99,1297,535,1543,738
99,216,427,448,628
99,1141,172,1218,243
99,1241,399,1423,586
99,1270,446,1486,628
99,618,228,728,321
100,1436,748,1830,1074
100,536,287,671,394
100,1012,209,1094,273
100,400,365,561,499
100,1297,534,1542,738
100,1141,172,1219,243
100,216,427,448,628
100,1239,399,1422,587
100,618,228,729,321
100,1271,447,1486,628
101,1439,750,1831,1074
101,538,287,672,394
101,1014,205,1097,272
101,402,365,559,498
101,1142,171,1220,244
101,1295,523,1543,740
101,619,228,729,322
101,217,425,449,628
101,1276,445,1484,617
101,1245,399,1422,583
102,1441,754,1832,1074
102,1302,514,1541,741
102,405,367,556,499
102,540,289,672,395
102,218,426,451,630
102,1013,203,1099,269
102,621,229,732,322
102,1141,172,1221,244
102,1280,457,1476,632
102,1248,401,1423,588
102,1268,402,1422,493
103,1441,752,1829,1073
103,407,367,557,499
103,1300,514,1543,741
103,540,286,675,394
103,1014,201,1098,263
103,219,428,450,630
103,621,228,732,322
103,1143,172,1220,244
103,1279,463,1478,630
103,1249,401,1426,581
103,1268,402,1424,502
104,405,367,556,499
104,1441,754,1832,1075
104,1016,199,1097,262
104,540,289,671,395
104,1301,517,1544,741
104,1142,172,1221,244
104,218,427,451,630
104,733,993,1186,1073
104,622,229,732,322
104,1278,455,1480,634
104,1247,402,1423,585
105,1438,751,1831,1074
105,1014,196,1096,260
105,759,936,1174,1078
105,402,365,563,499
105,536,287,671,394
105,1294,519,1543,741
105,216,426,448,629
105,1140,171,1220,243
105,1272,447,1483,618
105,1244,399,1422,582
106,1439,749,1831,1074
106,1015,191,1095,257
106,774,886,1171,1076
106,537,287,672,394
106,401,365,558,499
106,1140,170,1220,242
106,218,426,448,628
106,1295,534,1544,740
106,619,228,728,321
106,1242,399,1422,581
106,1272,446,1492,629
107,787,841,1158,1078
107,1440,751,1828,1073
107,1015,187,1093,254
107,401,366,560,500
107,537,287,671,395
107,1140,171,1221,243
107,1295,531,1545,740
107,218,426,448,628
107,1241,400,1420,584
107,1271,450,1488,629
108,800,801,1158,1073
108,1442,752,1829,1073
108,404,366,558,501
108,539,288,673,395
108,1018,185,1094,251
108,219,426,450,629
108,1300,521,1544,742
108,624,229,731,322
108,1125,171,1220,243
108,1280,449,1481,625
108,1248,401,1425,589
108,1270,402,1423,489
109,813,765,1156,1061
109,1441,753,1831,1073
109,1018,182,1095,249
109,405,366,560,500
109,540,288,673,393
109,219,427,450,630
109,1141,173,1220,243
109,624,229,732,322
109,1299,513,1545,742
109,1283,462,1469,619
109,1247,400,1426,593
109,1271,403,1424,496
110,826,730,1153,1013
110,1017,181,1094,248
110,1441,753,1831,1073
110,404,366,559,501
110,540,289,674,395
110,219,427,451,630
110,623,230,732,322
110,1300,518,1545,742
110,1137,173,1220,244
110,936,178,982,200
110,1246,401,1424,593
110,1282,457,1483,636
110,1270,403,1422,492
111,834,698,1154,969
111,1441,752,1831,1073
111,1018,180,1093,243
111,538,288,674,394
111,404,365,557,500
111,1129,170,1221,243
111,218,427,450,629
111,623,229,730,322
111,935,177,979,197
111,1299,530,1543,742
111,1277,454,1486,627
111,1247,400,1427,597
112,843,669,1147,925
112,1439,751,1828,1074
112,401,366,562,500
112,536,287,672,395
112,1017,178,1092,241
112,1139,171,1220,244
112,1293,534,1545,741
112,217,427,447,629
112,930,178,979,198
112,1242,399,1422,585
112,1271,450,1487,621
113,1440,752,1828,1073
113,851,644,1143,894
113,401,365,563,500
113,536,286,673,394
113,1142,172,1220,243
113,1018,176,1091,239
113,217,426,448,628
113,1290,533,1544,741
113,1241,399,1422,584
113,1271,448,1488,621
114,860,617,1142,853
114,1440,752,1829,1074
114,1018,175,1090,237
114,405,365,558,500
114,538,287,675,394
114,926,175,979,199
114,1140,170,1220,243
114,218,427,449,628
114,1292,527,1544,741
114,1246,401,1424,585
114,1275,448,1490,618
115,1442,752,1831,1073
115,869,596,1140,825
115,404,366,558,500
115,540,288,673,395
115,1021,172,1090,236
115,1141,173,1220,244
115,927,176,976,197
115,1300,518,1545,741
115,219,427,451,629
115,623,230,732,322
115,1277,451,1480,632
115,1246,400,1425,590
115,1272,402,1423,487
116,877,578,1140,798
116,1443,753,1830,1074
116,1143,173,1221,243
116,1022,173,1091,236
116,405,367,561,500
116,540,288,673,394
116,625,229,733,322
116,220,427,449,630
116,1299,526,1545,742
116,925,173,979,196
116,1254,403,1426,612
116,1279,452,1488,636
116,1269,402,1424,499
117,881,556,1136,771
117,540,289,673,395
117,1442,754,1832,1074
117,1143,173,1220,243
117,923,170,977,195
117,405,367,560,500
117,1023,169,1090,231
117,624,229,732,322
117,220,425,450,630
117,1298,522,1544,742
117,1245,399,1427,603
117,1278,447,1489,638
117,1271,402,1424,488
118,890,540,1130,743
118,1441,754,1832,1076
118,1020,169,1088,227
118,1142,173,1219,245
118,539,288,673,395
118,406,366,556,499
118,922,168,978,195
118,1293,526,1545,741
118,219,426,449,629
118,1272,448,1483,621
118,1244,399,1424,600
119,894,523,1131,722
119,1440,751,1828,1074
119,921,167,978,195
119,1142,171,1220,244
119,538,287,672,395
119,1020,167,1089,226
119,405,365,558,499
119,1292,531,1544,740
119,218,425,447,628
119,1272,446,1485,619
119,1243,398,1423,583
120,899,505,1127,699
120,1443,752,1827,1073
120,1143,172,1220,243
120,1019,167,1088,226
120,538,288,672,395
120,920,167,975,194
120,403,366,561,500
120,1294,533,1544,740
120,218,424,448,628
120,627,228,730,322
120,1271,443,1485,619
120,1246,400,1422,579
121,904,493,1127,676
121,1442,752,1830,1074
121,1021,165,1089,225
121,1143,173,1221,244
121,920,165,979,194
121,539,288,672,394
121,1299,526,1545,740
121,404,366,558,499
121,219,427,450,629
121,627,229,732,322
121,1279,450,1484,634
121,1246,400,1426,592
121,1269,401,1423,489
122,913,479,1127,658
122,1144,174,1221,246
122,1444,752,1831,1074
122,1024,166,1090,222
122,540,289,673,395
122,405,366,557,499
122,219,428,450,629
122,624,227,734,321
122,918,166,976,195
122,1298,517,1545,741
122,1250,402,1429,613
122,1283,459,1471,621
122,1268,402,1427,498
123,919,464,1127,639
123,1143,175,1221,246
123,1023,163,1090,219
123,1443,753,1832,1074
123,540,290,672,395
123,404,366,560,500
123,219,428,450,630
123,916,162,973,195
123,626,228,733,322
123,1298,518,1545,741
123,1251,402,1430,612
123,1283,461,1469,620
123,1267,402,1427,499
124,923,449,1123,621
124,1444,752,1831,1074
124,1143,174,1221,245
124,540,289,673,395
124,1023,161,1089,217
124,405,366,557,499
124,219,428,450,630
124,915,158,973,194
124,626,229,733,322
124,1296,521,1545,741
124,1249,403,1432,612
124,1281,453,1478,617
124,1269,401,1427,495
125,926,439,1122,604
125,1442,752,1830,1074
125,1142,173,1220,243
125,539,287,672,395
125,1020,163,1088,216
125,403,366,560,499
125,218,427,449,629
125,1294,526,1544,741
125,914,154,972,194
125,1246,400,1423,596
125,1278,446,1485,621
126,928,427,1123,589
126,1441,752,1828,1074
126,537,287,673,394
126,1020,164,1089,215
126,1142,172,1221,242
126,402,365,561,499
126,218,426,448,629
126,912,153,971,194
126,1293,532,1545,741
126,1249,404,1423,598
126,1273,448,1489,626
127,930,418,1122,575
127,1441,754,1830,1076
127,537,287,673,394
127,1141,171,1220,242
127,1020,159,1089,213
127,403,365,559,500
127,906,151,972,194
127,218,426,448,628
127,1294,533,1545,741
127,1251,406,1425,593
127,1274,451,1486,621
128,938,408,1118,561
128,1440,752,1830,1074
128,1142,173,1221,243
128,538,288,673,395
128,404,366,559,500
128,1020,161,1088,211
128,910,150,971,194
128,218,426,450,629
128,1296,529,1546,741
128,1251,405,1426,591
128,1275,463,1482,630
129,943,397,1120,548
129,1144,175,1221,244
129,1443,753,1830,1074
129,540,288,673,394
129,404,367,558,499
129,1023,162,1088,211
129,220,428,450,629
129,911,147,973,194
129,624,231,733,322
129,1298,525,1546,742
129,1252,402,1425,593
129,1275,460,1486,646
129,1268,401,1424,503
130,945,390,1117,533
130,1442,753,1830,1074
130,1143,175,1221,244
130,541,289,672,394
130,404,366,558,500
130,219,428,450,629
130,1299,516,1546,743
130,622,229,734,321
130,1024,162,1087,206
130,908,146,972,194
130,1249,399,1426,575
130,1275,461,1483,645
130,1271,401,1423,491
131,947,381,1115,522
131,1441,753,1830,1074
131,405,366,557,500
131,539,288,673,394
131,1141,172,1221,245
131,219,426,450,629
131,1023,157,1088,205
131,622,230,731,322
131,1297,521,1544,743
131,1251,407,1427,590
131,1274,459,1484,638
131,908,145,970,193
132,948,373,1116,509
132,1440,750,1831,1075
132,1143,173,1221,244
132,537,287,672,394
132,403,365,558,499
132,1293,523,1545,742
132,1023,154,1087,202
132,219,426,449,629
132,1246,400,1421,577
132,901,145,968,193
132,1271,447,1485,619
133,952,364,1112,500
133,1439,751,1830,1074
133,537,288,671,395
133,1141,172,1221,244
133,402,365,560,499
133,1295,531,1545,741
133,1020,156,1087,201
133,218,426,448,628
133,899,143,967,192
133,620,229,729,322
133,1243,399,1421,571
133,1270,452,1488,626
134,956,356,1112,487
134,1440,751,1830,1075
134,1142,173,1221,244
134,404,365,558,499
134,538,288,673,395
134,1023,152,1087,200
134,1292,526,1544,741
134,218,426,449,628
134,1244,400,1423,585
134,900,142,969,191
134,623,230,729,322
134,1271,452,1486,620
135,956,350,1111,479
135,1442,752,1830,1074
135,1142,173,1222,243
135,539,289,674,394
135,405,365,556,499
135,219,427,451,629
135,1300,524,1546,742
135,1024,152,1089,200
135,623,230,732,322
135,1246,400,1426,575
135,1274,462,1481,642
135,899,140,968,192
136,959,344,1109,471
136,1441,752,1831,1074
136,404,366,558,500
136,1142,174,1221,245
136,540,290,675,394
136,219,428,450,630
136,1301,520,1546,742
136,622,230,733,322
136,1024,153,1088,198
136,1275,465,1481,643
136,1246,399,1426,578
137,962,336,1109,461
137,1441,752,1830,1074
137,404,366,557,500
137,540,289,675,394
137,1141,173,1221,245
137,1301,517,1546,742
137,219,428,450,630
137,623,229,733,322
137,1027,150,1088,196
137,1275,464,1480,641
137,1246,399,1426,577
137,897,138,970,194
138,965,330,1108,453
138,1440,752,1829,1074
138,539,288,674,394
138,406,365,557,500
138,1141,172,1221,243
138,1296,525,1546,742
138,218,426,450,629
138,621,230,730,322
138,1026,151,1085,196
138,1245,399,1424,586
138,1273,454,1483,623
138,897,137,967,194
139,965,324,1104,442
139,1439,751,1830,1074
139,538,288,674,394
139,404,365,559,499
139,1141,171,1221,243
139,1294,522,1545,741
139,218,426,448,629
139,1026,150,1086,197
139,621,229,729,322
139,1243,398,1423,584
139,1272,446,1486,624
139,895,136,965,194
140,968,317,1108,433
140,1440,753,1831,1076
140,538,288,674,394
140,404,365,559,500
140,1295,527,1545,741
140,1140,172,1221,243
140,218,426,448,628
140,621,229,729,322
140,1027,149,1086,196
140,1244,398,1422,582
140,1273,446,1485,625
140,894,135,963,194
141,968,311,1108,428
141,1441,754,1831,1076
141,1142,173,1222,243
141,539,288,674,394
141,403,366,563,499
141,1297,519,1545,741
141,218,426,450,629
141,620,230,730,322
141,1028,151,1086,196
141,1246,399,1423,585
141,1277,453,1481,621
141,891,135,965,196
142,970,306,1105,419
142,1441,751,1830,1074
142,1143,174,1222,245
142,540,289,674,394
142,404,367,558,500
142,219,427,451,629
142,1299,519,1545,741
142,622,230,732,322
142,1030,150,1086,194
142,1246,398,1426,591
142,1280,465,1483,638
142,891,135,966,196
142,1264,401,1427,529
143,972,301,1104,411
143,1441,751,1830,1074
143,404,366,558,500
143,540,290,674,394
143,1300,517,1546,742
143,219,426,451,630
143,1141,173,1221,243
143,620,230,732,322
143,1245,400,1425,585
143,1279,457,1481,640
143,1030,152,1085,194
143,889,134,965,199
143,1257,401,1429,537
144,970,294,1104,403
144,1441,752,1830,1074
144,539,288,674,394
144,405,366,557,500
144,1142,173,1222,245
144,1300,514,1545,742
144,622,230,731,322
144,219,426,450,630
144,1277,451,1478,627
144,1246,400,1424,584
144,1030,151,1084,193
144,887,133,963,200
144,1259,402,1429,531
145,973,287,1103,395
145,1440,751,1829,1074
145,538,287,673,394
145,403,365,559,500
145,1296,517,1545,742
145,1139,171,1220,243
145,619,229,729,322
145,1029,151,1085,193
145,218,426,449,629
145,1244,399,1423,582
145,884,133,963,200
145,1276,447,1483,617
146,973,284,1103,388
146,1439,754,1830,1075
146,538,288,673,394
146,402,365,560,499
146,1296,522,1546,742
146,1139,171,1221,244
146,217,425,448,629
146,617,229,729,322
146,1027,152,1086,194
146,1272,445,1482,622
146,1244,399,1421,577
147,976,281,1103,383
147,1440,751,1828,1074
147,539,288,674,394
147,405,365,557,499
147,1298,519,1544,741
147,219,427,450,629
147,1139,173,1221,244
147,619,229,731,322
147,1027,154,1085,193
147,1245,400,1424,579
147,1277,451,1482,622
147,882,136,961,203
148,976,277,1104,379
148,1441,752,1830,1074
148,540,289,674,395
148,404,366,556,500
148,1300,517,1545,742
148,219,427,451,629
148,1139,173,1221,245
148,619,230,732,322
148,1029,152,1084,193
148,1245,400,1426,583
148,1279,452,1479,632
148,880,138,960,205
149,978,273,1102,371
149,1441,752,1831,1075
149,404,366,559,500
149,540,288,673,394
149,219,427,450,630
149,1141,175,1221,245
149,1300,515,1546,743
149,620,229,734,322
149,1028,153,1083,193
149,1280,462,1480,639
149,1247,399,1425,588
149,880,137,961,210
149,1262,402,1427,533
150,979,267,1101,364
150,1441,752,1829,1074
150,540,288,672,394
150,404,366,557,499
150,1141,175,1221,244
150,219,427,450,630
150,1301,521,1546,742
150,621,230,732,322
150,1281,464,1480,639
150,1028,154,1084,193
150,1247,399,1426,590
150,880,138,960,211
150,1265,401,1428,526
151,979,262,1099,358
151,1440,754,1831,1075
151,404,365,561,499
151,540,288,673,394
151,1297,525,1546,742
151,1140,172,1220,243
151,218,426,449,630
151,617,229,730,323
151,1028,154,1083,192
151,1246,401,1423,576
151,1274,451,1482,619
151,1262,418,1438,594
152,980,257,1097,355
152,1439,753,1831,1075
152,403,365,563,498
152,538,287,673,394
152,1296,524,1546,741
152,1139,171,1221,244
152,217,426,448,628
152,1244,400,1423,578
152,1272,443,1484,617
152,1028,152,1082,192
152,617,229,729,322
152,871,138,956,215
153,980,254,1096,348
153,1439,753,1831,1075
153,403,365,562,498
153,1296,523,1547,741
153,538,287,673,394
153,1139,171,1221,244
153,217,426,448,628
153,1271,444,1484,617
153,1244,400,1423,574
153,617,229,730,322
153,872,139,952,216
153,1027,153,1084,193
154,982,251,1096,342
154,1440,751,1828,1073
154,404,365,558,499
154,540,288,674,394
154,1140,172,1221,245
154,1296,524,1546,741
154,218,426,449,628
154,1274,451,1482,619
154,617,229,730,322
154,1245,400,1424,580
154,1028,155,1082,191
154,871,141,953,219
155,984,245,1097,336
155,1440,751,1830,1073
155,540,286,676,395
155,406,365,556,499
155,1141,174,1222,244
155,219,426,450,629
155,1300,526,1545,742
155,621,229,732,322
155,1278,467,1482,634
155,1252,404,1431,592
155,872,148,954,223
155,1028,158,1082,194
156,986,241,1097,334
156,1143,173,1220,243
156,1443,752,1831,1074
156,405,367,556,499
156,540,289,674,395
156,219,428,450,630
156,1300,518,1545,741
156,729,1004,1134,1075
156,1248,401,1428,580
156,1280,447,1483,640
156,1030,157,1081,193
157,987,238,1095,329
157,720,949,1162,1078
157,1440,753,1831,1074
157,540,288,674,395
157,404,365,556,499
157,1142,172,1219,242
157,218,428,449,629
157,1296,511,1545,741
157,1248,400,1428,587
157,1275,448,1482,616
157,1030,157,1084,194
158,736,893,1151,1071
158,987,235,1093,322
158,1439,752,1829,1073
158,537,287,672,394
158,1142,171,1219,242
158,401,364,562,498
158,217,426,448,628
158,1288,498,1544,741
158,1244,398,1423,578
158,621,229,728,321
158,1029,159,1075,192
158,1271,451,1493,616
159,987,232,1092,320
159,1439,751,1828,1073
159,755,844,1149,1074
159,535,287,671,394
159,1142,171,1219,242
159,400,365,563,498
159,216,427,448,628
159,620,229,728,322
159,1297,523,1544,742
159,1241,399,1423,578
159,1271,457,1486,626
159,860,150,950,233
159,1027,159,1076,193
160,770,803,1149,1069
160,989,230,1092,313
160,1440,752,1829,1073
160,537,287,673,394
160,402,364,561,498
160,1142,171,1220,243
160,217,426,448,628
160,1291,510,1545,740
160,621,229,729,321
160,1245,399,1423,574
160,1273,452,1489,614
161,783,762,1145,1069
161,992,228,1091,310
161,1440,753,1830,1073
161,540,288,673,395
161,403,366,556,499
161,1142,173,1219,242
161,219,427,450,629
161,621,230,730,323
161,1296,513,1545,741
161,1253,405,1428,590
161,859,152,948,237
161,1279,456,1486,624
161,1028,163,1079,194
162,798,728,1140,1020
162,992,223,1094,310
162,1442,752,1830,1073
162,540,289,674,395
162,1144,173,1221,242
162,219,428,451,630
162,402,367,557,499
162,622,230,732,322
162,1299,515,1545,742
162,859,156,947,240
162,1247,400,1428,594
162,1279,454,1485,629
163,812,697,1140,968
163,996,222,1092,304
163,1441,753,1831,1074
163,1144,173,1220,242
163,540,289,674,395
163,404,366,556,498
163,219,429,451,629
163,624,230,732,322
163,1299,516,1545,742
163,856,159,947,244
163,1252,404,1430,604
163,1279,453,1487,637
164,823,666,1138,930
164,1440,752,1829,1073
164,995,218,1092,298
164,538,288,673,395
164,404,365,558,498
164,1143,173,1219,244
164,218,427,448,628
164,1294,522,1546,742
164,622,230,729,322
164,853,161,945,249
164,1274,447,1483,617
164,1246,400,1424,579
165,833,641,1135,888
165,995,214,1091,293
165,1439,752,1829,1073
165,535,286,672,393
165,1294,521,1544,741
165,1143,172,1220,243
165,402,364,561,498
165,624,229,728,321
165,217,427,448,627
165,1244,399,1422,583
165,1272,444,1485,623
165,847,161,943,250
166,842,618,1133,851
166,996,211,1091,290
166,1438,752,1829,1073
166,535,287,673,394
166,403,365,562,498
166,1295,529,1543,740
166,620,230,728,321
166,218,427,448,627
166,1141,171,1219,243
166,1272,453,1487,626
166,1244,399,1424,577
166,844,163,942,255
167,850,592,1131,822
167,996,209,1090,288
167,1440,754,1831,1075
167,538,288,674,394
167,403,365,558,499
167,1141,171,1219,242
167,1292,519,1543,741
167,619,230,730,322
167,218,426,449,628
167,1247,399,1425,582
167,1274,458,1484,617
167,843,165,943,258
167,1030,168,1074,194
167,1259,401,1429,538
168,863,573,1133,790
168,998,209,1091,287
168,1442,753,1831,1074
168,1144,173,1221,245
168,540,287,675,394
168,403,367,557,499
168,623,230,733,322
168,219,429,449,629
168,1300,524,1545,741
168,1282,466,1476,620
168,844,168,943,261
168,1251,400,1428,611
168,844,195,941,262
168,1272,401,1425,498
169,871,550,1129,762
169,1442,753,1831,1074
169,1144,174,1221,245
169,403,367,558,500
169,541,288,673,394
169,621,229,733,321
169,1300,519,1545,741
169,219,429,449,630
169,1281,464,1474,617
169,1252,402,1428,610
169,842,172,942,264
169,1001,209,1092,284
170,874,533,1128,735
170,1442,753,1831,1073
170,540,289,674,394
170,1144,173,1221,243
170,1002,212,1091,278
170,405,366,557,499
170,1301,520,1545,741
170,622,230,732,322
170,219,428,450,630
170,1278,458,1483,629
170,1247,400,1427,591
170,840,207,938,267
171,881,515,1126,712
171,1000,203,1090,273
171,1441,754,1832,1076
171,538,287,673,394
171,401,365,558,499
171,1139,171,1219,243
171,1290,513,1543,741
171,620,229,730,322
171,1245,399,1424,587
171,218,428,449,629
171,1274,446,1486,617
171,833,180,935,272
172,888,499,1128,691
172,1439,752,1828,1073
172,536,288,671,394
172,999,201,1089,271
172,402,365,560,499
172,1296,521,1545,740
172,830,180,934,276
172,1141,172,1220,245
172,618,229,730,322
172,218,427,448,628
172,1273,453,1485,626
172,1243,398,1423,592
173,893,485,1124,670
173,1440,751,1829,1073
173,537,287,673,394
173,402,365,560,499
173,1295,516,1545,740
173,831,179,935,278
173,1142,171,1220,242
173,619,229,730,322
173,217,428,447,628
173,1246,399,1424,585
173,1279,444,1484,618
173,1000,201,1089,267
174,902,471,1125,652
174,1441,755,1833,1075
174,540,289,673,395
174,1143,172,1221,245
174,403,366,558,500
174,1301,518,1545,741
174,829,182,934,285
174,620,229,731,322
174,219,428,450,629
174,1007,205,1090,265
174,1285,457,1480,630
174,1246,399,1425,593
175,909,455,1125,630
175,1443,754,1834,1076
175,541,289,673,394
175,1145,173,1221,243
175,621,229,733,321
175,403,367,559,500
175,1005,199,1091,263
175,220,430,449,630
175,1301,524,1545,741
175,824,187,933,287
175,1287,461,1479,619
175,1250,402,1427,610
176,914,442,1123,615
176,1443,755,1832,1076
176,540,289,675,395
176,1301,520,1546,741
176,1007,190,1090,262
176,403,367,559,499
176,622,229,733,321
176,819,191,932,291
176,1142,173,1221,244
176,220,429,450,630
176,1284,462,1480,627
176,1250,399,1427,599
176,1269,402,1425,497
177,919,430,1123,594
177,539,289,673,395
177,1441,754,1833,1076
177,818,192,932,295
177,402,366,559,499
177,219,428,451,630
177,1298,517,1546,741
177,622,230,730,322
177,1140,171,1220,244
177,1006,188,1091,260
177,1280,451,1480,616
177,1246,400,1425,591
178,1007,186,1089,254
178,1441,754,1830,1076
178,537,287,673,394
178,922,421,1119,582
178,402,365,562,499
178,1290,516,1546,741
178,812,197,932,300
178,218,429,448,629
178,623,230,728,322
178,1245,399,1424,594
178,1271,448,1483,612
178,1126,169,1219,243
179,1007,184,1088,249
179,925,409,1113,565
179,1441,751,1830,1074
179,537,288,671,395
179,401,365,562,499
179,1292,523,1543,740
179,622,230,728,321
179,811,200,926,306
179,218,427,448,629
179,1270,446,1484,623
179,1142,171,1220,244
179,1244,400,1423,579
180,1007,181,1090,247
180,1443,752,1827,1074
180,931,400,1118,551
180,537,288,671,394
180,402,365,562,499
180,1294,516,1544,741
180,1142,171,1220,245
180,218,427,448,629
180,623,230,729,322
180,1272,448,1482,621
180,804,201,927,311
180,1246,400,1423,586
181,1011,180,1091,244
181,938,391,1117,537
181,1442,754,1831,1076
181,539,288,675,394
181,1300,513,1541,741
181,400,367,559,499
181,219,428,451,630
181,624,230,732,322
181,1141,173,1219,245
181,1277,459,1478,628
181,803,204,927,315
181,1247,400,1426,582
181,1270,402,1425,489
182,540,289,674,394
182,1442,755,1832,1075
182,942,384,1118,526
182,1011,176,1090,242
182,1299,513,1545,741
182,402,367,560,500
182,624,229,733,322
182,219,429,451,630
182,1141,173,1220,246
182,1277,462,1479,631
182,1246,400,1425,587
182,795,208,925,323
182,1261,402,1426,529
182,1269,403,1424,493
183,540,289,674,394
183,1443,755,1832,1076
183,1013,176,1089,240
183,401,366,560,499
183,1299,515,1545,741
183,219,429,450,630
183,624,229,733,322
183,795,215,922,326
183,945,374,1117,514
183,1276,463,1483,637
183,1140,173,1220,246
183,1246,401,1424,586
183,1269,402,1424,494
184,948,365,1117,501
184,1442,755,1832,1076
184,538,289,672,394
184,1013,175,1088,239
184,403,365,561,499
184,1298,523,1546,741
184,790,218,918,335
184,1274,451,1482,627
184,218,428,450,630
184,624,229,731,322
184,1129,170,1220,244
184,1244,400,1423,584
184,1257,427,1434,603
185,949,356,1118,491
185,1441,755,1829,1075
185,535,287,671,394
185,1293,516,1545,740
185,401,365,565,500
185,1013,172,1088,238
185,784,220,916,337
185,623,231,729,321
185,218,428,449,629
185,1270,451,1485,622
185,1141,171,1220,245
185,1242,399,1423,585
186,953,349,1115,479
186,1441,751,1830,1074
186,538,288,671,396
186,1143,172,1221,244
186,403,364,565,498
186,625,230,729,321
186,776,223,912,344
186,1294,527,1544,740
186,1013,172,1089,235
186,218,427,448,629
186,1241,399,1422,575
186,1272,446,1485,625
187,955,342,1116,469
187,1442,752,1828,1073
187,1016,169,1089,230
187,538,288,672,395
187,404,365,563,499
187,1296,524,1545,740
187,1141,171,1221,242
187,626,230,729,321
187,771,227,912,349
187,1272,451,1482,624
187,219,427,449,629
187,1245,400,1423,582
188,963,335,1118,457
188,1443,752,1830,1073
188,540,289,674,394
188,1015,169,1091,228
188,1301,520,1545,742
188,1143,173,1221,242
188,402,366,561,500
188,625,229,731,321
188,219,429,451,630
188,916,175,964,197
188,1277,462,1478,632
188,1245,399,1430,596
189,966,331,1116,450
189,1443,753,1830,1073
189,540,289,675,394
189,1016,167,1091,227
189,401,366,563,499
189,1143,173,1221,244
189,1300,519,1543,741
189,625,229,732,321
189,219,430,450,630
189,1279,466,1472,625
189,1247,399,1429,600
189,917,175,964,197
189,769,238,907,364
190,966,320,1118,441
190,540,289,673,395
190,1443,755,1831,1075
190,1015,167,1091,226
190,1300,515,1545,742
190,916,173,962,197
190,402,365,560,500
190,1142,171,1221,245
190,762,240,905,371
190,219,429,451,630
190,624,229,730,322
190,1278,465,1475,627
190,1245,399,1430,597
191,969,315,1117,429
191,1442,752,1828,1073
191,1014,167,1090,223
191,539,287,673,394
191,402,364,564,499
191,1142,171,1221,244
191,757,242,903,377
191,1298,525,1545,741
191,914,173,961,198
191,624,229,728,322
191,218,430,449,630
191,1277,451,1482,626
191,1243,399,1425,598
192,969,310,1114,420
192,1440,752,1828,1074
192,536,286,673,393
192,1014,166,1089,222
192,403,365,558,499
192,913,169,958,197
192,1141,171,1221,244
192,1290,521,1543,741
192,626,229,726,322
192,218,429,448,629
192,1243,398,1422,587
192,1273,451,1483,618
193,1440,752,1828,1074
193,970,301,1114,412
193,537,287,673,393
193,403,364,558,499
193,1140,171,1221,244
193,1014,166,1089,218
193,1292,522,1544,741
193,626,229,727,322
193,1245,398,1422,588
193,746,253,892,391
193,218,429,448,629
193,747,295,892,392
193,1274,449,1484,619
193,913,168,959,198
194,1442,752,1830,1073
194,974,296,1113,406
194,539,288,673,393
194,404,365,557,499
194,1301,517,1543,741
194,1017,162,1089,216
194,219,428,450,629
194,1142,173,1221,244
194,741,258,892,399
194,910,167,961,196
194,1282,457,1479,623
194,1247,399,1426,589
194,623,230,732,320
195,974,293,1112,397
195,1442,753,1829,1073
195,540,289,673,394
195,1300,516,1545,741
195,403,366,556,499
195,219,428,450,629
195,1018,161,1089,215
195,1143,173,1221,243
195,908,167,962,196
195,738,305,889,406
195,1281,465,1476,625
195,1247,400,1427,590
195,625,230,731,322
196,976,286,1108,392
196,1443,752,1830,1073
196,540,289,673,394
196,402,366,556,499
196,1017,158,1089,215
196,1296,513,1544,742
196,1144,172,1222,245
196,219,430,450,629
196,908,167,961,196
196,730,270,886,415
196,1281,466,1468,614
196,1250,401,1429,608
196,624,230,729,322
196,863,281,898,324
197,977,282,1106,384
197,1442,752,1830,1073
197,540,289,672,394
197,402,366,557,499
197,905,165,962,196
197,1298,514,1546,742
197,1142,172,1221,245
197,219,429,451,629
197,1017,158,1089,213
197,623,230,727,324
197,1277,460,1474,615
197,722,288,881,427
197,1247,399,1429,603
198,976,278,1105,379
198,1441,754,1831,1075
198,539,289,671,395
198,405,365,559,499
198,218,427,449,629
198,1294,523,1546,741
198,1139,170,1221,243
198,713,281,878,434
198,1016,155,1088,211
198,905,164,959,196
198,1245,399,1424,580
198,1271,450,1484,619
198,621,230,725,325
199,978,270,1104,370
199,1440,751,1831,1074
199,538,288,672,393
199,403,364,564,498
199,1016,152,1087,206
199,1294,521,1545,741
199,218,427,448,629
199,1139,170,1221,244
199,1271,444,1487,621
199,904,161,957,195
199,1247,401,1423,576
199,623,230,726,320
199,707,287,875,444
200,980,268,1103,364
200,1441,751,1828,1074
200,538,288,673,394
200,403,364,560,499
200,1295,520,1545,742
200,1017,152,1086,203
200,218,427,448,629
200,1138,170,1221,243
200,1271,448,1485,623
200,621,230,728,323
200,1247,400,1423,577
200,902,162,957,196
200,1260,407,1442,607
201,983,262,1107,358
201,1442,752,1829,1074
201,540,289,676,394
201,1017,153,1087,201
201,1297,513,1544,742
201,403,365,558,499
201,219,428,451,629
201,1140,172,1221,245
201,902,156,958,197
201,1276,457,1479,620
201,622,229,732,323
201,1247,399,1433,598
202,984,259,1106,353
202,1442,752,1829,1073
202,219,429,450,629
202,1143,172,1222,245
202,1299,515,1545,742
202,404,365,559,499
202,621,228,734,322
202,1018,152,1088,202
202,540,290,671,392
202,901,156,957,196
202,1282,466,1472,617
202,1252,402,1429,604
202,688,306,866,476
203,985,254,1104,346
203,1443,755,1833,1074
203,1144,174,1221,245
203,900,155,954,194
203,620,229,733,321
203,540,290,670,395
203,1302,518,1545,742
203,219,429,451,630
203,401,366,563,500
203,1018,151,1088,200
203,1279,465,1479,640
203,1254,403,1427,600
203,1264,402,1427,530
204,985,249,1102,341
204,1143,173,1220,245
204,1443,755,1834,1075
204,899,154,956,193
204,404,366,558,499
204,219,427,451,630
204,1017,150,1088,200
204,540,289,667,393
204,623,229,732,320
204,1301,517,1545,742
204,1277,460,1481,638
204,1251,401,1430,584
205,986,245,1101,335
205,1441,751,1830,1074
205,897,153,950,191
205,1142,171,1220,245
205,403,364,563,500
205,218,426,449,629
205,538,287,668,396
205,1017,150,1087,199
205,1251,404,1425,587
205,1291,516,1543,740
205,615,229,730,320
205,1271,447,1489,638
206,987,240,1099,331
206,1441,752,1827,1072
206,895,152,949,193
206,537,287,667,398
206,403,364,558,499
206,1141,171,1220,244
206,217,426,447,629
206,619,230,729,321
206,1295,528,1544,740
206,1272,449,1486,629
206,1246,399,1423,581
206,1016,148,1087,198
206,645,337,850,527
207,988,238,1098,323
207,1441,752,1831,1074
207,1142,172,1220,244
207,403,364,559,499
207,217,428,448,629
207,896,152,949,192
207,539,287,673,406
207,621,229,730,321
207,1295,525,1542,740
207,637,341,840,538
207,1274,450,1486,632
207,1016,148,1086,197
207,1248,401,1427,577
208,987,235,1097,320
208,1441,753,1830,1073
208,1144,173,1221,243
208,218,429,450,630
208,403,365,557,500
208,540,290,672,398
208,896,152,949,192
208,1299,522,1546,742
208,619,230,732,322
208,621,355,839,556
208,1278,460,1481,635
208,1018,149,1085,198
208,1253,406,1429,594
209,988,231,1099,314
209,1442,752,1830,1073
209,1144,174,1222,242
209,620,228,733,322
209,219,429,450,630
209,404,366,557,499
209,895,151,949,192
209,540,290,671,396
209,1299,524,1547,742
209,614,360,835,571
209,1252,402,1426,606
209,1018,149,1087,197
209,1280,463,1486,637
209,1271,403,1424,495
210,990,228,1098,311
210,1442,752,1830,1073
210,1145,174,1222,242
210,404,366,557,499
210,621,228,733,321
210,219,429,451,630
210,1299,521,1548,742
210,539,290,672,393
210,892,150,948,193
210,1018,149,1086,196
210,1279,465,1466,618
210,601,372,835,587
210,1252,402,1427,607
210,540,290,672,439
210,1271,403,1425,494
211,991,224,1095,307
211,1441,753,1831,1073
211,404,365,556,499
211,1144,172,1221,242
211,218,429,451,630
211,1300,516,1545,742
211,539,289,672,391
211,618,228,732,322
211,889,149,947,194
211,1018,149,1084,194
211,1278,457,1479,633
211,1248,401,1427,586
212,992,222,1094,300
212,1441,751,1829,1073
212,1143,171,1220,242
212,402,364,558,500
212,217,429,449,630
212,538,287,673,393
212,621,229,730,322
212,1291,507,1543,741
212,888,151,945,194
212,1250,407,1428,597
212,1019,148,1083,193
212,573,391,821,624
212,1271,435,1484,611
213,992,218,1093,297
213,1441,752,1829,1073
213,403,364,555,497
213,218,427,449,629
213,537,288,673,394
213,1142,171,1221,243
213,618,229,729,322
213,886,151,943,194
213,1297,534,1544,740
213,556,403,814,643
213,1019,149,1083,194
213,1274,447,1488,619
213,1245,399,1421,584
214,993,214,1093,292
214,1441,752,1830,1073
214,405,364,556,505
214,218,427,451,629
214,1141,171,1222,243
214,538,288,673,394
214,621,229,730,322
214,885,148,945,194
214,1296,526,1545,741
214,1020,150,1083,195
214,1247,400,1425,592
214,541,415,806,661
214,1278,456,1489,620
215,996,211,1093,289
215,1441,753,1832,1073
215,1144,173,1221,243
215,219,428,451,629
215,539,288,674,393
215,404,364,556,499
215,623,229,732,322
215,884,150,945,195
215,1020,152,1083,196
215,1301,529,1546,742
215,1284,463,1473,629
215,524,431,795,685
215,1252,403,1427,608
215,1269,402,1424,495
216,997,209,1093,286
216,1443,752,1831,1073
216,1144,174,1221,243
216,401,364,558,498
216,623,229,732,321
216,883,150,945,197
216,1299,512,1545,743
216,219,430,450,630
216,1247,400,1427,597
216,539,288,674,393
216,1286,457,1470,615
216,1021,152,1083,197
216,1268,402,1425,498
217,1443,752,1830,1073
217,1144,174,1221,243
217,998,206,1092,282
217,402,364,556,501
217,539,288,675,394
217,623,228,732,322
217,1300,517,1545,742
217,881,151,942,196
217,219,429,449,630
217,1286,463,1471,618
217,1249,399,1428,598
217,1021,153,1081,195
217,1268,401,1425,500
218,998,205,1092,277
218,1441,752,1832,1074
218,539,289,674,394
218,405,364,557,502
218,1135,172,1221,243
218,217,429,452,630
218,622,229,730,322
218,461,477,767,762
218,1296,513,1543,742
218,1246,399,1425,600
218,879,150,941,198
218,1278,448,1479,612
218,1021,153,1079,196
219,1441,752,1830,1074
219,999,202,1091,272
219,538,288,673,394
219,403,364,561,500
219,1137,170,1220,243
219,218,426,448,628
219,1294,513,1545,740
219,621,229,729,322
219,1246,399,1423,598
219,877,147,939,200
219,1276,446,1487,615
219,436,494,758,789
219,1021,153,1078,195
220,1441,752,1830,1074
220,538,288,673,393
220,403,364,559,500
220,1138,170,1220,243
220,1001,201,1091,269
220,875,149,939,201
220,218,425,446,631
220,1293,512,1543,741
220,622,229,729,322
220,411,514,746,824
220,1246,400,1423,598
220,1276,449,1488,614
221,1441,752,1832,1074
221,539,289,673,394
221,219,427,448,632
221,405,365,558,500
221,1139,173,1222,244
221,1001,198,1091,265
221,622,229,731,322
221,1299,516,1544,742
221,875,150,940,203
221,1248,400,1425,599
221,384,533,732,856
221,1281,454,1481,625
222,1443,752,1830,1074
222,1144,174,1221,243
222,219,429,450,629
222,623,229,733,321
222,539,289,675,394
222,403,365,558,500
222,1299,519,1547,742
222,874,152,940,204
222,1003,198,1092,262
222,1253,402,1426,612
222,1283,457,1484,632
222,1004,160,1092,262
222,1267,402,1424,503
223,1147,174,1221,243
223,1444,752,1830,1073
223,1006,161,1091,260
223,539,289,675,395
223,622,228,733,321
223,1300,513,1544,742
223,871,153,935,207
223,403,365,563,500
223,220,429,450,631
223,1284,460,1481,637
223,1250,401,1424,601
223,1006,194,1091,261
224,1443,752,1830,1073
224,1145,174,1221,243
224,219,426,452,630
224,1006,163,1091,257
224,539,289,673,395
224,403,366,563,499
224,1301,511,1545,742
224,622,230,732,322
224,869,156,937,210
224,274,609,687,984
224,1283,453,1480,640
224,1247,401,1425,602
225,1440,753,1831,1074
225,1143,172,1221,242
225,1006,166,1091,252
225,538,288,673,394
225,404,365,560,499
225,1299,515,1544,742
225,219,426,450,630
225,868,152,933,211
225,625,229,730,322
225,1277,446,1482,632
225,1247,401,1424,599
226,1005,169,1090,249
226,1441,754,1831,1075
226,537,288,674,395
226,1143,172,1220,243
226,1297,514,1544,742
226,402,365,564,500
226,218,427,448,630
226,866,152,934,212
226,1273,449,1479,621
226,1246,400,1422,590
226,185,673,642,1077
227,1007,171,1091,247
227,1441,752,1829,1073
227,1143,173,1220,243
227,538,288,674,394
227,218,427,450,629
227,1299,515,1544,742
227,404,365,561,500
227,864,157,934,215
227,624,229,730,322
227,1277,446,1480,629
227,1246,401,1424,597
227,138,708,623,1074
228,1008,168,1091,244
228,1145,174,1221,243
228,1441,751,1830,1073
228,539,289,674,395
228,864,159,934,216
228,402,365,558,499
228,219,428,449,630
228,1299,511,1545,741
228,623,229,732,322
228,1248,401,1427,602
228,1278,455,1482,634
228,1268,402,1423,494
229,1146,174,1221,243
229,1010,171,1091,241
229,1441,751,1830,1074
229,540,287,675,395
229,862,164,934,218
229,404,365,557,499
229,219,429,449,630
229,1301,517,1546,741
229,623,229,733,322
229,24,781,580,1075
229,1279,460,1482,638
229,1255,404,1426,616
229,1267,402,1424,500
230,1011,171,1091,239
230,1145,174,1221,243
230,1443,752,1830,1074
230,862,163,934,220
230,540,287,675,394
230,404,366,557,499
230,220,429,449,630
230,624,229,732,322
230,1298,507,1547,742
230,1254,404,1425,614
230,1279,457,1484,633
230,0,825,554,1072
230,1266,402,1424,501
231,1011,173,1090,237
231,858,164,932,221
231,1442,752,1832,1073
231,539,289,674,395
231,404,365,557,499
231,1142,172,1221,244
231,1301,517,1546,742
231,219,428,450,630
231,624,228,731,322
231,1275,450,1479,636
231,0,887,457,1077
231,1247,401,1426,594
232,1013,173,1090,235
232,857,165,929,224
232,1441,755,1832,1075
232,538,289,674,395
232,1299,520,1545,742
232,1138,171,1220,243
232,401,364,560,499
232,623,229,730,322
232,1275,442,1484,625
232,219,427,449,630
232,1245,402,1425,593
232,0,952,397,1076
233,1442,752,1830,1075
233,1143,172,1220,242
233,539,289,674,395
233,855,164,929,226
233,403,365,558,499
233,1013,167,1090,230
233,218,427,449,629
233,1295,510,1545,741
233,624,230,729,322
233,1246,400,1425,594
233,1275,442,1486,619
233,1114,169,1161,198
234,1012,167,1091,227
234,1442,752,1830,1075
234,856,166,927,228
234,1143,172,1221,242
234,404,365,557,499
234,539,290,673,395
234,1297,523,1545,741
234,218,427,450,629
234,623,229,729,322
234,1276,448,1483,626
234,1247,402,1426,590
234,1270,402,1424,478
235,1145,174,1222,242
235,856,167,929,231
235,1444,752,1830,1074
235,1013,167,1092,226
235,540,289,675,394
235,219,428,450,630
235,403,365,556,499
235,625,230,732,322
235,1299,515,1547,741
235,1251,402,1427,613
235,1278,459,1490,639
235,1269,402,1425,498
236,1145,174,1221,243
236,1014,166,1091,225
236,853,167,926,234
236,540,289,675,394
236,1443,752,1830,1074
236,402,365,557,499
236,625,230,732,322
236,219,429,450,630
236,1300,515,1547,741
236,1252,403,1429,612
236,1279,461,1488,640
236,1268,402,1427,499
237,1146,174,1221,243
237,851,170,925,235
237,1014,167,1090,221
237,1443,752,1831,1074
237,540,288,676,394
237,403,365,557,499
237,219,428,450,631
237,624,230,732,322
237,1301,514,1547,742
237,1246,400,1428,601
237,1277,456,1485,641
238,1442,751,1830,1074
238,539,289,673,394
238,1144,173,1220,243
238,1013,165,1089,218
238,403,365,557,499
238,849,171,923,238
238,218,428,450,630
238,622,230,729,321
238,1301,515,1547,741
238,1278,448,1483,640
238,1245,401,1427,594
239,845,174,922,238
239,1441,751,1828,1073
239,1142,172,1220,243
239,537,288,672,395
239,1011,161,1089,216
239,403,365,562,499
239,216,428,448,630
239,1295,517,1547,741
239,621,229,727,321
239,1246,400,1425,595
239,920,178,969,198
239,1276,445,1485,622
240,845,176,922,240
240,1443,752,1830,1073
240,1143,172,1220,242
240,538,287,674,394
240,1012,162,1088,215
240,403,365,561,498
240,218,428,449,630
240,1292,504,1544,740
240,1251,408,1427,600
240,917,178,966,199
240,1115,169,1162,197
240,1270,432,1474,612
240,622,229,727,322
241,844,176,922,243
241,1443,752,1830,1074
241,1142,173,1220,244
241,539,288,675,394
241,1013,160,1088,215
241,218,428,451,630
241,405,366,557,499
241,1300,519,1545,741
241,625,229,731,322
241,1246,400,1426,589
241,1280,452,1486,641
241,911,174,967,199
242,842,180,921,247
242,1144,174,1221,244
242,540,288,676,394
242,1442,752,1830,1074
242,1012,159,1088,212
242,220,429,450,631
242,403,366,561,500
242,626,229,733,322
242,1297,505,1544,740
242,1249,402,1427,612
242,915,176,967,199
242,1282,461,1492,640
243,841,180,921,249
243,1146,173,1222,242
243,1443,752,1829,1073
243,540,289,675,394
243,1013,160,1087,211
243,625,229,733,322
243,1298,511,1545,741
243,220,429,449,630
243,404,365,559,499
243,1251,402,1427,611
243,910,175,964,199
243,1285,462,1491,639
243,1281,454,1457,618
243,1114,169,1163,197
244,540,289,673,394
244,840,184,919,250
244,1143,173,1221,243
244,1442,752,1830,1072
244,1013,157,1086,205
244,407,365,558,499
244,219,427,451,630
244,1301,521,1546,741
244,624,229,731,322
244,1250,406,1429,608
244,1282,460,1486,640
244,908,174,963,198
245,836,188,917,254
245,538,288,673,394
245,1142,171,1221,242
245,1441,752,1830,1073
245,405,365,557,499
245,217,428,449,630
245,1013,153,1085,202
245,1299,519,1545,741
245,623,228,730,321
245,1246,400,1426,598
245,1281,444,1489,628
245,908,169,962,197
245,1114,169,1163,197
246,835,188,917,257
246,537,287,674,394
246,1440,752,1829,1073
246,1142,172,1220,244
246,404,364,562,499
246,622,229,729,321
246,217,427,448,629
246,1010,148,1084,202
246,1296,520,1545,741
246,907,167,963,198
246,1244,400,1424,593
246,1266,439,1490,617
247,835,191,917,260
247,1441,752,1829,1073
247,538,288,673,394
247,1142,171,1220,242
247,405,365,564,500
247,217,427,448,629
247,1011,148,1085,201
247,623,228,730,322
247,905,167,963,197
247,1292,509,1544,741
247,1244,400,1425,594
247,1269,431,1475,614
248,836,191,915,260
248,1144,173,1222,242
248,1442,752,1830,1073
248,539,289,674,394
248,219,428,451,630
248,405,365,559,500
248,625,228,732,321
248,1012,150,1085,201
248,1301,519,1546,742
248,907,166,964,196
248,1250,403,1428,610
248,1281,461,1486,635
248,1116,169,1164,197
249,834,195,917,264
249,1144,173,1222,243
249,1442,752,1830,1073
249,539,287,674,395
249,1300,514,1546,742
249,1013,150,1084,200
249,624,230,732,321
249,404,365,559,499
249,219,428,450,630
249,1250,402,1428,610
249,909,165,963,198
249,1282,467,1484,632
249,1267,402,1425,495
250,1144,174,1221,245
250,539,287,674,394
250,832,199,918,266
250,1442,754,1832,1075
250,1013,149,1085,197
250,624,228,732,321
250,219,428,450,629
250,1300,511,1547,743
250,404,365,559,500
250,909,162,963,195
250,1246,400,1427,602
250,1279,458,1484,633
251,830,201,915,270
251,1144,172,1221,242
251,538,289,674,394
251,1441,754,1833,1075
251,1013,150,1083,197
251,403,365,558,500
251,626,229,730,322
251,219,428,450,630
251,1301,516,1546,742
251,1245,401,1427,596
251,1280,442,1484,636
251,909,160,962,194
251,1115,169,1164,197
252,1441,752,1828,1073
252,826,203,913,274
252,537,287,673,394
252,403,364,560,499
252,1141,171,1221,242
252,1011,150,1081,196
252,624,228,729,322
252,1296,517,1547,741
252,217,427,448,629
252,1246,401,1423,591
252,1273,442,1488,623
252,908,157,958,193
252,1115,169,1163,197
253,1441,752,1829,1073
253,1142,171,1221,244
253,537,287,673,395
253,822,203,912,275
253,404,365,557,499
253,1296,521,1544,740
253,1012,150,1079,194
253,624,229,729,321
253,218,429,448,629
253,1264,438,1489,615
253,1246,402,1425,593
253,907,155,960,190
253,1114,168,1162,196
254,1443,752,1830,1073
254,1142,171,1221,242
254,538,287,674,395
254,820,204,912,280
254,405,365,555,499
254,1013,150,1080,194
254,1297,515,1542,740
254,218,428,450,629
254,623,229,730,322
254,906,154,958,192
254,1276,446,1486,621
254,1247,401,1426,596
254,1114,168,1163,197
255,820,209,911,284
255,1442,753,1831,1074
255,539,288,675,395
255,1143,173,1221,242
255,1014,150,1081,194
255,219,428,451,630
255,404,365,557,499
255,622,230,732,322
255,1299,512,1542,741
255,904,153,959,194
255,1247,401,1428,597
255,1277,449,1482,633
255,1269,402,1425,495
256,1442,752,1830,1074
256,820,211,910,287
256,1143,174,1222,244
256,539,288,675,395
256,624,230,733,322
256,220,429,449,630
256,404,366,557,499
256,1300,512,1546,741
256,903,152,961,195
256,1015,151,1080,194
256,1248,400,1426,598
256,1279,452,1486,639
256,1268,402,1424,499
257,539,288,675,395
257,1442,752,1830,1073
257,819,214,910,289
257,1142,174,1221,244
257,1301,512,1545,741
257,219,428,450,630
257,404,365,556,499
257,622,230,732,322
257,1014,150,1080,194
257,904,152,959,194
257,1278,444,1479,634
257,1247,401,1425,602
257,1072,154,1122,195
257,1266,403,1423,500
258,1442,752,1830,1074
258,538,287,674,395
258,1142,172,1221,242
258,816,211,909,293
258,403,365,555,499
258,1300,512,1545,741
258,1014,150,1079,194
258,218,429,449,630
258,1277,442,1482,626
258,1248,401,1427,602
258,901,150,960,195
258,1115,168,1163,197
258,1266,402,1425,496
258,619,230,729,322
259,812,216,907,297
259,1441,754,1831,1075
259,1141,171,1221,244
259,537,286,673,395
259,402,365,557,500
259,1296,514,1544,740
259,1013,150,1079,194
259,218,428,448,629
259,1274,441,1483,619
259,1249,401,1423,587
259,900,148,956,194
259,622,230,731,320
259,1114,168,1162,196
260,812,219,908,299
260,1440,751,1828,1073
260,536,287,673,395
260,1142,171,1221,244
260,401,365,557,500
260,1296,517,1544,740
260,1012,150,1078,194
260,217,428,447,629
260,1248,401,1423,582
260,1273,442,1484,621
260,621,230,729,321
260,899,149,955,194
260,1113,168,1161,196
260,1074,155,1117,194
261,1441,751,1829,1073
261,538,287,674,395
261,1142,172,1221,244
261,811,221,906,302
261,405,366,555,499
261,218,428,449,629
261,1016,152,1077,193
261,1298,515,1545,741
261,1247,400,1427,591
261,621,229,730,322
261,1278,445,1486,627
261,897,149,958,194
261,1071,155,1119,193
261,1115,168,1163,197
262,1442,755,1832,1075
262,539,288,675,395
262,805,222,905,308
262,1299,512,1545,741
262,1142,173,1220,243
262,405,365,556,499
262,219,428,450,630
262,898,146,957,194
262,1015,156,1078,193
262,622,230,731,322
262,1277,449,1480,628
262,1250,401,1427,594
263,1442,752,1832,1074
263,803,224,903,312
263,539,288,675,395
263,1143,173,1221,243
263,1300,511,1546,741
263,405,366,556,499
263,219,428,450,629
263,623,230,732,322
263,1016,153,1078,192
263,1248,400,1425,597
263,898,143,959,194
263,1280,451,1483,635
263,1268,402,1423,498
264,1442,752,1831,1074
264,539,289,674,395
264,799,230,902,314
264,1301,512,1544,741
264,1141,172,1220,243
264,402,366,558,499
264,219,428,450,629
264,622,230,731,322
264,1247,400,1426,597
264,1278,440,1479,636
264,1015,155,1081,195
265,1441,752,1829,1073
265,794,231,899,320
265,538,288,672,395
265,403,365,558,500
265,1297,513,1543,740
265,1138,170,1220,243
265,218,427,449,629
265,1016,158,1078,193
265,1275,446,1479,616
265,892,142,955,194
265,1247,400,1424,599
265,620,230,727,322
266,1441,753,1831,1075
266,792,234,897,324
266,401,364,557,500
266,538,289,672,395
266,1140,170,1220,242
266,1296,518,1543,740
266,218,428,448,629
266,720,976,1153,1077
266,1015,156,1077,193
266,1275,441,1487,619
266,1247,400,1423,592
266,623,230,728,321
266,891,143,952,194
266,1254,417,1467,609
267,1441,754,1831,1075
267,790,236,895,327
267,748,922,1141,1072
267,402,364,557,500
267,538,289,672,396
267,1297,515,1543,740
267,218,428,448,629
267,1138,169,1220,243
267,1017,158,1077,192
267,1275,443,1485,620
267,1248,400,1422,587
267,621,229,729,320
267,890,142,951,194
268,1441,754,1832,1075
268,786,241,894,332
268,539,288,673,395
268,761,874,1137,1075
268,1299,515,1544,740
268,218,429,449,629
268,401,366,555,500
268,1139,171,1220,245
268,624,229,730,322
268,1016,160,1078,193
268,889,142,953,195
268,1279,447,1483,624
268,1246,399,1426,597
269,777,830,1129,1074
269,1443,751,1830,1073
269,782,244,894,336
269,539,289,674,394
269,218,429,450,630
269,1140,173,1221,245
269,1301,516,1545,741
269,402,366,558,500
269,623,229,733,321
269,1017,163,1081,194
269,1279,456,1484,638
269,1245,399,1427,604
269,890,141,952,196
270,783,791,1133,1072
270,779,246,889,342
270,1443,754,1832,1074
270,1144,173,1222,243
270,539,289,673,394
270,1302,513,1545,741
270,404,367,555,499
270,622,230,732,321
270,220,429,450,630
270,1017,166,1077,194
270,1248,400,1426,598
270,1279,447,1482,638
270,888,141,953,199
271,798,757,1126,1053
271,1144,172,1221,244
271,1441,753,1831,1073
271,539,289,673,394
271,773,251,888,346
271,402,366,556,499
271,1300,518,1545,742
271,622,230,730,321
271,219,428,450,630
271,1020,166,1078,194
271,1280,444,1480,624
271,1246,400,1427,598
271,1115,169,1162,197
271,883,139,950,200
271,1272,401,1424,485
272,807,721,1120,1005
272,1442,751,1832,1074
272,772,255,885,351
272,1143,172,1221,244
272,537,288,672,394
272,400,365,558,500
272,1020,167,1075,194
272,218,428,449,629
272,1296,528,1544,741
272,1246,399,1424,595
272,1276,445,1487,618
272,617,231,728,320
273,814,692,1119,966
273,769,258,882,356
273,1442,752,1828,1073
273,537,288,671,395
273,1143,171,1220,244
273,400,365,559,499
273,217,428,447,629
273,1296,534,1545,741
273,616,231,727,321
273,1245,399,1423,598
273,1018,167,1076,194
273,1275,444,1491,619
274,826,665,1118,924
274,1442,750,1831,1074
274,766,261,882,359
274,1143,172,1220,244
274,538,288,672,394
274,400,364,557,499
274,1021,172,1075,196
274,217,429,449,630
274,1292,528,1545,741
274,1246,399,1425,595
274,1276,443,1489,616
274,617,230,728,320
275,837,639,1116,890
275,760,267,882,370
275,1441,751,1832,1074
275,1142,172,1221,245
275,538,289,673,394
275,400,366,556,500
275,218,429,449,630
275,1295,520,1546,741
275,1022,172,1078,195
275,622,230,729,322
275,1247,400,1429,597
275,1275,453,1485,623
275,876,139,949,207
276,845,618,1116,856
276,757,270,878,374
276,1443,752,1829,1073
276,1144,173,1221,246
276,538,289,674,393
276,1022,173,1077,196
276,402,366,555,499
276,625,231,731,322
276,219,430,450,630
276,1299,513,1544,741
276,1247,400,1428,599
276,1278,449,1485,634
276,1271,402,1425,492
276,877,142,948,211
277,852,594,1115,825
277,1443,752,1829,1073
277,754,277,876,382
277,1143,173,1221,246
277,538,289,674,393
277,400,367,556,500
277,1019,173,1076,196
277,219,430,450,630
277,625,231,731,322
277,1299,515,1545,741
277,1247,400,1428,597
277,1278,451,1484,633
277,875,144,947,214
277,1270,402,1425,493
278,859,575,1113,798
278,1441,752,1829,1073
278,746,281,871,384
278,538,288,673,393
278,400,366,555,500
278,1142,172,1220,245
278,218,429,450,630
278,1295,525,1544,741
278,1022,176,1075,195
278,621,231,729,322
278,1247,400,1425,597
278,1276,445,1482,621
278,872,145,943,214
279,865,553,1113,771
279,1441,751,1828,1074
279,743,283,867,392
279,537,288,672,392
279,1142,173,1220,243
279,399,364,558,500
279,218,428,448,629
279,1294,528,1544,741
279,1021,172,1074,194
279,1246,399,1424,597
279,621,231,727,321
279,1276,440,1485,620
279,870,145,944,213
280,875,537,1108,748
280,1441,751,1827,1074
280,536,288,672,393
280,737,286,863,400
280,399,364,559,500
280,1141,171,1221,244
280,218,429,449,629
280,1293,530,1544,741
280,622,230,728,321
280,1245,399,1424,591
280,1271,444,1488,621
280,867,145,941,216
280,1025,178,1068,195
281,1442,752,1827,1074
281,879,522,1106,723
281,537,288,671,393
281,731,292,861,406
281,1142,171,1221,244
281,400,364,559,500
281,218,427,448,628
281,1292,528,1545,741
281,1246,399,1426,593
281,623,229,728,320
281,865,148,942,219
281,1272,443,1486,619
281,1025,177,1067,195
282,886,505,1106,702
282,1443,751,1829,1074
282,539,289,673,394
282,728,296,861,411
282,402,365,556,499
282,1295,522,1545,741
282,1141,171,1221,245
282,219,428,450,629
282,864,148,944,224
282,1248,401,1428,594
282,625,229,730,322
282,1277,451,1483,617
282,1026,178,1071,195
283,893,491,1103,678
283,1443,752,1830,1075
283,722,300,857,419
283,539,289,672,394
283,1142,172,1221,246
283,402,366,556,499
283,1297,519,1545,741
283,219,428,450,629
283,1278,450,1480,617
283,1248,401,1426,599
283,624,230,730,321
283,863,152,940,227
284,897,478,1104,660
284,1443,752,1829,1075
284,716,306,854,428
284,539,288,672,394
284,1142,172,1221,246
284,403,366,555,499
284,1298,516,1545,741
284,219,429,450,629
284,1248,400,1426,599
284,1277,444,1481,617
284,627,230,730,321
284,1027,180,1073,196
284,862,153,939,227
284,1272,400,1424,489
285,903,461,1107,643
285,1443,751,1829,1075
285,538,287,672,394
285,708,312,852,434
285,402,365,555,499
285,218,428,450,629
285,1141,171,1220,244
285,1294,519,1544,741
285,1245,400,1425,585
285,857,155,938,228
285,625,230,729,321
285,1272,442,1484,616
286,907,449,1103,624
286,1443,751,1827,1074
286,700,317,846,439
286,536,288,671,394
286,400,364,562,500
286,1142,170,1221,244
286,218,427,448,629
286,856,157,934,230
286,1289,524,1546,741
286,1244,399,1424,587
286,622,230,729,322
286,1271,445,1486,614
287,912,438,1106,607
287,1443,751,1827,1074
287,536,287,671,394
287,697,323,841,450
287,854,157,935,235
287,401,363,563,499
287,218,426,448,629
287,1291,528,1544,741
287,1141,170,1221,244
287,1245,399,1424,593
287,622,229,730,320
287,1273,446,1485,616
288,917,428,1102,591
288,1443,752,1828,1074
288,537,288,671,394
288,689,330,838,455
288,403,365,558,500
288,852,160,933,239
288,218,427,448,629
288,1140,170,1220,244
288,1291,513,1545,740
288,1245,399,1425,594
288,1272,445,1483,614
288,625,229,729,320
289,1443,752,1830,1075
289,923,418,1102,576
289,684,334,838,466
289,538,288,673,394
289,1141,172,1220,245
289,402,366,558,500
289,850,163,933,239
289,218,429,450,629
289,1295,515,1546,742
289,625,229,733,321
289,1245,399,1426,595
289,1273,452,1481,617
290,925,408,1100,565
290,1442,752,1830,1074
290,1143,173,1221,244
290,676,339,831,475
290,405,367,556,499
290,219,429,450,630
290,539,289,671,395
290,1297,518,1545,741
290,850,163,932,241
290,625,229,732,321
290,1247,399,1427,595
290,1275,453,1485,631
290,1115,169,1164,197
290,1269,401,1424,490
291,930,398,1098,551
291,1442,753,1830,1074
291,670,345,826,482
291,539,289,667,395
291,403,366,557,499
291,218,426,451,630
291,1141,173,1220,244
291,1293,514,1545,741
291,624,229,732,321
291,846,165,931,243
291,1245,400,1427,594
291,1273,450,1487,619
291,1114,169,1175,197
292,935,389,1098,537
292,663,352,821,492
292,1440,752,1829,1074
292,539,288,671,394
292,401,366,562,500
292,218,428,449,629
292,1292,513,1545,741
292,1135,170,1221,242
292,842,166,932,249
292,1244,400,1426,594
292,1272,443,1490,616
292,1113,168,1182,198
293,1440,752,1828,1073
293,936,382,1099,525
293,537,287,671,393
293,402,365,563,500
293,218,427,448,629
293,651,359,818,502
293,1291,522,1545,739
293,1138,170,1220,244
293,841,168,930,251
293,623,230,730,322
293,1243,401,1423,584
293,1269,440,1488,621
293,1115,168,1171,197
294,1440,752,1828,1073
294,939,374,1097,515
294,538,288,672,393
294,645,367,815,514
294,402,365,561,500
294,217,428,448,629
294,1291,520,1545,739
294,1139,171,1220,244
294,624,229,730,322
294,1243,401,1423,581
294,1270,441,1488,621
294,837,171,929,255
295,942,363,1096,502
295,1441,752,1829,1074
295,538,288,673,393
295,637,377,810,522
295,218,428,449,629
295,403,366,557,499
295,1294,517,1545,740
295,1140,171,1222,244
295,1244,400,1427,590
295,623,229,731,322
295,1272,442,1486,621
295,837,172,927,258
295,1114,168,1170,198
296,944,359,1095,492
296,1441,752,1830,1074
296,539,287,672,394
296,219,427,451,630
296,401,367,562,499
296,628,385,808,532
296,1139,172,1221,245
296,1296,519,1545,740
296,621,230,731,322
296,1244,400,1427,591
296,1273,447,1485,622
296,1114,169,1166,198
296,832,173,926,262
297,947,349,1096,482
297,1442,752,1830,1074
297,619,388,803,546
297,539,289,672,395
297,1141,173,1221,244
297,219,428,450,630
297,1299,516,1545,741
297,402,367,561,500
297,623,229,731,322
297,830,175,925,263
297,1244,400,1427,602
297,1276,450,1483,627
297,1114,169,1176,198
298,950,342,1094,473
298,1442,752,1831,1074
298,609,397,797,560
298,540,289,672,394
298,404,366,558,499
298,1295,512,1545,740
298,218,427,450,630
298,1140,173,1220,244
298,621,229,731,322
298,1243,400,1427,602
298,1274,446,1486,620
298,829,177,923,266
298,1113,169,1184,198
299,950,336,1094,464
299,1441,752,1829,1073
299,597,405,790,571
299,537,287,672,394
299,403,365,559,499
299,218,427,449,629
299,620,229,731,322
299,1286,514,1543,737
299,1243,400,1425,598
299,1137,171,1219,244
299,827,180,920,270
299,1271,444,1489,619
300,952,331,1095,455
300,588,413,786,581
300,1441,752,1828,1073
300,536,288,674,393
300,400,365,563,499
300,1294,518,1544,740
300,218,429,448,629
300,822,185,920,273
300,623,229,730,322
300,1137,170,1221,242
300,1275,445,1482,619
300,1247,400,1425,599
301,576,425,777,596
301,958,324,1094,444
301,1441,752,1828,1073
301,401,366,561,499
301,536,288,674,394
301,1296,518,1544,741
301,218,429,448,629
301,621,229,729,322
301,1276,449,1479,619
301,1129,169,1221,243
301,1248,401,1424,597
301,819,187,917,278
302,565,433,774,612
302,962,317,1095,436
302,1440,753,1831,1074
302,539,288,674,393
302,219,429,450,630
302,818,191,916,282
302,401,367,559,498
302,1300,520,1544,742
302,623,229,732,322
302,1138,172,1222,243
302,1278,456,1481,625
302,1248,400,1427,601
302,1263,402,1427,534
302,1115,168,1215,204
303,962,312,1096,428
303,220,429,449,630
303,1441,753,1829,1073
303,554,443,765,626
303,539,287,674,393
303,401,366,562,498
303,624,229,732,322
303,1300,521,1543,742
303,1278,461,1482,633
303,1248,399,1427,605
303,1139,172,1222,244
303,816,195,916,286
303,1262,402,1426,552
304,963,309,1095,421
304,538,452,762,644
304,1441,754,1830,1073
304,539,287,675,394
304,219,428,451,630
304,401,366,561,498
304,1302,519,1543,742
304,623,229,731,322
304,1276,449,1481,632
304,1248,401,1427,605
304,1125,171,1221,243
304,810,197,914,289
305,526,468,752,659
305,965,300,1093,412
305,1441,753,1830,1073
305,539,287,674,393
305,218,430,450,630
305,403,366,557,498
305,807,200,910,293
305,1300,524,1544,742
305,623,229,731,322
305,1277,448,1483,627
305,1120,170,1221,243
305,1247,401,1426,599
305,1113,168,1217,215
306,511,479,742,675
306,1441,752,1828,1073
306,966,293,1092,407
306,401,365,562,498
306,537,288,674,394
306,218,428,449,629
306,804,203,908,297
306,1296,527,1544,741
306,1274,445,1482,617
306,1246,400,1423,592
306,621,229,729,322
306,1117,168,1220,243
307,970,290,1093,397
307,496,493,735,694
307,1441,752,1828,1073
307,537,288,674,394
307,402,365,562,498
307,1297,529,1545,741
307,218,428,449,629
307,800,204,908,302
307,1275,445,1483,618
307,1246,400,1423,596
307,622,229,729,322
307,1120,169,1220,243
308,972,287,1094,392
308,483,505,728,715
308,1441,752,1830,1074
308,797,206,904,307
308,539,287,674,394
308,218,429,451,629
308,401,366,560,497
308,1300,529,1545,741
308,1137,171,1222,243
308,1278,453,1484,626
308,1248,400,1426,599
308,1113,168,1214,200
308,620,230,729,322
308,1258,401,1426,537
309,972,281,1092,384
309,465,521,718,736
309,1442,753,1830,1073
309,539,288,675,395
309,219,428,450,630
309,792,211,905,311
309,401,367,561,500
309,1300,524,1545,741
309,1252,404,1427,611
309,1280,459,1486,636
309,1136,171,1221,243
309,621,231,729,323
309,1268,402,1424,498
309,1115,169,1216,210
