0,724,185,829,273
0,1,1376,630,1918
0,839,115,936,182
0,815,172,875,226
1,1,1373,1015,1918
1,724,186,829,273
1,815,172,874,226
1,840,116,935,182
2,724,185,829,272
2,305,1358,1430,1919
2,815,172,873,226
2,835,115,936,183
3,755,1342,1857,1918
3,724,185,829,273
3,816,172,874,227
3,833,115,936,183
4,1175,1320,2285,1919
4,723,184,829,273
4,816,171,874,227
4,834,115,936,182
5,1551,1302,2559,1918
5,723,184,829,273
5,816,172,874,227
5,835,116,936,183
6,1913,1279,2558,1918
6,723,185,829,273
6,815,172,874,226
7,2248,1281,2558,1916
7,723,185,829,273
7,815,172,875,226
8,723,184,829,273
8,815,172,875,226
8,845,116,936,183
9,723,184,829,273
9,816,172,874,226
9,841,116,936,182
10,723,184,829,273
10,817,172,875,227
10,724,107,779,144
10,843,117,936,182
11,722,184,829,273
11,816,171,875,227
11,724,107,778,144
12,722,184,829,272
12,816,172,874,227
13,722,185,829,272
13,816,172,874,226
14,722,185,829,272
14,815,172,874,226
15,722,185,829,272
15,816,172,873,226
16,723,184,829,272
16,816,172,874,227
17,724,184,830,272
17,816,172,874,227
18,724,184,830,272
18,816,172,874,227
19,723,184,829,272
19,816,172,874,227
20,722,185,829,272
20,815,172,874,227
21,722,185,830,272
21,815,173,874,227
22,722,185,830,272
22,815,172,874,226
22,856,118,935,182
23,722,184,830,272
23,817,172,874,226
23,854,118,936,182
24,723,185,830,273
24,816,172,874,226
25,723,185,830,273
25,817,172,873,225
26,722,185,829,273
26,816,173,874,226
27,722,185,829,273
27,816,174,873,225
28,723,185,829,273
28,816,173,873,226
29,722,185,829,273
29,816,173,873,225
30,722,184,830,273
30,817,173,873,225
30,592,238,724,336
31,723,184,830,273
31,593,239,724,336
31,817,172,874,225
32,723,184,830,273
32,593,240,723,336
32,817,172,874,225
33,722,185,830,273
33,816,173,873,226
34,722,185,830,272
34,817,174,872,226
35,723,185,829,273
35,817,173,873,226
36,722,184,830,273
36,817,173,873,225
36,592,239,723,337
36,837,115,934,187
37,722,185,830,273
37,592,240,724,337
37,818,173,874,225
37,844,117,936,182
38,720,185,830,274
38,592,240,724,337
38,818,173,874,225
39,722,185,830,273
39,592,240,723,337
39,817,174,874,225
39,848,116,936,182
40,723,185,829,273
40,816,174,874,226
41,723,185,829,273
41,816,174,874,226
42,722,185,829,273
42,816,175,875,226
43,722,185,829,273
43,817,175,874,226
43,592,240,723,336
44,722,185,829,273
44,593,240,724,337
44,817,175,874,226
45,722,185,829,273
45,592,240,724,337
45,818,173,874,226
46,722,184,829,273
46,817,174,874,226
47,722,184,829,273
47,817,174,874,226
48,722,185,828,273
48,817,174,874,226
49,722,185,829,273
49,816,174,874,226
50,722,185,829,273
50,817,174,875,226
50,592,239,723,337
51,722,185,830,273
51,818,173,875,226
51,592,240,723,337
52,722,185,829,273
52,593,241,723,337
52,817,173,875,227
53,723,185,829,273
53,816,174,874,226
54,722,185,829,273
54,816,174,874,227
55,722,185,829,273
55,816,174,874,226
55,848,117,936,182
56,722,185,829,273
56,816,173,874,226
56,841,116,936,182
57,722,185,829,273
57,593,240,724,337
57,817,173,874,226
58,722,185,829,273
58,593,241,724,337
58,817,173,874,226
59,722,185,829,273
59,593,240,724,337
59,817,173,874,227
60,722,185,829,273
60,816,173,874,226
61,722,185,829,273
61,817,174,874,226
62,722,185,829,273
62,817,174,874,226
63,722,185,829,273
63,817,174,874,226
63,843,117,936,183
64,722,185,829,273
64,818,173,874,226
64,592,243,724,337
64,843,117,936,183
65,721,185,830,274
65,593,243,725,337
65,818,173,874,226
66,723,185,830,273
66,818,173,873,226
67,722,185,829,273
67,817,173,874,226
68,721,185,829,273
68,817,174,874,226
69,722,185,829,273
69,817,174,874,226
70,721,185,829,273
70,817,174,873,226
71,721,185,830,273
71,818,173,874,226
71,592,248,723,337
72,722,186,829,273
72,592,244,723,337
72,818,174,874,226
73,722,185,829,273
74,723,186,829,273
75,722,185,829,273
75,817,175,874,226
76,722,185,829,273
76,817,175,873,226
77,722,186,830,273
77,592,244,723,337
78,1,1403,788,1918
78,719,186,830,274
78,593,245,723,336
78,844,118,936,181
79,1,1397,1237,1918
79,719,186,830,273
79,593,245,723,336
79,725,108,779,144
79,845,118,936,181
80,10,1379,1682,1918
80,722,186,829,273
80,724,108,778,143
80,846,117,936,181
81,517,1368,2109,1919
81,723,186,829,273
81,848,117,936,182
82,979,1339,2545,1919
82,723,186,829,273
82,849,117,936,182
82,724,108,777,142
83,1425,1309,2557,1918
83,723,186,829,273
83,847,118,936,183
83,725,108,777,142
84,1833,1287,2557,1918
84,722,186,830,273
84,593,245,722,336
84,722,108,778,144
85,723,185,830,273
85,2214,1299,2559,1916
85,593,245,722,336
85,722,108,778,144
86,722,185,830,273
86,593,243,722,336
86,849,119,935,182
86,724,108,779,144
87,724,186,830,273
87,851,118,935,182
88,723,186,830,273
88,720,108,778,146
88,848,117,936,182
88,593,241,721,335
89,723,186,830,273
89,720,108,778,146
89,848,117,935,182
89,592,242,721,335
90,723,186,830,273
90,592,241,721,335
90,720,108,778,146
90,850,118,935,182
91,723,186,830,273
91,849,118,936,183
91,593,240,722,335
92,724,186,830,273
92,844,117,936,182
93,723,185,830,273
93,847,118,936,182
94,723,185,829,273
94,841,118,936,182
95,723,186,829,273
95,845,118,936,182
96,724,185,830,273
96,855,118,936,182
97,724,185,830,273
97,816,174,873,226
98,723,185,830,272
98,816,173,873,226
98,848,118,935,184
98,592,242,721,335
99,723,185,830,272
99,816,173,873,226
99,592,242,721,335
99,844,117,935,184
100,723,186,829,272
100,816,173,873,226
101,724,185,829,272
101,816,173,873,226
101,846,117,935,183
102,724,185,829,272
102,815,173,873,226
102,846,116,935,184
103,724,185,829,272
103,816,173,872,226
103,841,116,935,185
104,724,185,829,272
104,816,172,872,226
104,844,117,935,184
105,723,185,829,272
105,815,172,873,226
105,593,243,722,335
105,843,117,935,184
106,723,185,829,272
106,816,172,873,226
106,840,117,935,184
106,593,244,722,335
107,723,186,829,273
107,815,173,873,226
107,837,115,935,184
108,723,188,828,273
108,815,173,873,226
109,723,187,828,273
109,815,173,873,226
110,723,187,828,273
110,816,173,873,226
110,593,245,721,334
111,723,187,829,273
111,593,244,721,335
111,816,173,874,226
111,720,108,777,148
112,723,186,828,272
112,593,245,721,335
112,816,173,874,226
113,722,187,829,273
113,593,244,721,335
113,816,173,874,226
114,722,187,829,272
114,816,173,873,226
114,593,240,721,335
115,723,186,829,272
115,816,173,873,226
115,592,239,721,334
116,722,186,829,273
116,592,240,721,335
116,816,173,873,226
117,722,185,829,273
117,816,173,872,226
117,592,244,721,335
118,723,184,829,273
118,817,173,872,226
118,717,107,777,146
118,593,243,721,336
118,840,116,936,182
119,723,186,829,273
119,816,173,873,226
119,593,244,721,336
119,716,107,778,146
119,634,122,731,188
120,722,185,828,272
120,593,244,721,336
120,816,172,872,226
120,839,117,936,183
121,722,185,829,272
121,815,173,873,226
121,593,244,721,336
121,838,117,936,183
122,722,185,829,272
122,816,173,873,226
122,593,244,721,336
122,842,117,936,183
122,716,107,777,150
123,722,186,829,273
123,815,173,873,226
123,593,244,721,336
123,841,117,936,183
124,722,185,829,273
124,593,245,721,336
124,816,173,873,226
124,717,107,778,150
125,723,185,829,273
125,593,245,721,336
125,816,173,873,226
126,723,185,828,273
126,593,246,720,335
126,816,173,873,226
127,723,185,829,273
127,593,244,721,336
127,816,173,873,226
128,723,186,828,273
128,593,245,721,335
128,816,173,873,226
129,723,186,828,273
129,593,246,720,335
129,815,173,873,226
129,635,122,725,185
130,723,185,828,272
130,593,245,721,336
130,816,173,873,226
130,0,1392,246,1917
130,842,117,935,183
131,723,186,828,273
131,593,248,722,336
131,0,1363,667,1919
131,815,173,873,227
131,722,108,779,144
132,1,1308,1118,1918
132,722,186,828,272
132,593,248,721,336
132,815,173,874,226
132,722,108,780,144
133,0,1285,1618,1917
133,722,186,828,272
133,593,248,721,336
133,815,173,873,226
133,723,108,779,145
134,722,186,829,273
134,165,1274,2064,1918
134,814,173,873,226
134,592,247,721,336
134,634,121,728,183
134,722,108,779,145
135,723,186,828,272
135,691,1265,2512,1917
135,814,172,873,226
135,638,129,727,183
135,592,246,721,336
135,722,108,779,144
136,723,186,828,272
136,1156,1245,2558,1916
136,814,172,873,226
137,723,185,828,272
137,1590,1223,2558,1911
137,815,172,873,226
137,592,244,722,336
137,722,108,779,144
138,723,185,828,273
138,592,245,722,336
138,815,172,874,226
138,723,108,779,144
139,723,185,828,273
139,2369,1283,2558,1711
139,592,245,721,336
139,815,172,874,226
139,723,108,779,144
140,723,185,829,273
140,815,172,873,226
140,592,245,721,336
141,722,186,829,273
141,815,173,873,226
141,721,108,780,143
142,722,186,829,273
142,815,173,873,226
142,721,108,780,143
143,723,185,829,273
143,592,240,722,336
143,815,173,873,226
143,721,108,780,143
144,723,185,830,273
144,815,172,874,226
145,723,186,830,273
145,592,236,722,336
145,815,172,874,226
145,723,108,780,144
146,723,186,830,273
146,593,237,722,336
146,814,172,873,226
146,723,108,780,144
147,723,186,830,273
147,723,108,780,144
147,814,172,874,226
148,723,186,830,273
148,723,108,780,144
148,814,173,874,226
149,723,186,830,273
149,723,108,780,144
149,815,173,874,226
150,723,186,830,273
150,723,108,780,144
150,815,173,874,226
151,722,187,830,273
151,593,244,721,336
151,721,108,780,146
151,814,173,874,227
152,722,187,830,273
152,593,244,721,336
152,721,108,780,146
152,814,173,874,227
153,723,187,829,273
153,592,247,721,336
153,720,108,779,146
153,814,172,873,227
154,723,187,829,273
154,720,108,780,146
154,592,251,720,336
154,814,173,874,227
154,839,116,936,183
155,723,187,829,273
155,592,251,720,336
155,721,108,780,146
155,814,173,873,227
155,840,116,936,183
156,723,187,829,273
156,593,246,721,335
156,720,108,780,146
156,814,173,874,227
157,723,187,829,273
157,593,247,722,335
157,724,108,780,145
157,815,173,874,227
157,832,116,936,184
158,723,187,829,273
158,593,247,722,335
158,724,108,780,145
158,815,173,874,227
158,832,116,936,184
159,723,187,829,273
159,593,248,721,335
159,723,108,780,145
159,814,173,874,227
159,831,116,936,184
160,723,187,829,273
160,813,172,873,227
160,722,108,779,145
160,592,249,721,335
161,723,187,829,273
161,814,173,873,226
161,723,108,779,145
161,592,248,721,335
162,723,187,829,273
162,592,245,721,335
162,814,172,873,227
162,723,108,779,145
162,832,116,936,184
163,724,186,829,273
163,592,244,722,336
163,815,172,874,227
163,830,116,936,185
163,720,108,780,146
164,723,186,829,273
164,592,243,722,336
164,815,172,874,227
164,831,116,936,185
164,720,108,780,145
165,724,186,829,273
165,815,172,874,227
165,592,242,722,336
165,830,116,936,186
166,724,186,829,273
166,815,172,874,227
166,593,243,722,336
166,722,108,780,145
167,724,187,829,273
167,814,172,873,226
167,721,108,779,145
167,593,241,722,335
168,723,187,829,273
168,814,172,873,226
168,719,108,779,146
169,723,187,829,274
169,814,172,873,227
169,593,237,723,336
169,719,108,780,146
170,722,187,829,274
170,593,239,723,336
170,815,172,873,227
170,834,116,936,183
171,722,187,830,274
171,593,238,723,336
171,815,172,873,227
171,720,108,780,145
172,722,186,830,274
172,593,237,723,336
172,815,172,873,227
172,720,108,780,145
173,722,186,829,273
173,593,238,723,336
173,719,108,780,145
173,814,172,873,227
174,722,187,829,274
174,814,172,873,226
174,593,237,723,336
174,720,108,780,146
175,722,187,829,274
175,814,172,873,227
175,593,238,723,335
175,720,108,780,146
176,722,186,829,273
176,593,237,723,336
176,814,172,873,227
177,722,186,829,274
177,593,237,723,336
177,814,172,873,227
177,832,116,936,183
177,720,108,780,146
178,722,186,829,274
178,593,238,723,336
178,814,172,873,227
178,720,108,780,146
178,833,116,936,183
179,722,186,829,273
179,593,237,723,336
179,814,172,873,227
179,720,108,780,146
179,833,116,936,184
180,723,187,829,273
180,593,237,723,336
180,814,173,873,226
181,723,187,829,273
181,593,236,723,336
181,814,172,873,227
182,723,187,829,273
182,593,236,722,336
182,814,173,874,227
183,723,186,829,273
183,593,237,723,336
183,814,173,873,227
184,722,186,829,273
184,593,238,722,337
184,814,172,873,227
185,722,187,829,273
185,593,237,722,337
185,814,172,873,226
186,722,186,829,273
186,593,237,722,337
186,814,172,873,226
187,723,186,829,273
187,592,238,722,336
187,814,172,873,227
188,723,186,829,273
188,593,235,722,336
188,814,172,873,227
189,723,186,829,273
189,592,237,722,336
189,814,172,873,227
190,722,186,829,273
190,593,237,722,336
190,814,172,874,226
190,836,116,936,183
191,723,187,829,273
191,592,236,723,336
191,814,172,873,227
192,722,187,829,273
192,592,239,722,336
192,814,172,873,226
192,721,108,780,146
193,722,187,829,273
193,592,241,722,336
193,814,173,873,226
194,722,187,829,273
194,593,239,722,336
194,814,173,873,226
195,722,187,829,273
195,593,249,721,335
195,813,173,873,226
195,721,108,780,146
196,722,187,828,273
196,593,249,721,336
196,721,108,780,146
196,814,173,873,226
197,722,187,829,274
197,592,247,721,336
197,721,108,780,145
197,814,173,873,226
198,722,187,829,274
198,592,247,721,336
198,721,108,780,145
198,814,173,873,226
199,723,187,829,274
199,592,247,721,337
199,814,172,873,226
200,723,187,829,274
200,593,246,721,336
200,813,172,873,226
201,722,188,829,274
201,593,248,721,336
202,722,188,829,274
202,593,248,721,336
203,723,187,829,273
203,593,249,720,336
203,814,173,873,226
204,722,187,829,273
204,592,248,720,337
204,814,172,873,226
205,722,186,829,273
205,592,249,720,337
205,814,172,873,226
206,722,187,829,273
206,593,249,720,337
206,813,172,873,227
207,722,187,829,273
207,593,251,720,336
207,813,172,873,227
208,721,187,829,273
208,593,249,720,336
208,813,172,873,226
209,722,187,829,273
209,593,251,720,336
209,813,172,873,226
210,721,187,829,273
210,593,251,720,336
210,813,172,874,226
211,722,187,829,273
211,593,250,720,337
211,813,172,874,226
212,722,187,829,273
212,593,250,720,337
212,813,172,874,227
213,722,187,829,273
213,593,249,720,337
213,813,172,873,226
214,722,187,829,273
214,592,249,721,337
214,813,172,873,226
215,722,187,829,273
215,592,247,721,336
215,813,172,873,226
216,723,187,829,274
216,593,251,720,336
216,814,172,873,226
217,723,186,829,274
217,593,250,721,337
217,814,172,874,226
218,723,187,829,274
218,593,250,721,337
218,814,172,873,226
219,723,186,829,274
219,593,248,721,336
219,814,172,873,226
220,722,186,829,274
220,593,247,721,336
220,814,172,873,226
221,723,187,828,273
221,592,245,721,336
221,814,172,873,226
222,723,186,828,273
222,592,246,721,336
222,814,172,873,226
223,723,186,829,273
223,593,246,721,337
223,814,172,874,226
224,723,186,829,273
224,593,247,721,337
224,815,172,873,226
225,723,186,829,273
225,593,247,721,337
225,815,172,873,226
226,723,186,829,273
226,593,247,721,337
226,815,172,873,226
227,722,186,828,273
227,593,249,720,336
227,815,172,874,226
228,723,186,829,273
228,593,251,720,337
228,814,172,873,226
229,723,186,829,273
229,593,251,720,337
229,814,172,873,226
230,723,186,828,273
230,593,251,720,337
230,815,172,873,226
231,723,186,829,273
231,593,251,720,337
231,815,172,873,226
232,723,186,829,273
232,593,251,720,336
232,815,172,873,226
233,723,186,828,273
233,593,248,721,336
233,815,172,873,226
234,723,186,829,274
234,593,246,721,336
234,815,172,873,226
235,2285,832,2559,1247
235,722,186,828,273
235,815,173,873,226
236,1975,744,2559,1309
236,722,186,828,273
236,815,173,873,226
237,1641,743,2559,1325
237,722,185,828,273
237,592,249,720,338
237,816,173,873,226
238,722,185,828,273
238,592,248,721,338
238,816,173,873,226
239,721,186,828,273
239,0,1445,472,1917
239,939,746,2491,1362
239,592,248,721,338
239,815,173,873,226
240,1,1391,906,1918
240,721,186,828,273
240,815,173,873,226
241,1,1383,1343,1918
241,721,186,828,273
241,815,173,873,226
242,161,1363,1788,1919
242,721,186,828,273
242,592,250,720,337
242,815,173,873,226
243,677,1346,2238,1918
243,720,186,828,273
243,592,252,720,337
243,815,173,873,226
243,838,116,934,187
244,1117,1317,2560,1918
244,721,185,828,273
244,592,249,721,337
244,832,117,936,184
244,815,173,873,226
245,1538,1298,2559,1918
245,721,186,829,273
245,592,250,720,338
245,816,173,873,226
245,833,118,935,183
245,722,108,777,145
246,1936,1270,2558,1919
246,722,186,829,273
246,815,173,874,227
246,592,252,720,338
246,833,118,935,183
246,721,108,778,145
247,2298,1319,2558,1853
247,722,187,829,273
247,592,252,720,337
247,831,117,935,182
247,813,174,873,227
248,722,188,829,273
248,592,251,720,337
248,720,108,778,146
249,722,187,828,273
249,593,251,719,337
249,814,173,873,227
249,836,116,934,189
250,721,188,830,273
250,593,250,721,337
250,833,119,935,182
250,719,108,778,145
251,722,187,829,273
251,593,249,721,336
251,719,108,778,144
251,832,118,935,182
252,722,187,829,273
252,593,251,721,337
252,719,108,778,145
252,831,118,935,182
253,723,188,830,273
253,592,253,720,337
253,832,118,935,181
253,718,108,777,145
254,723,188,830,274
254,592,253,719,338
254,719,108,778,146
254,834,118,935,181
255,723,187,828,274
255,828,114,936,183
255,813,173,873,227
256,723,187,828,274
256,827,114,936,183
257,722,187,828,273
257,829,116,936,181
257,719,107,777,146
258,723,186,828,273
258,829,116,935,182
258,717,107,778,145
259,722,187,828,273
259,829,116,936,183
259,815,173,873,227
259,717,107,778,145
260,722,187,828,274
260,829,115,936,184
260,815,173,873,227
260,718,107,778,145
261,723,187,828,273
261,828,116,936,183
261,814,173,873,227
261,717,107,778,146
262,722,187,828,273
262,828,116,936,183
262,814,173,873,227
262,717,107,778,146
263,722,187,828,273
263,828,115,936,183
263,814,173,874,227
263,717,107,778,146
264,721,187,829,273
264,829,115,936,184
264,815,174,873,227
264,721,108,779,146
264,592,251,721,336
265,722,187,828,273
265,832,117,935,183
265,719,107,779,146
265,816,173,873,226
266,722,187,828,273
266,832,117,935,183
266,719,107,779,146
266,816,173,873,226
267,721,187,828,273
267,832,117,935,184
267,816,173,872,226
267,718,108,780,147
268,722,187,829,273
268,831,117,935,184
269,721,187,829,273
269,830,117,935,184
270,721,188,828,273
270,833,117,935,184
270,718,108,779,146
271,721,187,828,273
271,832,117,935,184
271,718,108,779,146
271,815,173,873,226
272,721,187,828,273
272,719,108,779,146
272,833,117,935,184
272,816,173,873,226
273,721,187,828,273
273,832,115,934,188
273,718,108,779,146
273,815,173,873,226
274,722,187,828,273
274,837,117,935,183
275,722,188,829,273
275,592,254,720,337
275,814,174,872,226
276,722,188,829,273
276,592,253,720,337
276,814,173,872,226
277,723,188,828,272
277,592,253,719,337
278,722,188,828,273
278,592,252,720,337
279,722,188,828,273
279,593,251,720,337
280,722,188,828,273
280,593,252,720,337
281,722,188,828,273
281,593,252,719,337
282,722,188,828,273
282,592,251,719,337
282,725,108,779,145
283,722,188,828,273
283,592,252,720,337
283,725,108,779,145
284,722,188,828,272
284,593,252,720,337
284,724,108,779,145
285,722,188,828,272
285,592,252,720,336
285,724,108,779,145
285,814,173,872,226
286,721,188,828,272
286,592,251,720,337
286,814,173,871,226
287,721,188,828,272
287,592,252,720,337
287,813,173,872,226
288,721,188,829,272
288,592,254,720,337
288,813,173,872,226
289,722,188,828,273
289,813,173,872,225
289,592,254,720,336
289,726,109,779,145
290,722,188,828,273
290,813,174,873,226
290,592,252,720,336
290,726,109,779,145
291,722,188,828,273
291,592,252,721,336
291,813,174,872,226
291,727,109,779,145
292,722,188,829,272
292,592,252,721,336
292,814,174,872,225
293,722,188,829,272
293,592,252,721,337
293,814,173,872,225
294,722,188,829,272
294,592,253,720,336
294,813,173,873,225
295,722,188,828,273
295,592,253,720,336
295,813,173,873,226
296,722,188,828,273
296,592,253,720,336
296,813,174,873,226
297,723,188,828,273
297,816,174,873,226
298,723,188,828,273
298,816,174,873,226
299,723,187,828,273
299,816,174,873,226
300,723,187,828,273
300,816,174,872,226
300,593,250,721,336
300,720,108,780,145
301,723,187,828,273
301,816,174,873,226
301,720,108,780,145
302,722,187,828,273
302,816,174,872,226
302,720,108,780,145
303,722,188,828,273
303,816,174,872,226
303,593,250,721,336
303,720,108,780,145
304,722,188,828,274
304,593,251,721,336
304,816,174,873,226
304,721,108,780,145
305,723,188,828,273
305,593,251,720,336
305,816,174,874,226
305,722,108,780,145
306,723,188,828,273
306,816,174,874,226
306,721,108,780,145
306,593,250,721,336
307,723,187,828,273
307,816,174,874,226
307,593,250,721,336
307,721,108,779,145
308,723,188,828,273
308,816,174,873,226
308,721,108,779,145
309,723,188,828,273
309,816,174,873,226
309,721,108,779,145
310,723,188,828,273
310,816,175,873,227
310,593,250,720,335
310,721,108,779,146
311,723,188,828,273
311,816,174,873,227
312,723,188,828,273
312,815,174,874,226
313,723,188,828,273
313,815,174,874,226
314,723,188,828,273
314,816,174,874,226
314,593,247,722,336
315,723,188,828,273
315,816,174,874,226
316,723,188,828,273
316,593,248,721,336
316,815,174,874,226
317,723,188,828,273
317,593,246,721,336
317,815,174,874,227
318,723,188,828,273
318,593,245,721,336
318,815,174,874,226
319,723,188,828,273
319,593,247,720,336
319,816,175,874,226
320,723,188,828,273
320,593,247,721,336
320,815,174,874,226
320,722,108,780,145
321,722,188,828,273
321,593,246,721,336
321,815,174,874,226
321,721,108,780,146
322,723,188,828,273
322,593,246,720,336
322,815,174,874,227
322,721,108,780,146
323,723,188,828,273
323,593,247,721,336
323,815,174,875,227
324,723,188,828,273
324,593,245,721,336
324,816,174,874,227
325,723,188,828,273
325,593,243,722,336
325,817,174,874,226
326,723,187,828,273
326,593,243,721,336
326,816,174,874,227
326,721,108,781,146
327,723,187,828,273
327,593,242,722,336
327,816,174,874,227
327,721,108,781,146
328,724,187,828,273
328,593,240,721,336
328,816,174,874,227
329,724,187,828,273
329,593,240,721,336
329,816,174,874,227
330,724,187,828,273
330,593,240,721,336
330,816,174,874,227
331,723,187,828,273
331,593,241,721,336
331,816,174,874,227
331,836,117,934,187
332,723,187,828,273
332,593,242,721,336
332,2463,912,2559,1136
332,816,174,874,227
332,720,108,781,146
333,2223,841,2558,1246
333,723,187,828,273
333,593,242,721,336
333,816,174,874,226
333,720,108,781,146
334,1982,809,2559,1264
334,723,187,828,273
334,592,242,722,336
334,815,173,874,227
334,834,115,934,188
334,725,108,779,144
335,1714,824,2559,1274
335,723,187,828,273
335,592,241,722,336
335,815,173,874,227
335,834,115,934,188
335,724,109,779,145
336,1443,833,2481,1284
336,724,187,828,273
336,592,247,722,336
336,815,173,873,226
336,834,115,933,189
337,1153,840,2209,1309
337,724,186,828,273
337,592,246,722,336
337,815,173,873,227
337,834,115,933,189
338,862,845,1920,1319
338,724,186,828,273
338,592,245,722,336
338,815,173,873,226
338,834,116,933,189
339,563,855,1618,1327
339,724,186,828,273
339,592,243,722,336
339,815,173,873,227
339,833,115,933,189
339,725,108,778,144
340,254,859,1325,1335
340,724,186,828,273
340,592,243,722,336
340,815,173,873,227
340,834,115,933,189
340,725,108,779,144
341,0,861,1021,1351
341,724,186,828,273
341,592,244,722,336
341,815,173,874,227
341,835,116,933,188
342,0,877,735,1339
342,724,186,828,273
342,592,242,722,336
342,815,173,874,227
342,725,108,778,143
343,0,891,453,1349
343,724,186,828,273
343,592,241,722,336
343,816,173,874,227
343,833,115,933,189
343,725,108,779,144
344,0,947,175,1276
344,723,187,828,272
344,593,246,722,336
344,816,174,873,227
344,835,115,933,187
344,724,108,779,145
345,723,187,828,272
345,593,247,722,336
345,816,174,874,227
345,834,115,933,186
345,724,108,779,144
346,723,187,828,273
346,593,248,722,336
346,816,174,873,227
346,834,115,933,187
346,724,108,779,144
347,724,187,828,272
347,592,250,721,336
347,816,174,873,227
347,834,116,933,187
348,724,187,828,273
348,593,245,720,336
348,816,173,872,226
349,724,187,828,273
349,593,246,720,336
349,816,173,872,226
350,724,187,828,273
350,593,245,720,336
350,816,173,873,227
351,723,187,828,273
351,593,243,721,336
352,723,187,828,273
352,592,245,721,336
352,816,173,873,227
353,723,187,828,273
353,592,244,721,336
353,816,173,873,227
354,723,188,828,273
354,592,248,720,335
355,724,188,828,273
355,592,247,720,335
355,815,173,872,227
356,724,188,828,273
356,592,246,720,336
356,815,173,873,227
357,723,187,828,273
357,592,241,721,336
357,815,173,873,227
358,723,187,828,273
358,592,242,721,336
358,816,173,873,227
359,723,187,828,273
359,592,245,720,336
359,815,173,873,227
360,723,188,828,273
360,593,247,721,336
360,832,115,933,188
361,723,188,828,273
361,593,246,721,336
361,832,115,933,188
362,723,188,828,273
362,592,246,721,335
362,834,118,934,183
362,815,173,872,227
363,723,188,828,272
363,592,246,721,336
363,815,173,872,227
364,723,188,828,273
364,592,246,721,336
364,815,173,872,227
364,835,118,935,184
365,723,188,828,273
365,592,246,721,336
365,839,118,935,183
366,723,188,828,273
366,593,247,721,335
366,834,118,935,184
367,723,188,828,273
367,592,247,720,336
367,834,118,935,184
368,723,188,828,273
368,592,246,720,336
368,833,117,935,184
368,815,173,872,227
369,2438,894,2559,1185
369,723,188,828,273
369,592,245,720,335
369,833,117,935,184
369,815,173,872,227
370,2157,790,2558,1284
370,723,188,828,273
370,592,245,720,335
370,833,117,935,184
370,815,173,872,227
371,1898,772,2558,1295
371,723,187,828,272
371,593,249,721,336
371,815,174,872,227
371,832,115,934,187
372,1609,776,2558,1312
372,724,187,828,273
372,593,251,721,336
372,832,116,934,187
372,816,175,872,227
373,1275,775,2495,1330
373,724,187,828,273
373,593,251,721,336
373,832,116,934,187
373,816,175,872,227
374,970,783,2191,1343
374,724,187,828,273
374,593,250,721,336
374,832,116,934,187
374,816,175,872,227
375,636,787,1863,1358
375,724,187,828,273
375,593,250,721,336
375,816,175,872,227
375,832,116,934,187
376,304,798,1535,1372
376,724,187,828,273
376,593,249,721,336
376,838,118,935,183
376,816,174,873,227
377,0,803,1206,1383
377,724,187,828,273
377,593,250,721,336
377,837,118,936,182
377,816,175,873,227
378,0,812,888,1364
378,724,187,828,273
378,593,250,721,336
378,816,175,873,227
378,833,116,934,187
379,0,827,586,1377
379,724,187,828,273
379,593,250,721,336
379,833,116,934,187
379,816,175,872,227
380,0,836,283,1322
380,724,187,828,273
380,593,250,721,336
380,816,175,872,227
380,833,116,934,187
381,724,187,828,272
381,593,248,721,336
381,834,118,936,183
382,724,187,828,272
382,593,248,721,336
382,832,118,936,183
383,724,188,828,272
383,593,248,721,335
383,832,117,936,183
384,724,188,828,273
384,830,117,936,184
384,592,249,721,336
384,815,174,871,226
385,724,188,828,273
385,593,248,721,336
385,833,117,936,184
385,815,173,871,226
386,725,187,828,273
386,592,248,721,336
386,832,115,935,188
386,815,173,872,227
387,724,187,828,273
387,592,248,721,336
387,832,115,934,187
387,815,173,872,227
388,724,187,828,273
388,592,248,721,335
388,836,117,936,184
388,815,173,872,226
389,724,187,828,273
389,592,248,721,335
389,835,117,936,184
389,815,173,872,226
390,724,187,828,273
390,592,248,721,335
390,836,118,936,184
390,815,173,872,226
391,724,187,829,273
391,593,245,720,336
391,832,116,934,188
391,815,173,872,227
392,724,187,829,273
392,593,245,720,336
392,833,116,934,188
392,815,173,872,227
393,724,186,828,273
393,593,241,720,336
393,832,116,934,188
393,723,108,779,144
393,815,173,873,227
394,724,186,828,273
394,593,242,720,337
394,833,115,934,188
394,722,108,779,144
394,815,173,873,227
395,724,186,828,273
395,593,241,720,337
395,833,115,934,188
395,815,173,872,227
395,722,108,779,144
396,593,245,721,336
396,724,187,829,273
396,832,116,934,188
396,815,173,872,227
397,593,245,721,336
397,724,187,828,273
397,832,116,934,189
397,815,173,873,227
398,593,245,721,336
398,724,187,828,273
398,832,116,934,188
398,815,173,873,227
399,593,245,720,336
399,724,187,828,273
399,832,116,934,188
399,815,173,873,227
400,592,244,720,336
400,723,187,828,273
400,815,173,873,227
400,833,116,934,187
401,593,248,720,336
401,723,188,829,273
401,832,115,934,188
402,593,248,720,336
402,723,188,829,273
402,833,115,934,188
402,719,108,777,146
403,593,250,720,336
403,724,188,829,273
403,833,115,934,188
403,814,173,873,227
404,593,249,720,336
404,725,188,829,273
404,833,115,934,188
404,814,173,873,227
405,593,246,721,335
405,724,188,829,273
405,832,115,934,188
405,719,108,778,147
406,593,246,721,335
406,724,188,829,273
406,832,115,934,187
406,814,173,874,227
406,720,108,778,146
407,593,246,721,335
407,724,188,829,273
407,833,115,934,187
407,814,173,874,227
408,724,188,829,273
408,593,246,721,336
408,835,117,934,187
409,724,188,829,273
409,593,246,721,335
409,834,116,934,187
409,814,173,873,227
410,724,188,829,273
410,593,246,721,335
410,834,116,934,187
410,814,173,873,227
411,724,188,829,273
411,593,247,721,336
411,834,116,934,187
412,724,188,829,273
412,593,248,721,336
412,833,116,934,187
413,724,188,829,273
413,593,248,721,336
413,833,116,934,187
414,724,188,829,273
414,593,248,721,336
414,833,116,934,187
415,724,188,829,273
415,593,245,721,335
415,834,116,934,187
416,724,188,829,273
416,593,245,721,335
416,834,116,934,188
416,814,173,873,228
417,724,187,829,273
417,593,244,721,336
417,836,116,934,187
418,724,187,829,273
418,593,244,721,336
418,834,116,934,187
418,815,173,873,227
419,724,188,829,274
419,593,244,721,336
419,833,116,934,187
420,724,188,829,274
420,593,244,722,336
420,833,116,934,187
421,724,188,829,273
421,593,244,722,336
421,834,116,934,187
422,725,188,829,273
422,593,244,722,336
422,834,116,934,188
423,725,187,829,273
423,593,244,721,336
423,834,116,934,188
423,815,173,873,228
424,724,187,829,273
424,593,244,722,336
424,834,115,934,188
424,815,173,873,228
425,724,187,829,273
425,593,244,722,336
425,834,116,934,188
425,815,173,873,227
426,724,187,828,273
426,593,245,721,335
426,832,117,934,187
427,724,187,828,273
427,593,245,721,335
427,833,117,934,187
428,725,186,828,273
428,593,245,721,335
428,833,116,934,187
429,724,187,828,273
429,593,245,722,336
429,833,116,934,187
429,720,108,778,145
430,724,186,828,273
430,592,245,722,335
430,833,117,934,186
430,721,107,777,145
430,815,173,873,227
431,724,186,828,273
431,592,246,721,335
431,833,117,934,187
431,815,173,873,227
432,724,186,828,273
432,592,248,721,336
432,833,116,934,187
433,724,186,828,273
433,592,249,721,336
433,833,116,934,187
434,724,186,828,273
434,593,244,721,336
434,833,116,934,188
434,815,173,873,226
435,724,186,828,273
435,593,243,721,336
435,833,116,934,187
435,815,173,873,226
436,724,186,828,273
436,592,247,721,336
436,833,116,934,187
436,815,173,873,226
437,724,186,828,273
437,592,247,721,336
437,834,116,934,187
437,815,173,873,226
438,724,186,828,273
438,592,246,721,336
438,834,117,934,187
438,815,173,873,226
439,724,186,828,273
439,592,246,721,336
439,834,117,934,187
439,815,173,873,226
440,724,187,828,273
440,592,244,721,335
440,834,116,934,187
441,724,186,828,273
441,592,245,721,336
441,833,116,934,187
442,724,186,828,273
442,592,244,721,336
442,833,116,934,187
443,724,186,828,273
443,592,243,722,336
443,833,117,934,186
444,724,186,828,273
444,592,248,721,336
444,834,116,934,186
444,816,173,873,226
445,724,186,828,273
445,592,248,721,336
445,833,116,934,186
445,816,173,873,226
446,724,186,828,273
446,592,248,721,336
446,833,116,934,187
446,815,173,873,226
447,724,186,828,273
447,593,248,721,335
447,833,116,934,187
447,815,173,873,226
448,724,186,828,273
448,593,248,721,335
448,834,116,934,187
448,816,173,873,226
449,724,186,828,273
449,592,246,721,335
449,833,116,934,187
449,816,173,873,226
450,724,186,829,273
450,592,249,721,336
450,834,117,935,186
451,724,186,829,273
451,592,249,721,336
451,834,117,934,186
452,724,187,829,273
452,592,248,721,336
452,835,116,934,187
453,724,187,829,273
453,592,249,721,336
453,835,116,934,187
454,724,186,829,273
454,592,251,721,337
454,834,116,935,186
455,724,186,829,273
455,592,252,721,337
455,834,116,935,186
456,725,186,829,273
456,592,251,721,337
456,834,116,934,186
457,725,186,829,273
457,592,251,721,337
457,834,116,934,186
458,725,186,829,273
458,592,251,721,337
458,835,117,934,186
459,725,186,829,273
459,592,250,721,337
459,835,117,934,186
460,725,186,828,273
460,592,251,721,336
460,834,117,934,187
460,815,173,871,227
461,725,186,828,273
461,592,252,721,336
461,834,116,934,187
462,725,186,828,273
462,592,252,721,336
462,834,116,934,187
463,725,186,828,273
463,592,253,721,336
463,834,116,934,187
463,815,174,872,227
464,725,186,828,273
464,592,252,721,336
464,834,116,934,187
464,815,174,872,227
465,725,186,827,273
465,592,253,721,336
465,833,116,934,187
465,815,174,872,227
466,725,186,827,273
466,592,252,721,336
466,833,116,934,187
466,815,174,872,227
467,725,186,828,273
467,592,251,721,336
467,833,116,934,187
467,815,174,872,227
468,725,186,828,273
468,833,116,934,188
468,815,174,872,227
469,725,186,828,273
469,833,116,934,188
469,815,174,872,227
470,723,185,828,273
470,832,116,935,189
470,815,173,873,227
471,2241,889,2558,1249
471,723,185,828,273
471,832,116,935,189
471,815,173,873,227
471,592,249,721,336
472,1975,816,2559,1268
472,723,185,828,273
472,832,116,935,189
472,815,173,873,227
472,592,248,721,336
473,1702,814,2559,1278
473,723,185,828,273
473,832,115,935,189
473,815,173,873,227
474,1405,825,2559,1297
474,723,185,828,273
474,832,115,935,188
474,815,174,873,227
475,1090,826,2340,1309
475,723,185,828,273
475,832,116,935,187
475,815,174,873,227
476,766,840,2038,1330
476,724,185,828,273
476,831,116,935,188
476,815,173,873,227
477,442,850,1723,1344
477,723,185,828,273
477,831,116,935,188
477,815,173,873,227
478,108,852,1395,1347
478,723,185,829,274
478,830,116,935,189
478,591,250,721,337
478,815,173,873,227
479,0,870,1079,1366
479,723,185,829,274
479,829,115,935,190
479,816,173,873,227
479,591,250,721,337
480,0,883,774,1353
480,724,186,829,273
480,835,116,934,186
480,591,256,719,337
481,0,894,488,1363
481,724,186,829,273
481,835,116,934,186
481,590,256,719,337
482,0,970,199,1302
482,723,186,829,273
482,834,116,934,187
483,723,186,829,273
483,835,116,934,187
484,724,186,829,273
484,835,116,934,186
485,723,186,830,273
485,833,116,934,186
486,723,186,829,273
486,834,116,934,187
487,723,186,830,273
487,834,116,934,187
488,723,186,829,273
488,833,116,934,187
489,724,187,829,273
489,836,117,934,187
490,723,187,829,274
490,589,257,719,338
490,835,115,934,186
491,723,187,830,274
491,589,258,719,338
491,835,115,934,187
492,724,187,829,273
492,588,260,719,338
492,835,115,934,187
493,2406,904,2559,1189
493,724,187,829,273
493,588,259,718,338
493,836,115,933,187
494,2142,838,2558,1259
494,725,187,829,273
494,589,256,719,338
494,834,115,934,187
494,815,174,873,226
495,1868,818,2558,1272
495,725,187,829,273
495,589,255,719,339
495,835,115,933,188
495,814,173,873,226
496,1581,829,2559,1285
496,725,187,830,273
496,835,115,934,188
496,589,256,719,339
496,814,173,873,226
497,1246,832,2396,1299
497,725,187,830,273
497,834,115,934,188
497,589,255,719,339
497,814,173,873,226
498,943,844,2101,1318
498,724,187,829,273
498,589,256,719,338
498,834,115,933,188
498,814,173,874,226
499,637,852,1796,1330
499,724,187,829,273
499,590,255,719,338
499,834,115,933,188
499,814,174,874,226
500,341,850,1476,1340
500,722,186,829,273
500,591,256,718,338
500,835,115,934,188
500,816,173,873,226
501,26,861,1159,1353
501,722,186,829,273
501,591,254,719,338
501,834,115,934,188
501,815,173,874,227
502,0,880,864,1337
502,591,255,718,338
502,722,187,828,274
502,833,115,934,188
503,0,893,565,1350
503,722,187,828,273
503,591,257,718,337
503,833,116,934,188
503,726,108,777,143
504,0,919,277,1309
504,591,256,719,338
504,722,187,828,273
504,834,115,934,187
504,727,108,777,144
505,722,187,829,273
505,591,256,719,338
505,834,116,935,188
505,726,108,777,144
506,591,255,719,338
506,722,186,828,272
506,833,115,935,186
506,727,108,778,144
507,591,256,719,338
507,721,188,829,273
507,835,116,935,189
507,725,108,778,145
508,722,188,829,273
508,591,257,719,338
508,835,116,935,188
508,813,173,874,228
508,723,108,779,146
509,591,259,719,337
509,721,188,829,272
509,813,173,874,227
509,720,108,779,146
509,835,116,934,188
510,722,187,828,273
510,591,256,718,337
510,833,115,935,186
510,724,108,779,146
510,815,173,874,227
511,722,187,828,273
511,591,257,718,337
511,833,118,936,182
511,724,108,779,146
511,815,173,874,227
512,722,187,828,273
512,591,257,719,337
512,833,115,935,186
512,724,108,780,147
512,815,173,874,227
513,592,256,719,337
513,722,188,829,273
513,833,115,935,186
513,723,108,780,147
514,592,256,719,337
514,722,188,828,273
514,833,115,935,186
515,592,256,719,336
515,722,188,828,273
515,833,115,935,186
515,724,108,779,146
516,723,188,828,273
516,592,255,719,336
516,831,114,935,186
516,815,174,875,227
517,723,187,828,273
517,591,255,719,337
517,831,114,935,186
517,815,174,875,226
518,723,188,827,273
518,591,256,718,337
518,831,114,935,186
518,814,174,874,226
518,726,109,779,146
519,591,255,719,337
519,722,187,828,272
519,832,114,936,186
519,815,174,875,227
520,723,187,829,273
520,832,114,935,187
520,592,255,719,339
520,814,173,874,226
521,723,187,829,273
521,832,114,935,187
521,592,255,719,338
521,814,173,874,226
522,722,186,829,273
522,831,114,935,187
522,592,255,719,338
522,814,173,875,227
523,723,187,829,273
523,829,115,936,184
523,592,255,719,338
523,814,173,875,227
524,723,187,829,273
524,831,113,935,187
524,591,255,719,338
524,814,173,875,227
525,722,187,829,273
525,832,113,935,187
525,591,254,719,338
525,814,173,875,227
526,722,187,829,274
526,831,113,935,187
526,591,253,720,338
526,813,173,875,227
527,722,187,829,274
527,832,113,935,187
527,591,254,720,338
527,814,173,875,227
528,721,187,829,274
528,831,114,935,188
528,814,173,875,227
528,591,256,720,339
529,722,187,830,274
529,828,116,936,185
529,814,172,875,226
530,722,186,828,273
530,829,114,936,187
530,816,174,874,226
531,722,186,828,273
531,829,114,936,187
531,816,174,874,226
532,723,186,828,273
532,830,114,936,187
532,816,174,874,226
532,591,254,719,338
533,723,186,828,273
533,830,114,936,187
533,816,174,874,226
534,723,186,828,273
534,828,114,936,186
534,816,174,874,226
535,723,186,828,273
535,828,114,936,186
535,816,174,874,226
536,723,186,828,273
536,828,114,936,186
536,815,174,875,226
537,723,186,828,273
537,828,114,936,186
537,815,174,874,226
538,723,186,828,273
538,828,114,936,186
538,815,174,875,227
539,723,186,829,273
539,828,114,936,186
539,815,174,874,227
540,720,187,828,274
540,834,116,934,186
540,816,174,872,227
540,590,257,719,337
541,720,187,828,274
541,834,116,935,186
541,590,257,719,338
541,816,174,872,227
542,720,187,829,274
542,834,116,935,186
542,590,257,719,338
542,816,174,872,227
543,720,187,828,274
543,834,116,935,186
543,590,257,719,338
543,816,174,872,227
544,720,187,828,274
544,834,115,935,187
544,590,256,719,338
544,816,174,872,227
545,720,187,828,274
545,834,115,935,187
545,590,256,719,338
545,816,174,872,227
546,720,187,828,274
546,834,115,935,187
546,590,256,719,338
546,816,174,872,227
547,720,187,828,274
547,590,256,719,337
547,833,115,935,186
547,816,174,872,227
548,720,187,828,274
548,590,256,719,337
548,832,115,935,186
548,816,174,873,227
549,720,187,828,274
549,832,115,935,186
549,590,257,719,337
549,816,174,873,227
