0,353,123,486,182
0,1639,387,1918,601
0,834,98,990,173
0,84,117,202,186
0,983,57,1111,99
1,351,123,487,182
1,833,98,991,172
1,83,117,201,186
1,1624,387,1918,605
1,981,57,1112,99
2,1608,387,1919,597
2,351,123,486,182
2,833,98,991,173
2,83,117,201,186
2,981,57,1112,99
2,1723,161,1788,212
3,351,123,486,182
3,1589,381,1919,599
3,833,98,991,172
3,83,117,201,186
3,981,57,1111,99
3,1723,160,1788,212
3,1170,83,1296,141
4,352,123,486,182
4,833,98,991,172
4,83,117,200,186
4,1567,378,1919,598
4,981,57,1111,99
4,1170,83,1296,140
5,349,124,486,182
5,833,97,990,172
5,84,117,201,186
5,1541,372,1918,602
5,982,57,1113,99
5,1170,83,1296,140
6,350,125,486,183
6,833,97,990,172
6,84,116,201,186
6,980,58,1112,99
6,1524,366,1920,615
6,1723,160,1789,212
6,1170,82,1296,141
7,350,125,486,183
7,834,97,990,172
7,84,116,200,186
7,980,58,1112,99
7,1723,160,1790,212
7,1169,80,1296,141
8,350,125,486,182
8,84,116,200,186
8,834,96,992,172
8,981,58,1112,99
8,1723,160,1790,212
8,1170,83,1296,140
9,350,124,486,183
9,84,116,201,186
9,834,97,992,172
9,982,58,1112,99
9,1169,80,1296,141
10,834,97,990,172
10,353,124,487,186
10,83,116,200,185
10,977,58,1112,99
10,1170,82,1295,140
10,1723,160,1792,212
10,437,84,524,124
11,834,97,990,172
11,353,124,487,187
11,83,116,200,185
11,977,58,1112,99
11,1170,82,1295,140
11,1723,160,1792,212
11,437,83,525,124
12,347,123,487,182
12,835,96,990,172
12,81,116,200,185
12,976,59,1112,99
12,1723,160,1793,212
13,835,96,990,173
13,347,124,487,182
13,81,116,200,185
13,977,59,1112,99
13,1723,160,1793,212
14,834,96,990,172
14,347,123,486,182
14,81,116,200,185
14,976,58,1111,99
14,1723,160,1793,212
15,834,96,990,172
15,348,123,486,182
15,81,117,200,185
15,977,59,1112,99
15,1723,160,1792,212
16,349,123,486,182
16,834,96,991,173
16,82,117,200,185
16,977,59,1112,99
16,1723,160,1793,212
17,834,96,990,172
17,348,124,486,183
17,84,117,199,185
17,977,59,1112,99
17,1723,160,1793,212
17,179,122,304,185
18,348,124,486,183
18,834,96,990,172
18,84,117,199,185
18,977,58,1112,99
18,1723,160,1792,212
19,834,96,990,172
19,349,124,486,183
19,85,117,199,185
19,977,59,1112,99
19,1723,160,1792,212
19,177,121,351,185
20,835,95,991,173
20,351,123,487,184
20,83,115,202,186
20,1722,160,1790,212
20,975,59,1111,100
21,835,95,991,173
21,349,123,486,182
21,85,115,202,186
21,975,59,1111,100
21,1722,160,1789,212
22,835,96,991,173
22,349,122,486,182
22,84,116,202,185
22,976,58,1112,100
22,1722,160,1790,212
22,1170,78,1296,141
22,349,99,421,137
23,835,96,990,173
23,349,122,486,183
23,83,116,202,185
23,1722,160,1789,212
23,976,59,1112,100
23,1170,78,1296,141
23,350,100,420,137
24,835,96,990,173
24,348,122,486,183
24,85,116,203,185
24,975,59,1113,99
24,1722,159,1791,212
24,1170,77,1296,140
25,835,95,990,173
25,348,123,486,183
25,84,116,203,185
25,1722,160,1791,212
25,974,59,1113,99
25,438,85,522,124
25,350,99,420,137
26,347,123,486,184
26,835,94,990,172
26,88,116,201,186
26,974,59,1111,99
26,1722,159,1790,212
26,437,85,522,124
26,350,100,418,138
27,347,123,486,184
27,835,95,990,172
27,86,116,201,186
27,975,59,1111,99
27,1722,160,1790,212
27,437,85,522,124
27,1170,80,1296,140
27,350,100,416,138
28,347,123,486,184
28,835,94,990,172
28,87,116,201,186
28,975,59,1111,99
28,1722,159,1790,212
28,436,85,522,124
28,1170,80,1296,140
28,350,99,417,138
29,347,123,486,184
29,835,94,990,172
29,88,116,200,186
29,1722,159,1790,212
29,975,59,1111,99
29,350,100,414,138
29,436,85,522,124
29,1171,84,1296,140
29,180,121,351,183
30,349,124,486,186
30,835,93,990,172
30,83,115,201,186
30,1723,160,1791,213
30,977,59,1111,99
30,1173,84,1296,141
31,348,124,486,185
31,835,93,991,172
31,83,116,202,186
31,1723,160,1791,212
31,976,59,1110,99
31,1173,84,1296,141
32,349,124,486,184
32,79,116,201,186
32,835,94,991,172
32,977,59,1110,99
32,1723,160,1791,212
32,1173,84,1296,141
32,175,120,352,184
33,347,123,485,182
33,79,116,200,185
33,835,95,990,172
33,976,59,1112,99
33,1723,160,1790,212
33,1173,83,1296,142
33,175,120,352,183
34,348,123,486,182
34,80,116,201,185
34,835,95,989,172
34,720,236,1136,419
34,976,58,1112,99
34,1723,160,1791,212
34,1172,83,1296,142
34,176,120,353,183
35,348,123,485,182
35,81,116,201,185
35,835,95,989,172
35,977,58,1112,99
35,1723,160,1790,212
35,1172,83,1296,142
35,176,120,353,183
36,82,116,201,185
36,348,124,485,182
36,835,96,990,173
36,976,58,1110,99
36,1723,159,1791,212
36,1172,83,1295,142
36,663,227,1058,404
36,181,120,353,183
37,82,117,201,185
37,349,124,485,183
37,835,95,990,172
37,1723,159,1791,212
37,976,59,1109,99
37,1173,83,1295,141
37,179,120,353,183
38,351,125,485,184
38,85,117,200,185
38,835,96,991,172
38,1723,159,1791,212
38,977,59,1108,99
38,179,120,352,184
38,1171,82,1296,141
39,351,126,485,184
39,85,116,200,185
39,1723,159,1792,212
39,835,95,991,172
39,178,120,353,184
39,977,59,1107,99
39,1171,82,1296,141
40,354,126,486,184
40,81,117,200,185
40,835,95,991,172
40,1724,158,1793,211
40,565,216,907,375
40,976,59,1110,100
40,1171,84,1297,142
40,179,121,351,184
41,354,126,486,184
41,538,214,880,367
41,835,94,990,172
41,82,118,200,185
41,1723,158,1793,212
41,977,59,1110,100
41,1171,84,1297,142
41,180,121,351,184
42,356,126,486,184
42,517,210,844,360
42,835,94,990,172
42,81,118,201,186
42,1723,158,1793,212
42,976,59,1110,100
42,1171,84,1297,142
42,182,121,351,184
42,436,83,523,125
43,835,96,989,173
43,353,126,486,182
43,79,118,200,183
43,1723,158,1793,212
43,975,59,1110,100
43,1173,86,1297,142
43,438,82,524,125
44,835,97,989,172
44,472,204,779,349
44,353,126,486,182
44,80,118,200,185
44,1723,158,1792,211
44,975,58,1111,100
44,1173,85,1297,141
44,438,83,523,125
45,835,97,990,173
45,353,125,486,182
45,80,118,201,185
45,1723,158,1792,211
45,977,57,1111,99
45,1172,83,1295,141
46,835,97,990,173
46,431,202,713,338
46,354,125,486,183
46,80,118,201,185
46,1723,158,1793,211
46,979,57,1111,99
46,1171,82,1295,141
47,835,97,990,172
47,354,125,485,182
47,80,118,200,184
47,1723,158,1793,211
47,980,57,1111,99
47,1171,82,1295,141
48,834,95,991,172
48,354,125,485,183
48,80,118,202,186
48,1723,158,1793,211
48,390,200,654,323
48,977,58,1110,99
48,436,82,523,124
48,1171,84,1296,141
49,352,125,485,184
49,366,197,630,324
49,834,95,991,172
49,80,118,200,186
49,1723,158,1792,211
49,978,58,1110,99
49,1171,84,1296,142
49,435,82,523,124
49,347,101,412,137
50,834,93,991,172
50,353,125,486,185
50,1723,158,1791,212
50,81,118,200,184
50,1172,85,1296,141
50,976,58,1111,100
51,833,93,991,172
51,353,123,486,186
51,334,193,575,311
51,1723,158,1791,213
51,81,118,200,184
51,976,58,1112,100
51,1172,85,1296,141
52,833,93,991,172
52,356,125,484,184
52,1723,158,1791,212
52,81,118,200,184
52,1172,85,1296,141
52,976,57,1112,100
53,833,93,991,172
53,360,125,484,181
53,298,192,522,304
53,1723,158,1791,212
53,81,117,200,184
53,976,57,1112,100
53,1172,85,1296,141
53,348,103,412,136
54,834,94,991,172
54,360,124,483,179
54,1723,158,1791,212
54,77,118,202,186
54,281,190,503,297
54,976,57,1112,100
54,1172,85,1296,141
54,349,103,413,136
55,835,94,990,172
55,78,117,202,186
55,358,124,483,179
55,1723,158,1791,212
55,264,191,477,297
55,348,102,415,135
55,1173,86,1296,142
55,977,58,1113,100
56,835,94,990,172
56,354,125,483,179
56,250,191,459,289
56,1723,158,1791,212
56,78,119,202,186
56,348,102,414,135
56,978,58,1113,100
56,1173,85,1296,142
57,835,94,990,172
57,361,125,483,180
57,234,188,430,286
57,1723,158,1791,212
57,348,102,413,136
57,78,117,201,185
57,978,58,1113,100
57,1173,85,1296,142
58,835,94,990,172
58,354,125,484,180
58,225,191,412,287
58,1723,158,1791,212
58,77,117,202,186
58,347,102,413,136
58,978,58,1113,100
58,1173,85,1296,142
59,349,126,485,183
59,207,188,392,282
59,834,94,991,172
59,1723,158,1791,212
59,347,102,410,137
59,78,118,203,186
59,975,58,1113,100
59,1173,86,1296,142
60,201,185,371,278
60,353,125,487,183
60,834,95,993,171
60,1723,158,1791,211
60,82,117,202,186
60,978,57,1110,100
60,437,82,523,124
60,1171,85,1297,142
61,354,125,487,184
61,182,186,357,276
61,834,95,993,171
61,1723,158,1791,211
61,82,116,202,186
61,978,57,1110,100
61,1171,84,1297,142
61,436,82,523,124
62,167,186,334,274
62,356,126,487,183
62,835,95,993,171
62,1723,159,1791,211
62,978,58,1111,100
62,83,116,203,186
62,1171,84,1297,142
62,437,81,523,124
63,157,185,316,274
63,355,125,487,183
63,834,95,993,171
63,1723,158,1791,211
63,83,116,203,186
63,978,57,1110,100
63,1171,84,1297,142
63,437,81,523,124
64,357,125,487,184
64,143,181,298,271
64,834,95,993,171
64,1723,158,1792,211
64,978,57,1110,100
64,84,116,204,186
64,437,81,523,125
64,1171,84,1297,142
65,358,125,487,183
65,132,183,280,268
65,834,95,992,171
65,1723,158,1791,211
65,978,57,1110,100
65,436,81,523,125
65,83,117,206,185
65,1171,85,1297,142
65,1750,48,1785,80
66,354,125,486,182
66,121,182,266,266
66,834,95,993,171
66,1723,158,1791,211
66,81,116,203,186
66,978,58,1110,100
66,1750,51,1789,83
66,1171,84,1297,142
66,434,81,523,125
67,352,124,487,182
67,111,180,248,265
67,834,95,993,171
67,1724,158,1791,211
67,80,116,201,186
67,978,57,1110,100
67,437,81,523,124
67,1171,85,1297,142
67,1753,54,1791,85
68,351,124,487,182
68,100,181,236,264
68,834,95,993,171
68,1724,158,1791,211
68,978,57,1110,100
68,80,116,202,186
68,1752,53,1798,85
68,436,82,524,124
68,1171,85,1297,142
69,351,124,487,184
69,834,95,993,171
69,80,116,199,184
69,89,188,220,263
69,978,57,1110,100
69,1724,158,1791,211
69,1171,85,1297,142
69,1752,49,1797,84
69,434,83,524,124
70,351,125,486,185
70,835,94,992,171
70,81,178,208,264
70,979,59,1111,99
70,1723,159,1791,211
70,1170,81,1298,142
70,436,83,523,125
71,351,124,486,185
71,835,94,992,171
71,68,177,193,259
71,979,58,1112,99
71,1723,159,1791,211
71,1171,80,1298,142
72,349,125,485,186
72,59,184,180,254
72,835,94,992,171
72,978,58,1111,99
72,1170,80,1298,141
73,51,181,166,255
73,350,125,485,186
73,835,93,992,171
73,978,58,1112,99
73,1171,83,1297,141
74,43,180,152,252
74,350,125,485,186
74,836,93,992,171
74,978,58,1112,99
74,1171,84,1297,141
74,94,115,202,177
75,35,176,142,252
75,350,125,485,186
75,836,93,991,171
75,978,58,1112,99
75,1170,80,1298,141
76,351,125,485,186
76,23,175,132,251
76,836,92,992,171
76,978,58,1112,99
76,1170,79,1298,141
77,21,180,119,250
77,351,125,485,186
77,836,93,992,171
77,978,58,1112,100
77,1170,79,1298,141
78,351,125,485,186
78,7,179,109,248
78,836,92,992,171
78,978,59,1112,100
78,1170,79,1298,141
79,352,125,485,186
79,2,182,100,247
79,836,92,991,171
79,978,58,1112,100
79,1170,79,1298,141
80,349,124,486,184
80,3,179,90,246
80,835,95,990,172
80,1724,159,1791,212
80,975,58,1110,100
80,1173,82,1294,138
80,84,117,200,183
81,349,124,486,184
81,5,180,80,244
81,835,95,990,172
81,1724,159,1791,212
81,975,58,1111,100
81,1172,82,1294,138
81,86,118,200,183
82,349,124,486,184
82,835,95,990,172
82,1724,159,1791,212
82,83,117,200,184
82,975,58,1111,100
82,1172,84,1295,138
82,0,179,68,245
83,349,124,486,184
83,835,95,990,172
83,1724,159,1791,212
83,82,116,203,185
83,973,57,1109,99
83,0,179,60,241
83,1172,82,1294,138
84,350,124,486,184
84,835,96,991,172
84,973,57,1110,99
84,1724,156,1792,211
84,1174,82,1295,138
84,0,176,54,236
84,82,119,199,184
85,350,124,486,184
85,835,96,991,172
85,973,57,1110,99
85,1724,156,1792,211
85,1174,82,1295,138
85,82,119,199,183
85,0,151,44,235
86,350,124,486,184
86,835,96,991,172
86,973,57,1111,99
86,1724,156,1792,211
86,82,119,199,184
86,1174,82,1295,138
86,1742,74,1777,101
87,350,124,486,184
87,835,96,991,172
87,973,57,1110,99
87,1724,156,1792,211
87,80,118,200,184
87,1174,82,1295,138
87,1742,72,1777,101
88,350,124,486,184
88,835,96,991,172
88,973,57,1110,99
88,1724,156,1792,211
88,81,118,200,184
88,1174,82,1295,138
88,1741,75,1775,101
89,349,124,486,185
89,835,96,991,172
89,973,57,1110,100
89,1724,156,1792,211
89,81,118,200,184
89,1739,73,1775,101
89,1174,82,1295,138
90,347,123,487,186
90,834,97,993,172
90,974,57,1110,100
90,84,117,199,185
90,1172,83,1298,140
90,1738,72,1772,100
90,558,84,611,127
90,1724,157,1793,211
91,347,123,487,186
91,835,96,993,172
91,84,117,199,185
91,974,58,1111,100
91,1738,72,1772,101
91,1172,83,1298,140
91,1723,157,1793,211
92,347,123,487,186
92,835,96,993,172
92,84,117,199,185
92,974,58,1111,100
92,1172,83,1298,140
92,1733,73,1769,102
92,1724,157,1793,211
93,347,123,487,186
93,835,96,993,172
93,83,117,199,185
93,974,58,1110,100
93,1172,83,1298,140
93,1733,76,1767,105
93,1723,157,1793,211
94,347,123,487,186
94,835,96,993,172
94,83,117,199,185
94,974,58,1111,100
94,1172,83,1298,140
94,1724,157,1793,211
94,1730,78,1764,107
95,348,123,487,186
95,835,96,993,172
95,83,117,199,185
95,974,58,1111,100
95,1172,83,1298,140
95,1724,157,1793,211
95,1729,77,1764,107
96,349,123,487,186
96,834,97,994,172
96,83,117,199,186
96,976,57,1111,100
96,1172,84,1298,139
96,1728,74,1758,108
96,1724,159,1792,211
96,184,121,353,185
96,434,83,523,125
97,349,123,487,186
97,834,96,994,172
97,83,117,199,186
97,976,57,1111,100
97,1173,84,1298,139
97,1724,77,1756,109
97,185,121,353,185
97,1724,157,1794,213
97,434,83,523,125
98,350,123,486,185
98,835,96,993,172
98,81,117,200,186
98,975,57,1111,100
98,1173,85,1297,139
98,1723,77,1755,109
98,435,83,522,125
98,182,120,354,184
98,1724,158,1792,211
99,349,123,486,186
99,835,95,994,172
99,83,117,199,186
99,974,57,1110,100
99,1172,84,1296,139
99,1721,78,1755,109
99,1724,158,1793,211
99,435,83,522,125
99,182,121,352,184
100,351,125,486,186
100,835,95,993,172
100,82,117,200,185
100,1718,82,1751,110
100,976,58,1111,100
100,1723,158,1792,212
100,1171,81,1296,140
100,183,122,350,184
101,351,125,486,186
101,835,95,992,172
101,82,117,200,185
101,976,58,1112,100
101,1716,78,1750,110
101,1723,158,1792,212
101,1171,81,1296,140
101,183,121,351,184
102,351,125,486,186
102,835,95,993,172
102,83,117,200,186
102,1715,78,1749,111
102,977,58,1111,100
102,1723,158,1792,212
102,1171,81,1296,140
102,184,122,350,184
103,351,125,486,186
103,835,95,993,173
103,83,117,200,186
103,977,58,1111,100
103,1714,80,1748,112
103,1723,158,1792,212
103,1171,81,1296,140
103,184,122,350,184
104,351,125,486,186
104,835,95,993,172
104,83,118,200,186
104,976,58,1110,100
104,1723,158,1792,212
104,1172,84,1296,140
104,1709,82,1748,114
104,183,122,350,184
105,351,125,486,186
105,835,96,993,172
105,83,118,200,186
105,976,58,1110,100
105,1723,157,1792,211
105,184,122,350,184
105,1171,80,1297,140
105,1708,85,1748,116
106,351,125,486,186
106,835,96,993,172
106,83,118,200,186
106,976,58,1111,100
106,1723,158,1792,212
106,1706,84,1748,116
106,184,122,350,184
106,1171,80,1296,140
107,351,125,486,186
107,835,95,993,172
107,83,118,200,186
107,977,57,1111,100
107,1723,157,1792,212
107,183,122,350,184
107,1171,80,1296,140
107,1703,87,1744,116
108,351,124,486,185
108,835,95,993,172
108,83,117,200,185
108,1723,158,1792,212
108,977,57,1111,100
108,183,121,352,184
108,1171,82,1295,140
108,1700,89,1736,117
109,351,124,486,185
109,835,95,993,172
109,83,117,200,185
109,1723,158,1792,212
109,977,57,1111,100
109,1698,89,1736,120
109,184,121,351,184
109,1171,81,1295,140
110,349,123,486,185
110,834,94,991,172
110,82,117,200,184
110,1692,89,1734,123
110,975,57,1109,100
110,1723,157,1793,213
110,1171,78,1297,140
110,184,121,351,184
110,430,83,525,125
111,350,124,486,185
111,834,95,992,172
111,82,117,200,184
111,975,57,1108,100
111,1690,87,1732,121
111,1722,158,1792,212
111,1171,82,1296,140
111,182,121,351,185
112,349,123,487,186
112,835,94,991,172
112,83,118,199,185
112,975,57,1108,100
112,1688,89,1732,123
112,1722,159,1792,212
112,1171,82,1297,140
112,183,121,350,185
113,349,123,487,185
113,835,94,991,172
113,80,117,199,184
113,1685,91,1728,124
113,975,57,1108,100
113,1722,159,1793,212
113,1171,82,1296,140
113,184,120,352,184
114,348,123,487,186
114,835,94,991,172
114,1684,90,1726,126
114,975,57,1108,100
114,80,118,199,184
114,1721,158,1792,212
114,1171,82,1297,140
114,184,121,351,184
114,432,84,525,125
115,349,123,487,186
115,834,95,991,172
115,975,57,1108,100
115,82,118,199,184
115,1681,91,1725,128
115,1722,158,1792,212
115,0,204,54,291
115,1171,82,1297,140
115,183,120,351,184
115,432,84,524,124
116,349,123,486,185
116,834,94,991,172
116,0,207,62,297
116,975,57,1108,100
116,80,117,199,183
116,1681,94,1722,128
116,1722,158,1792,212
116,1171,82,1297,140
116,185,120,352,184
117,348,123,487,186
117,834,94,992,172
117,0,206,72,301
117,1673,93,1720,131
117,975,56,1108,100
117,80,118,199,183
117,1722,158,1793,212
117,1171,75,1299,141
117,184,120,352,184
118,348,123,487,186
118,0,204,81,299
118,834,94,992,172
118,1670,99,1712,131
118,975,56,1108,100
118,82,118,199,183
118,1171,75,1299,140
118,1722,157,1793,212
118,183,121,352,184
119,349,123,486,185
119,0,204,93,302
119,835,94,991,172
119,1668,99,1709,131
119,975,57,1108,100
119,81,118,199,183
119,1171,75,1296,140
119,1722,157,1793,212
119,184,120,353,184
120,0,203,100,306
120,348,124,486,184
120,835,96,993,172
120,1663,98,1706,132
120,977,57,1109,100
120,83,117,199,184
120,1171,84,1297,140
120,1722,158,1791,212
121,0,207,111,305
121,348,124,486,184
121,835,96,993,172
121,977,57,1108,100
121,1661,101,1703,134
121,83,117,199,184
121,1171,84,1297,140
121,1722,158,1791,212
122,0,204,120,309
122,348,125,486,184
122,835,96,993,172
122,977,57,1109,100
122,1656,100,1700,134
122,1171,84,1297,141
122,83,117,201,185
122,1722,158,1791,212
123,348,125,486,185
123,835,96,993,172
123,0,205,130,310
123,977,57,1109,100
123,1651,101,1696,136
123,83,116,201,186
123,1171,84,1296,140
123,1722,158,1790,212
124,348,125,486,185
124,835,96,993,172
124,0,203,143,315
124,976,57,1109,100
124,1648,104,1693,138
124,1722,159,1790,211
124,1171,84,1297,140
124,83,117,201,185
125,349,125,486,184
125,835,96,992,172
125,1,207,151,318
125,1644,102,1692,140
125,976,58,1110,100
125,82,116,203,185
125,1722,159,1790,211
125,1173,84,1296,140
126,349,125,486,184
126,1,205,162,320
126,835,96,992,172
126,1642,105,1687,141
126,975,57,1110,100
126,1722,159,1790,212
126,82,117,203,185
126,1172,84,1296,140
127,348,125,486,184
127,3,207,173,323
127,835,96,992,172
127,975,57,1110,99
127,1638,109,1684,144
127,1722,159,1790,212
127,83,117,199,182
127,1171,83,1297,141
128,348,125,486,184
128,2,210,182,323
128,1634,107,1681,146
128,835,96,992,172
128,975,57,1110,100
128,83,117,199,182
128,1722,159,1790,212
128,1170,83,1297,141
129,348,124,486,184
129,835,95,992,172
129,1629,111,1678,148
129,974,57,1109,100
129,1,206,191,324
129,83,117,199,182
129,1171,84,1297,140
129,1722,159,1791,212
130,348,125,486,185
130,1621,110,1674,151
130,835,96,993,173
130,977,57,1109,100
130,16,208,200,326
130,83,117,200,183
130,1172,80,1297,140
131,348,125,486,185
131,1618,115,1666,150
131,835,96,993,173
131,20,209,213,329
131,977,57,1109,100
131,83,117,200,183
131,1172,80,1297,140
131,1723,159,1791,211
132,39,212,220,331
132,348,125,485,185
132,1615,115,1662,152
132,835,96,993,173
132,976,57,1109,100
132,83,117,200,184
132,1723,159,1792,211
132,1172,79,1297,140
133,1612,117,1657,155
133,348,125,485,185
133,835,96,993,173
133,50,213,233,333
133,976,57,1109,100
133,1172,79,1297,140
133,84,117,200,183
133,1723,157,1794,213
134,349,125,485,185
134,1605,116,1654,156
134,56,210,243,334
134,835,96,993,173
134,976,57,1108,100
134,84,117,200,184
134,1172,80,1297,140
134,1723,157,1794,213
135,352,125,486,185
135,60,211,249,339
135,835,97,993,173
135,1600,122,1651,158
135,83,117,200,184
135,979,58,1109,100
135,1172,80,1297,139
135,1723,159,1791,211
136,352,125,486,185
136,66,212,262,342
136,835,97,993,173
136,84,117,200,184
136,1593,119,1645,162
136,979,58,1109,100
136,1723,159,1791,211
136,1172,80,1297,138
137,353,125,486,184
137,74,213,268,343
137,83,117,200,185
137,835,96,993,173
137,1589,123,1642,165
137,979,57,1110,100
137,1723,159,1791,211
137,1173,82,1297,138
137,183,120,353,184
137,346,102,410,138
138,352,125,486,184
138,75,216,278,346
138,1582,123,1635,166
138,83,117,200,185
138,835,96,993,173
138,980,57,1110,100
138,1723,159,1792,211
138,1173,81,1297,138
138,183,119,353,184
139,353,125,486,185
139,1575,124,1632,171
139,77,216,290,346
139,835,96,993,173
139,84,117,200,185
139,980,57,1111,100
139,1723,159,1792,211
139,1172,80,1297,138
139,181,120,354,184
140,348,124,485,184
140,1569,126,1628,172
140,84,216,293,350
140,834,95,994,172
140,974,56,1110,100
140,82,116,199,184
140,1723,159,1789,211
140,1172,84,1297,140
140,435,84,524,126
141,88,217,301,351
141,348,124,485,184
141,1563,127,1621,173
141,834,96,994,172
141,975,56,1110,100
141,82,116,199,184
141,1723,159,1789,211
141,1172,84,1297,140
141,435,84,524,126
141,179,123,354,184
142,1555,128,1615,176
142,347,125,485,183
142,96,216,308,355
142,834,95,992,172
142,974,56,1111,100
142,1723,159,1789,211
142,84,117,200,184
142,1172,85,1297,140
142,430,83,524,126
143,1548,133,1609,178
143,347,125,484,183
143,834,95,993,172
143,99,219,315,356
143,975,55,1111,99
143,1723,159,1790,211
143,1172,85,1297,140
143,83,116,200,183
143,423,83,524,126
143,345,101,407,138
144,347,125,484,184
144,1540,133,1606,180
144,834,96,993,172
144,1723,159,1789,212
144,103,217,322,359
144,975,56,1110,100
144,1173,85,1297,140
144,84,117,199,183
145,347,125,484,183
145,1534,137,1602,181
145,834,96,993,172
145,109,220,335,363
145,976,57,1110,100
145,1723,159,1789,212
145,1172,86,1297,140
146,349,125,484,184
146,1528,137,1596,182
146,834,96,993,172
146,976,56,1111,100
146,1723,159,1789,211
146,1172,86,1297,140
146,81,117,199,184
147,349,125,484,184
147,1520,137,1589,185
147,833,96,994,172
147,80,117,199,185
147,1723,160,1788,211
147,976,57,1112,100
147,1173,85,1296,140
148,349,125,484,184
148,1513,142,1582,188
148,834,97,994,172
148,1723,159,1790,211
148,80,116,199,184
148,976,57,1112,101
148,1173,85,1296,139
149,349,124,484,184
149,833,96,994,172
149,1505,141,1576,190
149,1723,159,1791,212
149,129,223,367,369
149,80,117,200,184
149,976,57,1112,100
149,1173,85,1296,139
150,1495,143,1569,193
150,352,125,485,183
150,834,96,992,172
150,1723,158,1791,212
150,81,117,200,186
150,977,57,1112,101
150,1173,85,1295,141
150,558,85,604,125
151,1488,141,1560,193
151,352,125,486,184
151,834,98,993,172
151,140,225,386,373
151,1723,158,1792,212
151,978,57,1111,100
151,81,117,200,185
151,1173,86,1295,141
151,348,102,409,138
152,1476,146,1555,196
152,352,125,486,184
152,834,98,993,172
152,150,226,394,378
152,1723,158,1792,213
152,80,117,201,185
152,978,57,1111,100
152,1173,86,1296,141
152,348,102,409,138
153,1470,144,1551,201
153,353,125,485,184
153,834,98,995,172
153,1723,158,1792,213
153,979,58,1109,100
153,80,117,200,185
153,1172,85,1296,141
153,348,102,411,137
154,1460,146,1539,201
154,349,125,484,184
154,834,98,995,172
154,158,224,420,383
154,1723,157,1793,213
154,977,58,1111,100
154,83,118,199,185
154,1183,82,1294,139
154,348,102,410,138
155,1452,148,1536,203
155,349,125,484,184
155,834,98,995,172
155,1723,157,1793,213
155,977,58,1111,100
155,82,117,199,186
155,1179,81,1295,139
155,347,102,410,138
156,350,125,486,184
156,1441,152,1530,206
156,978,58,1111,100
156,834,97,996,173
156,1723,159,1792,213
156,82,114,203,186
156,1175,87,1295,140
156,347,101,410,138
157,350,125,486,183
157,1431,152,1521,208
157,978,58,1111,100
157,834,97,996,173
157,1723,159,1792,213
157,82,115,204,186
157,1176,86,1295,140
157,346,101,410,138
158,1421,154,1511,210
158,352,125,486,182
158,835,99,994,173
158,977,57,1111,100
158,1723,158,1792,213
158,82,115,203,186
158,1174,85,1294,140
158,347,102,408,138
159,1411,155,1508,210
159,352,125,485,183
159,835,97,994,173
159,1723,158,1792,212
159,976,57,1111,99
159,81,115,203,186
159,1174,85,1295,140
159,348,102,411,138
160,1403,155,1497,213
160,353,125,486,182
160,835,96,993,173
160,977,57,1111,100
160,1723,158,1792,211
160,83,117,204,186
160,435,83,523,124
161,1391,155,1490,216
161,353,125,486,182
161,835,96,992,173
161,1723,158,1792,211
161,975,57,1111,100
161,83,116,204,186
161,435,83,523,124
162,1382,159,1483,219
162,353,125,486,183
162,835,96,992,173
162,974,57,1111,100
162,1723,158,1792,211
162,82,117,201,185
162,435,83,523,124
163,1376,157,1474,222
163,352,125,487,184
163,835,96,992,172
163,1723,158,1792,211
163,976,57,1111,100
163,83,117,199,184
163,433,83,523,124
163,1174,85,1295,140
164,1363,158,1467,223
164,353,125,487,183
164,835,96,992,172
164,1723,158,1792,211
164,978,57,1111,101
164,435,83,523,124
164,84,118,199,184
164,1173,85,1295,140
165,353,125,487,183
165,1353,158,1462,225
165,835,96,993,172
165,1723,158,1792,211
165,84,118,199,184
165,978,58,1111,101
165,435,83,523,124
165,1173,85,1295,140
166,351,125,486,182
166,835,98,993,173
166,1343,159,1451,228
166,979,58,1110,100
166,1723,158,1791,212
166,83,118,200,184
166,429,83,523,124
167,1333,158,1444,229
167,350,125,486,182
167,835,97,992,173
167,976,58,1109,100
167,84,118,199,185
167,1723,158,1791,212
167,430,83,525,124
168,1324,160,1438,232
168,351,126,487,183
168,976,58,1110,100
168,835,97,993,173
168,84,118,199,184
168,1723,158,1790,211
168,430,83,526,124
168,1172,82,1295,139
169,1311,161,1428,236
169,351,126,487,183
169,975,57,1110,100
169,835,96,993,173
169,83,118,200,184
169,1723,158,1790,211
169,430,83,526,124
169,1171,82,1295,140
170,1298,162,1424,240
170,350,126,486,183
170,80,117,201,185
170,1723,159,1790,211
170,405,262,864,501
170,982,56,1114,100
170,836,95,994,173
170,1175,83,1294,140
170,433,83,524,125
170,347,102,406,138
170,1198,89,1294,138
171,1290,165,1414,243
171,350,126,486,183
171,1723,159,1790,211
171,80,116,201,185
171,836,95,993,173
171,978,58,1112,100
171,1177,85,1295,139
171,347,102,406,138
171,434,83,524,125
172,1282,167,1406,243
172,350,126,486,183
172,1723,159,1790,211
172,78,115,203,186
172,836,95,993,173
172,976,58,1112,100
172,434,83,524,125
172,1181,84,1294,141
172,347,102,406,138
173,1270,167,1399,247
173,350,126,486,183
173,1723,158,1790,212
173,79,116,200,185
173,836,94,992,173
173,974,58,1112,100
173,1186,84,1294,141
173,433,83,524,125
173,346,102,406,138
174,1260,168,1391,250
174,351,126,486,184
174,836,94,992,173
174,79,116,200,185
174,1723,159,1790,212
174,973,58,1112,100
174,1178,86,1294,140
174,432,83,524,125
174,346,102,406,138
175,1248,170,1383,250
175,351,126,485,184
175,836,94,992,173
175,1723,158,1791,212
175,83,117,200,184
175,972,58,1112,100
175,347,103,405,138
175,432,83,524,125
175,1175,84,1294,140
176,1238,175,1375,254
176,350,126,485,184
176,1874,504,1919,607
176,836,95,991,172
176,1723,158,1791,212
176,974,58,1112,100
176,84,117,200,184
176,1174,84,1294,140
176,347,102,406,138
176,432,83,524,125
176,1196,90,1293,138
177,1231,177,1368,257
177,1849,486,1919,635
177,349,126,485,184
177,1723,159,1791,212
177,835,95,992,173
177,972,59,1113,100
177,82,117,200,184
177,1173,82,1295,140
177,1196,89,1294,139
177,431,84,524,125
177,347,102,406,137
178,1828,484,1918,632
178,350,126,486,184
178,1222,178,1366,258
178,82,117,201,185
178,1723,158,1791,212
178,974,58,1111,100
178,1171,80,1295,139
178,835,95,993,172
178,1195,88,1294,138
178,347,101,405,138
179,1211,181,1355,263
179,352,126,486,184
179,1809,477,1919,622
179,974,58,1111,100
179,835,95,992,173
179,1723,158,1791,212
179,83,117,200,184
179,1172,82,1295,139
179,432,83,526,126
179,346,101,406,138
180,1794,476,1919,616
180,350,126,486,187
180,1202,183,1348,266
180,835,97,993,173
180,979,58,1111,100
180,81,118,201,184
180,1723,159,1788,212
180,1174,84,1295,139
180,558,85,610,126
180,434,84,519,126
181,1192,184,1341,268
181,350,126,486,187
181,1778,464,1919,620
181,835,97,993,173
181,980,58,1111,100
181,80,118,201,184
181,1723,159,1787,212
181,1173,84,1295,139
181,433,84,520,126
181,558,85,611,126
182,1773,458,1918,610
182,1183,188,1336,271
182,350,126,486,187
182,835,96,993,173
182,981,60,1111,100
182,1723,159,1786,212
182,81,118,205,185
182,433,84,520,126
182,1174,84,1295,139
183,1176,189,1328,274
183,353,126,486,186
183,835,97,994,173
183,1774,458,1919,590
183,1722,160,1785,212
183,81,117,202,185
183,980,59,1113,100
183,435,84,519,125
184,1163,189,1321,276
184,353,126,486,186
184,835,98,993,173
184,80,117,200,184
184,982,58,1112,100
184,1722,160,1785,212
184,436,84,518,125
185,1156,191,1317,278
185,353,126,486,186
185,835,98,993,173
185,983,58,1111,100
185,80,118,200,184
185,1722,160,1786,212
185,1196,89,1293,139
186,1142,191,1309,278
186,353,126,486,186
186,835,98,993,173
186,80,117,199,184
186,982,58,1111,100
186,1722,160,1787,212
186,1196,89,1293,139
186,436,84,516,126
187,1140,193,1303,280
187,352,126,486,186
187,835,98,993,173
187,81,117,199,184
187,983,58,1111,100
187,1195,89,1293,139
187,1722,160,1785,212
188,1128,193,1294,281
188,352,126,486,186
188,835,98,993,173
188,82,117,199,184
188,981,58,1111,100
188,1722,160,1784,212
188,1196,89,1293,139
189,1121,194,1291,285
189,1717,439,1919,599
189,352,126,486,186
189,835,100,992,173
189,82,117,199,184
189,981,58,1111,100
189,1722,160,1784,212
189,1174,85,1295,140
190,1116,195,1286,287
190,1711,441,1919,604
190,351,125,486,185
190,82,116,200,185
190,836,97,992,173
190,984,58,1109,100
190,1723,159,1793,213
190,1176,84,1297,140
191,1699,436,1919,602
191,1113,197,1283,287
191,352,124,487,186
191,82,116,200,185
191,836,97,993,173
191,985,58,1109,100
191,1723,159,1793,212
191,1177,84,1297,140
192,1693,435,1919,599
192,353,125,485,184
192,1102,198,1277,288
192,836,99,993,173
192,82,117,199,184
192,987,58,1110,100
192,1186,85,1297,140
192,1723,159,1793,214
192,435,84,525,125
192,560,83,611,127
193,1684,436,1919,602
193,353,125,485,184
193,1097,196,1272,290
193,835,99,993,173
193,82,117,199,184
193,988,58,1110,100
193,1189,85,1297,140
193,1723,159,1792,213
193,435,84,525,125
193,560,83,611,126
194,1673,430,1919,604
194,354,126,485,184
194,1090,197,1269,292
194,835,98,993,173
194,82,117,199,183
194,988,58,1109,100
194,1185,85,1297,140
194,434,84,525,125
195,1664,429,1919,603
195,354,125,485,184
195,1086,198,1264,294
195,835,98,993,173
195,81,117,199,183
195,988,58,1110,100
195,1188,85,1296,139
195,434,84,525,125
196,354,125,486,185
196,1653,426,1919,604
196,1082,197,1258,293
196,835,99,993,173
196,84,117,198,184
196,989,58,1109,100
196,1187,85,1296,140
196,433,84,526,125
196,179,124,352,185
196,1723,159,1793,214
197,1640,425,1919,607
197,1077,199,1256,297
197,352,125,485,185
197,835,99,993,173
197,84,117,198,184
197,1722,158,1792,212
197,987,58,1110,100
197,433,84,526,125
197,1192,87,1296,139
197,178,124,352,186
198,1628,422,1919,614
198,1074,199,1253,297
198,352,125,485,185
198,836,96,994,173
198,84,117,198,184
198,1722,158,1793,213
198,986,58,1109,101
198,1197,89,1295,138
198,432,84,526,125
198,177,124,352,186
199,1615,420,1918,620
199,1070,198,1252,297
199,352,125,485,185
199,84,117,198,185
199,836,96,994,173
199,1722,158,1793,212
199,985,57,1110,101
199,432,84,526,125
199,1195,87,1297,139
199,177,124,352,186
200,1592,420,1919,620
200,1067,198,1251,299
200,349,126,485,185
200,835,95,993,172
200,80,117,199,186
200,980,58,1112,100
200,1723,160,1791,213
200,1187,88,1296,139
200,434,83,528,126
201,1579,414,1919,618
201,1067,199,1249,301
201,348,126,485,184
201,836,95,993,172
201,80,118,199,186
201,978,58,1113,100
201,1190,88,1296,139
201,1723,160,1791,212
201,433,82,528,124
202,1556,411,1918,611
202,1063,198,1248,300
202,348,126,486,184
202,835,95,994,172
202,79,118,199,186
202,981,58,1112,100
202,1723,160,1791,212
202,433,81,528,124
202,1190,88,1296,139
203,1532,408,1919,605
203,1062,199,1248,302
203,348,126,486,184
203,836,95,994,172
203,80,117,199,186
203,981,58,1112,100
203,436,83,527,125
203,1723,160,1791,213
203,1197,90,1294,138
204,1506,403,1914,598
204,1061,202,1247,301
204,351,125,485,184
204,836,96,994,172
204,79,117,200,186
204,983,59,1110,100
204,438,84,526,126
204,1191,88,1295,139
204,1723,160,1791,213
205,1060,203,1247,301
205,1476,394,1882,592
205,350,125,485,184
205,836,97,993,173
205,78,117,200,186
205,978,59,1112,100
205,436,84,526,126
205,1724,160,1790,212
206,1447,390,1852,583
206,1060,203,1247,301
206,349,125,485,184
206,836,96,994,173
206,79,118,199,185
206,978,59,1112,100
206,436,83,527,126
206,1724,160,1789,212
207,1417,380,1819,577
207,1061,203,1247,301
207,350,125,485,184
207,835,96,993,173
207,79,118,199,185
207,978,59,1112,100
207,436,83,526,126
207,1724,160,1790,212
207,1180,86,1297,139
208,1380,376,1786,569
208,1061,203,1247,301
208,350,126,485,184
208,835,96,994,173
208,80,118,199,185
208,978,59,1112,100
208,436,83,526,126
208,1181,87,1297,139
209,1343,367,1748,559
209,1061,202,1247,301
209,350,126,485,184
209,835,96,993,173
209,80,118,199,185
209,978,59,1113,100
209,437,83,526,126
209,1181,88,1296,139
210,1304,359,1707,548
210,1061,202,1247,301
210,347,125,485,185
210,836,97,993,173
210,82,117,199,185
210,1723,159,1792,212
210,979,58,1111,100
210,1190,88,1296,139
211,1269,357,1665,538
211,1061,202,1247,301
211,347,125,485,185
211,836,98,994,173
211,81,117,199,185
211,1723,159,1792,212
211,980,58,1111,100
212,1228,349,1624,530
212,1061,202,1247,301
212,345,126,485,184
212,835,97,993,173
212,82,117,199,185
212,980,58,1111,100
212,1723,159,1792,212
212,1187,88,1296,139
213,1186,339,1579,519
213,1061,202,1247,301
213,349,125,485,184
213,836,98,993,173
213,79,116,202,186
213,1723,159,1792,212
213,980,57,1111,100
213,1185,88,1296,139
214,1146,331,1536,509
214,1062,202,1247,302
214,348,125,485,184
214,836,97,993,173
214,79,116,202,186
214,1723,159,1792,212
214,979,57,1111,100
214,1186,88,1296,139
215,1104,323,1488,499
215,1061,203,1247,303
215,836,97,993,173
215,348,125,485,184
215,79,116,201,186
215,1723,159,1791,212
215,978,58,1110,100
215,1183,88,1296,139
216,1064,318,1444,487
216,1061,202,1247,302
216,350,125,486,185
216,836,97,993,173
216,79,117,200,187
216,979,58,1110,100
216,1723,158,1791,212
217,1019,312,1397,480
217,1062,201,1245,300
217,347,125,485,186
217,836,96,992,173
217,80,117,199,186
217,977,58,1111,100
218,978,309,1348,468
218,1062,201,1245,302
218,347,125,484,186
218,835,98,991,173
218,83,118,198,185
218,977,58,1110,100
219,939,298,1298,455
219,1062,201,1244,302
219,346,125,485,186
219,82,117,200,186
219,835,97,992,173
219,977,58,1110,100
220,896,294,1249,450
220,1066,202,1248,296
220,350,124,486,186
220,81,117,199,185
220,835,94,992,172
220,976,57,1109,100
220,1723,159,1791,211
220,428,83,525,125
221,859,288,1198,441
221,1065,204,1248,298
221,349,124,486,186
221,81,117,199,185
221,835,94,992,172
221,976,58,1109,100
221,1723,159,1791,211
221,430,83,525,125
222,818,281,1150,431
222,1064,203,1248,299
222,350,124,486,185
222,80,117,199,185
222,835,94,991,173
222,976,58,1110,100
222,1723,159,1791,211
222,207,121,353,184
223,777,273,1103,418
223,1061,203,1246,299
223,350,124,486,184
223,79,117,199,185
223,835,96,992,173
223,977,58,1110,100
223,1723,159,1790,211
223,1192,85,1296,140
223,224,120,354,184
224,737,274,1054,411
224,1059,204,1246,301
224,351,124,486,184
224,79,117,199,185
224,835,96,992,173
224,980,58,1110,100
224,1723,159,1789,211
224,1185,84,1296,140
224,235,121,353,183
224,188,122,354,184
225,704,265,1006,400
225,1059,203,1244,302
225,350,123,486,184
225,80,117,201,186
225,834,97,992,173
225,980,58,1110,100
225,1723,159,1790,211
225,1188,85,1296,140
225,237,120,353,182
226,671,262,958,393
226,1055,204,1242,302
226,350,123,486,184
226,79,117,201,186
226,835,96,992,173
226,1723,159,1790,211
226,979,58,1110,100
226,1190,85,1296,140
226,235,120,353,182
227,633,255,914,384
227,1050,206,1239,304
227,350,124,486,184
227,80,117,199,185
227,835,96,993,173
227,1723,158,1791,211
227,979,58,1110,100
227,1187,85,1296,140
228,603,251,871,374
228,1045,208,1237,305
228,350,125,486,183
228,82,117,199,185
228,835,95,992,173
228,978,58,1111,99
228,1723,158,1791,211
228,1174,84,1296,140
228,437,83,526,125
228,239,120,351,181
229,568,247,826,366
229,1042,206,1235,309
229,352,125,486,183
229,82,117,199,184
229,835,95,991,173
229,1723,158,1791,211
229,977,58,1111,99
229,1173,85,1296,140
229,435,82,526,125
230,538,243,785,360
230,1036,210,1227,311
230,349,124,486,185
230,835,97,992,173
230,83,116,199,186
230,979,58,1112,100
230,1724,157,1792,212
230,1173,84,1296,140
230,558,84,609,127
231,508,239,747,353
231,1031,211,1224,310
231,348,124,486,185
231,835,97,992,173
231,83,116,199,185
231,978,57,1110,100
231,1724,157,1792,212
231,1174,84,1296,140
231,557,84,609,127
232,1022,212,1216,312
232,476,236,706,344
232,346,125,486,184
232,835,96,992,173
232,83,116,199,185
232,1724,157,1792,212
232,978,57,1110,100
232,1174,84,1296,140
232,557,84,610,127
233,452,234,673,339
233,1014,212,1208,313
233,348,124,485,185
233,835,95,992,173
233,83,116,199,185
233,978,58,1111,100
233,1724,158,1790,212
233,556,84,611,127
233,1173,84,1296,139
234,421,231,635,333
234,1004,213,1205,316
234,350,124,485,184
234,835,95,992,173
234,82,116,198,185
234,979,57,1112,100
234,1723,158,1790,211
235,399,224,601,329
235,994,215,1196,317
235,350,125,485,183
235,835,96,993,172
235,81,116,199,186
235,978,58,1113,100
235,1723,158,1790,211
235,1174,84,1296,139
235,183,121,352,183
235,557,85,607,127
235,229,119,352,181
236,979,215,1186,324
236,375,220,569,323
236,350,125,485,183
236,80,116,199,186
236,835,96,993,172
236,979,58,1113,100
236,1173,83,1297,139
236,1723,159,1786,211
236,556,84,606,127
236,244,120,351,181
237,351,221,538,317
237,969,219,1180,323
237,350,124,484,183
237,79,116,199,186
237,835,96,993,173
237,979,58,1113,100
237,1724,159,1787,211
237,1175,83,1297,139
237,239,119,352,182
237,188,120,352,183
238,329,219,507,312
238,959,219,1170,324
238,350,124,484,183
238,79,116,199,186
238,835,96,992,172
238,979,58,1114,100
238,1178,84,1297,139
238,1724,159,1787,211
238,241,119,351,182
238,195,120,352,183
238,440,84,523,124
239,310,216,478,309
239,941,222,1158,333
239,349,125,484,182
239,80,116,199,186
239,835,95,993,172
239,979,57,1114,100
239,1179,84,1297,139
239,1724,159,1787,211
239,438,84,523,125
240,292,215,452,305
240,925,225,1146,339
240,351,126,484,183
240,835,95,990,172
240,83,116,200,186
240,978,58,1110,100
240,1724,159,1791,212
240,1172,86,1299,140
241,910,226,1132,339
241,272,212,426,299
241,352,126,485,181
241,836,96,990,172
241,83,116,200,186
241,978,58,1109,99
241,1724,159,1791,212
241,1174,86,1299,140
242,254,210,402,295
242,891,228,1118,341
242,351,126,485,183
242,835,98,992,173
242,978,59,1109,99
242,85,116,200,187
242,1179,86,1300,140
242,348,101,405,137
243,868,228,1105,346
243,236,208,380,293
243,351,126,485,184
243,835,98,992,173
243,978,59,1109,99
243,84,117,199,186
243,1174,86,1300,140
244,851,233,1087,351
244,217,206,357,289
244,835,96,992,173
244,351,126,484,184
244,977,58,1109,100
244,83,116,201,187
244,1178,86,1300,139
245,824,241,1074,360
245,204,205,340,288
245,351,126,485,184
245,835,96,991,173
245,978,58,1109,99
245,84,116,201,186
245,1183,87,1299,139
246,803,243,1056,365
246,184,206,315,284
246,352,126,484,183
246,835,96,991,173
246,83,116,201,186
246,979,58,1110,99
246,1187,87,1297,139
247,775,245,1036,368
247,170,205,297,281
247,835,97,991,172
247,351,126,484,182
247,978,58,1111,99
247,82,115,202,186
247,1178,86,1298,139
247,1724,158,1792,212
248,748,246,1015,373
248,157,204,274,278
248,835,97,991,172
248,351,126,484,183
248,82,115,201,186
248,978,59,1112,99
248,1180,86,1298,140
248,1724,158,1792,212
248,249,117,353,174
249,715,252,993,382
249,139,199,259,275
249,352,126,484,183
249,835,96,991,172
249,83,115,201,186
249,979,57,1111,99
249,1187,86,1297,139
249,1724,158,1792,212
250,683,257,969,391
250,130,199,239,272
250,351,125,486,183
250,836,94,990,172
250,976,58,1111,100
250,1723,159,1789,211
250,82,116,198,184
250,1184,83,1294,138
250,178,141,265,185
251,651,264,941,399
251,348,125,486,184
251,113,200,224,268
251,977,58,1109,99
251,836,95,993,172
251,81,116,199,184
251,1723,159,1789,211
251,1179,82,1295,138
252,615,266,916,409
252,101,200,207,266
252,350,126,486,183
252,836,95,993,173
252,81,115,200,185
252,979,58,1110,100
252,1173,85,1296,140
253,578,269,886,419
253,86,201,191,266
253,349,125,486,183
253,836,95,993,173
253,82,116,199,184
253,979,58,1110,100
253,1171,80,1294,138
254,538,276,858,435
254,77,200,174,264
254,349,125,486,183
254,836,95,994,173
254,82,116,199,182
254,977,58,1109,100
254,1171,80,1294,139
255,492,282,822,448
255,65,198,159,262
255,349,125,486,183
255,835,95,994,173
255,82,116,199,183
255,977,58,1109,100
255,1172,84,1295,139
255,179,140,272,186
256,446,292,787,461
256,349,125,486,183
256,53,197,147,261
256,836,95,993,173
256,81,115,200,184
256,978,58,1110,100
256,1172,83,1296,139
256,179,142,271,186
257,396,300,749,481
257,45,197,131,258
257,349,125,486,183
257,836,94,993,173
257,978,58,1110,100
257,81,115,200,184
257,1172,83,1296,139
257,178,142,271,186
258,346,314,708,496
258,35,197,118,256
258,348,125,486,183
258,836,93,993,173
258,978,58,1110,100
258,82,116,200,184
258,1171,83,1296,139
258,177,142,270,187
259,293,324,665,515
259,349,124,487,182
259,25,197,106,253
259,836,93,993,172
259,978,57,1110,100
259,83,116,199,184
259,1,193,107,255
259,1173,85,1296,140
259,178,141,272,187
