0,0,672,194,1079
0,449,523,744,746
0,818,456,968,565
0,1039,429,1190,557
0,1330,414,1534,614
0,1120,222,1182,279
0,968,430,1045,526
0,1240,475,1463,660
0,1188,287,1270,360
0,936,448,1006,541
0,941,468,1005,544
0,433,464,584,575
0,928,431,1046,539
1,432,525,731,755
1,0,689,156,1080
1,1031,429,1183,556
1,819,450,965,566
1,1322,413,1537,612
1,1121,221,1180,279
1,1241,473,1463,654
1,932,434,1005,542
1,971,430,1043,520
1,1188,290,1270,361
1,433,461,582,565
1,927,429,1044,532
1,1412,372,1492,418
1,1216,212,1279,266
2,413,532,713,764
2,0,702,123,1077
2,1029,430,1182,561
2,819,452,965,567
2,1331,412,1539,611
2,1248,472,1464,653
2,1118,219,1181,277
2,933,435,1007,542
2,962,430,1042,520
2,927,430,1032,539
2,433,462,583,563
2,431,447,685,562
2,1383,252,1454,316
2,1413,372,1491,416
3,392,539,700,773
3,1029,431,1181,562
3,0,740,84,1080
3,816,449,966,565
3,1335,414,1541,611
3,1254,473,1465,649
3,1121,220,1182,279
3,934,438,1007,542
3,433,444,683,560
3,962,429,1040,518
3,1188,294,1269,364
3,947,468,1006,543
3,926,431,1028,540
3,976,438,1039,526
3,1412,372,1493,419
4,369,543,685,781
4,1024,430,1180,562
4,1258,474,1467,647
4,816,450,967,565
4,1337,413,1546,608
4,1120,220,1182,279
4,932,433,1006,541
4,966,429,1040,520
4,436,449,680,556
4,1190,294,1270,363
4,926,430,1034,540
4,1414,372,1492,417
4,1313,415,1376,474
5,347,549,669,792
5,1261,474,1468,646
5,1019,430,1180,563
5,817,451,966,565
5,1344,412,1550,605
5,1120,220,1181,279
5,932,433,1006,540
5,1188,293,1268,364
5,1313,415,1379,472
5,437,450,678,558
5,1414,372,1491,415
5,977,430,1036,517
5,929,431,1034,537
5,1213,214,1279,270
5,1382,255,1455,328
6,319,557,648,807
6,817,450,966,565
6,1263,473,1470,644
6,1016,430,1176,563
6,1345,413,1555,604
6,1119,221,1180,278
6,1186,294,1268,367
6,931,433,1008,539
6,1311,413,1385,472
6,1408,371,1491,415
6,436,451,677,556
6,1040,358,1128,427
6,1382,254,1455,327
6,1214,215,1277,270
7,295,564,633,816
7,817,457,964,566
7,1011,430,1175,566
7,1265,474,1472,643
7,1354,412,1559,602
7,1119,221,1180,278
7,932,433,1006,539
7,1186,295,1269,368
7,1311,409,1394,473
7,432,450,678,560
7,1412,373,1491,416
7,991,393,1095,438
8,265,571,613,830
8,1009,430,1173,567
8,816,460,965,566
8,1269,474,1473,641
8,1346,414,1560,602
8,1120,221,1181,279
8,933,434,1006,540
8,996,391,1101,439
8,1409,371,1492,416
8,1310,408,1394,474
8,436,447,678,568
8,1211,216,1278,270
8,1187,297,1267,369
9,237,578,591,843
9,1007,430,1170,568
9,819,450,967,566
9,1276,473,1475,637
9,1351,414,1571,602
9,1308,405,1397,477
9,930,432,1008,539
9,1120,219,1181,279
9,1187,298,1267,370
9,1410,371,1494,415
9,435,451,679,560
9,994,391,1104,439
9,1212,219,1278,272
10,206,588,568,855
10,1004,429,1165,570
10,818,450,965,567
10,1274,471,1473,635
10,1119,223,1180,279
10,1376,414,1576,598
10,933,436,1008,542
10,438,456,678,554
10,1186,298,1267,371
10,1307,403,1401,479
10,1406,371,1495,418
10,992,391,1100,438
10,939,461,1005,544
10,1211,219,1278,273
10,1045,366,1131,427
11,174,600,542,872
11,816,456,965,564
11,999,430,1161,572
11,1375,415,1583,599
11,1276,472,1475,633
11,933,433,1010,540
11,1302,405,1404,479
11,1119,221,1179,279
11,1405,370,1494,419
11,436,455,678,555
11,990,391,1105,439
11,1184,298,1266,371
12,139,614,518,887
12,994,431,1159,575
12,818,451,966,566
12,1379,413,1597,598
12,1280,471,1478,633
12,934,434,1011,540
12,1300,405,1410,478
12,1120,223,1180,279
12,1184,299,1267,372
12,994,392,1101,439
12,1404,368,1495,425
13,102,619,492,904
13,819,452,968,566
13,991,431,1154,576
13,1285,470,1483,631
13,1300,403,1416,477
13,1353,413,1605,598
13,935,437,1007,541
13,1120,222,1182,279
13,1412,369,1496,425
13,1183,299,1265,373
13,1005,391,1102,436
13,1211,219,1276,274
14,62,635,460,927
14,816,459,966,566
14,986,434,1154,577
14,1292,469,1482,628
14,1297,404,1421,477
14,1351,414,1617,598
14,936,436,1001,540
14,1184,300,1268,377
14,1120,222,1180,278
14,1411,373,1494,431
14,985,393,1102,440
14,932,433,1001,511
14,439,456,678,556
15,21,647,431,943
15,817,458,966,566
15,981,435,1152,579
15,1183,301,1267,378
15,1294,469,1483,626
15,1412,373,1493,430
15,1120,223,1180,279
15,931,434,997,505
15,1295,402,1413,475
15,934,435,998,536
15,436,456,678,555
15,984,392,1100,440
16,1,663,400,947
16,816,458,962,565
16,974,435,1149,581
16,1295,467,1483,625
16,1183,304,1267,381
16,1120,222,1180,279
16,1428,413,1617,597
16,1411,373,1492,438
16,433,455,678,555
16,985,392,1098,439
16,1209,222,1274,275
16,1294,400,1411,473
16,929,433,994,500
16,935,433,993,525
16,0,751,96,960
17,0,669,363,971
17,816,457,965,566
17,970,434,1146,579
17,1120,223,1181,278
17,1298,455,1483,622
17,1182,305,1269,382
17,1294,399,1412,471
17,433,457,678,555
17,1208,223,1273,276
17,1412,373,1491,443
17,1447,415,1619,595
17,986,394,1093,439
17,929,432,992,499
17,1047,368,1128,427
18,0,688,328,984
18,816,456,963,566
18,968,437,1145,582
18,1302,438,1484,622
18,1120,223,1181,279
18,1209,223,1272,276
18,1413,373,1495,449
18,1181,309,1269,382
18,434,458,678,555
18,1294,399,1398,467
18,987,395,1096,440
18,927,432,989,497
18,1047,364,1129,426
19,0,698,294,1012
19,815,451,969,565
19,964,439,1139,582
19,1119,222,1180,280
19,1302,431,1486,620
19,1292,401,1385,467
19,1417,374,1496,448
19,435,456,678,555
19,1208,223,1272,279
19,989,394,1090,440
19,1179,308,1268,384
19,929,432,988,495
20,0,719,254,1039
20,959,439,1131,588
20,816,450,962,564
20,1416,373,1495,447
20,1118,222,1181,279
20,1177,309,1265,385
20,1306,461,1483,611
20,1291,396,1386,466
20,1205,223,1271,280
20,435,454,678,554
20,995,396,1089,439
21,0,739,214,1053
21,817,448,963,564
21,951,437,1130,589
21,1415,373,1495,446
21,1205,224,1269,280
21,1117,221,1180,279
21,1290,400,1385,465
21,1177,310,1264,385
21,437,454,678,554
21,992,393,1096,440
21,1044,361,1130,426
22,0,758,169,1077
22,947,436,1127,589
22,816,462,956,566
22,1204,226,1270,281
22,1415,373,1495,445
22,1118,222,1180,280
22,1175,310,1266,387
22,437,455,678,554
22,1290,399,1385,464
22,1044,366,1128,428
22,992,393,1095,439
23,0,780,126,1080
23,817,444,958,567
23,942,436,1125,593
23,1415,373,1495,447
23,1119,223,1180,280
23,1310,427,1491,611
23,1204,227,1269,283
23,1290,395,1382,464
23,437,450,678,553
23,1177,311,1264,386
23,1046,360,1129,427
23,994,392,1100,440
24,0,822,84,1079
24,817,448,952,567
24,935,443,1119,596
24,1414,373,1495,447
24,1313,432,1492,609
24,1173,312,1264,391
24,1119,225,1181,280
24,433,457,678,561
24,1044,363,1128,428
25,816,448,950,566
25,930,443,1115,596
25,1413,374,1495,447
25,1289,391,1380,457
25,1174,311,1262,390
25,1316,426,1491,606
25,1202,227,1268,284
25,1045,361,1127,426
25,1118,221,1181,280
25,431,458,677,563
25,995,394,1104,489
26,816,449,945,566
26,1413,373,1495,447
26,1173,311,1263,392
26,1287,389,1375,455
26,1119,222,1180,278
26,924,439,1110,596
26,1201,228,1266,284
26,1318,426,1489,605
26,427,458,678,564
26,1043,361,1128,426
26,987,397,1079,446
27,816,446,941,564
27,1172,311,1264,393
27,1287,391,1377,454
27,921,438,1106,597
27,1413,374,1495,446
27,1120,222,1180,279
27,1200,226,1267,285
27,1318,439,1491,601
27,430,457,678,562
27,1044,356,1128,425
28,816,448,938,566
28,1414,374,1495,445
28,1287,389,1377,454
28,914,441,1101,602
28,1173,314,1263,394
28,1322,438,1490,599
28,1121,225,1181,279
28,1047,364,1127,424
29,1287,389,1374,453
29,906,442,1098,605
29,816,451,941,566
29,1173,317,1263,394
29,1414,374,1495,447
29,1121,227,1180,279
29,1323,439,1492,599
29,1199,229,1267,287
29,433,450,679,562
29,988,399,1074,451
29,1047,365,1127,423
30,1287,384,1374,452
30,818,457,929,566
30,901,441,1095,607
30,1121,224,1180,279
30,1413,374,1495,446
30,1322,458,1492,597
30,1174,316,1261,397
30,987,396,1085,453
30,441,451,678,554
31,1285,385,1376,452
31,817,444,938,564
31,893,441,1090,608
31,1413,375,1495,446
31,1172,317,1259,399
31,1119,223,1179,279
31,1325,427,1490,596
31,1045,382,1102,443
31,437,453,677,555
32,887,442,1084,610
32,630,863,1231,1071
32,817,441,943,567
32,1324,426,1491,594
32,1285,384,1377,452
32,1756,427,1919,583
32,1119,223,1180,279
32,1172,317,1260,402
32,1414,375,1495,447
32,441,451,677,555
32,1006,392,1101,451
32,817,465,926,567
33,881,443,1080,610
33,1799,455,1919,578
33,817,441,946,570
33,1170,319,1260,401
33,1324,426,1493,592
33,818,464,922,569
33,1415,374,1495,447
33,1286,383,1376,452
33,1120,223,1181,280
33,630,822,1236,1071
33,439,452,678,556
33,1003,393,1097,452
34,870,440,1074,610
34,1170,321,1258,403
34,1285,382,1375,451
34,816,440,944,570
34,1121,225,1181,280
34,1414,374,1495,447
34,1328,455,1493,591
34,817,460,920,568
34,999,391,1097,453
34,439,452,677,556
34,1796,453,1918,548
35,1285,383,1375,448
35,866,441,1067,612
35,1169,321,1258,403
35,1328,447,1490,588
35,1414,374,1495,447
35,817,463,910,568
35,1120,224,1182,281
35,816,444,942,570
35,440,453,677,556
35,998,391,1096,453
35,1875,454,1919,547
36,861,446,1062,616
36,1326,423,1489,586
36,1169,321,1257,406
36,1416,374,1495,448
36,1286,381,1374,446
36,1119,226,1181,280
36,438,441,678,556
36,973,421,1064,512
36,996,392,1096,454
36,1034,389,1099,446
36,815,437,954,570
36,1050,367,1128,428
37,1329,449,1488,586
37,854,441,1059,617
37,1287,378,1374,444
37,1169,321,1257,406
37,1417,374,1495,447
37,1121,223,1183,281
37,972,423,1063,518
37,439,450,678,555
37,816,464,885,568
37,1001,391,1098,455
37,1408,312,1476,378
37,1049,367,1128,425
37,1040,388,1102,446
38,847,444,1053,619
38,973,421,1063,518
38,1417,374,1496,448
38,1286,376,1372,442
38,1120,224,1182,281
38,1326,447,1487,584
38,1167,323,1259,407
38,439,453,678,554
38,816,463,875,570
38,995,422,1060,521
38,1003,391,1101,454
38,1180,234,1256,294
38,1047,359,1128,424
38,1407,311,1475,380
39,841,446,1049,620
39,1285,376,1373,443
39,971,425,1060,520
39,1329,450,1487,579
39,1165,324,1255,409
39,1415,375,1495,448
39,1120,221,1183,278
39,437,444,678,556
39,1181,237,1254,295
39,1000,392,1097,454
39,491,459,682,555
39,815,463,868,568
40,975,426,1061,522
40,822,439,1039,622
40,1330,452,1487,578
40,1415,376,1496,447
40,1285,377,1373,440
40,1120,221,1182,279
40,442,449,678,555
40,1166,326,1255,409
40,1006,391,1095,455
40,1177,237,1253,297
41,819,439,1031,622
41,971,426,1060,524
41,1415,375,1495,448
41,1330,451,1486,577
41,1286,375,1371,439
41,1120,222,1182,278
41,1165,327,1255,411
41,1176,237,1251,297
41,439,451,678,554
41,1000,391,1094,455
41,977,425,1061,496
41,1407,309,1474,381
41,1045,387,1102,443
42,816,438,1025,626
42,971,427,1059,523
42,1417,375,1496,447
42,1327,421,1487,575
42,1168,327,1255,410
42,1120,222,1183,278
42,1287,372,1372,438
42,1175,237,1251,297
42,441,452,678,554
42,1006,391,1095,454
42,1408,310,1477,380
42,1051,367,1126,424
43,805,437,1018,626
43,969,428,1058,524
43,1419,375,1496,447
43,1331,419,1487,573
43,1175,237,1251,298
43,1120,222,1183,277
43,1288,372,1370,437
43,1165,328,1253,414
43,1005,392,1094,454
43,441,455,678,553
44,1164,329,1253,414
44,1336,448,1485,571
44,1416,375,1495,447
44,972,426,1059,524
44,798,439,1012,628
44,1119,222,1182,277
44,1175,238,1251,297
44,1287,372,1371,436
44,1003,390,1095,454
44,439,455,678,556
45,789,447,1001,634
45,1335,418,1487,570
45,1163,330,1253,416
45,1288,370,1373,433
45,1417,375,1495,446
45,971,426,1059,524
45,1175,239,1250,298
45,1119,220,1182,278
45,999,391,1096,454
45,438,457,678,555
45,910,428,1059,526
46,1337,417,1487,569
46,776,449,985,633
46,1418,375,1495,446
46,1162,331,1253,417
46,1288,370,1372,432
46,969,427,1058,524
46,1120,221,1182,277
46,1176,241,1250,298
46,440,455,678,555
47,770,445,970,640
47,1160,334,1252,418
47,1340,418,1486,567
47,1416,375,1495,447
47,1287,369,1371,433
47,439,456,678,555
47,1119,221,1183,278
47,974,429,1058,526
47,1065,331,1150,389
47,1050,370,1127,424
48,763,447,958,639
48,1341,418,1485,565
48,1158,334,1251,419
48,1287,367,1371,431
48,1417,375,1495,447
48,1120,221,1184,277
48,441,456,678,554
48,933,433,1004,524
48,968,428,1058,524
48,1050,369,1128,425
49,751,449,952,644
49,1341,421,1484,563
49,1417,374,1495,447
49,1156,333,1249,421
49,1120,220,1183,276
49,1285,367,1371,428
49,970,427,1059,513
49,929,433,1003,512
49,998,391,1094,455
49,439,458,678,555
49,1383,255,1456,330
49,904,435,1000,514
49,1055,496,1129,530
49,928,430,1059,514
49,1177,246,1249,303
50,741,451,955,645
50,1341,445,1480,563
50,1288,362,1370,427
50,1155,334,1250,421
50,1417,373,1495,447
50,1120,220,1184,276
50,972,428,1055,501
50,935,428,1056,502
50,999,390,1094,455
50,427,454,678,556
50,1066,484,1132,515
50,1047,365,1127,425
50,932,432,1011,502
51,1341,416,1483,561
51,1419,374,1496,447
51,974,429,1051,490
51,1286,364,1371,424
51,725,453,944,643
51,1121,220,1185,276
51,1155,333,1249,423
51,1048,360,1127,424
51,432,448,678,553
51,999,391,1098,453
51,934,431,991,494
51,1406,309,1476,386
52,1341,417,1482,559
52,721,458,943,651
52,1420,374,1495,446
52,1289,359,1371,422
52,1122,221,1185,278
52,1152,335,1249,425
52,1179,247,1251,305
52,981,425,1045,472
52,438,452,678,554
52,932,431,992,485
52,1406,309,1478,386
52,1084,461,1156,529
53,708,457,941,656
53,1339,437,1479,557
53,1420,374,1496,446
53,1287,357,1370,420
53,1152,336,1247,427
53,1121,219,1185,279
53,1181,246,1252,302
53,849,440,948,527
53,979,425,1041,467
53,437,443,679,554
53,1000,390,1099,456
53,1049,355,1130,429
53,1092,450,1157,482
53,932,431,989,483
54,698,458,938,658
54,1341,437,1478,555
54,1149,336,1246,429
54,1417,373,1495,446
54,1287,356,1370,419
54,1120,220,1185,276
54,979,424,1039,460
54,1181,245,1253,304
54,995,394,1099,454
54,436,455,678,554
54,930,431,994,485
54,852,444,952,529
55,686,460,940,660
55,1150,338,1245,431
55,1341,435,1478,553
55,1418,373,1494,446
55,1285,355,1369,417
55,1181,246,1254,305
55,1122,219,1184,278
55,878,451,958,555
55,1003,392,1098,446
55,853,442,956,543
55,436,448,679,554
55,979,424,1032,454
55,926,432,991,487
55,1001,396,1075,447
56,674,460,924,661
56,1340,436,1478,551
56,1417,373,1494,445
56,860,455,960,559
56,1150,340,1243,431
56,1283,355,1368,415
56,1122,221,1186,280
56,1183,246,1254,306
56,1001,393,1086,436
56,1316,590,1357,653
57,669,460,916,665
57,1341,435,1478,549
57,1417,373,1494,444
57,1284,351,1368,413
57,1148,341,1244,429
57,853,458,960,559
57,1122,220,1186,280
57,1184,246,1255,307
57,926,434,994,499
58,653,461,907,669
58,1342,430,1478,548
58,1417,374,1494,444
58,850,452,961,560
58,1184,247,1256,307
58,1122,219,1185,278
58,1147,339,1241,421
58,1046,361,1129,419
58,1279,355,1369,463
58,932,436,996,533
58,926,434,992,498
58,1384,259,1455,327
59,643,463,901,674
59,847,450,963,560
59,1418,373,1494,443
59,1121,218,1183,278
59,1340,423,1478,546
59,1183,248,1256,308
59,1148,340,1240,413
59,1285,350,1368,409
59,929,434,999,541
59,1047,354,1128,412
60,628,463,892,675
60,1345,422,1475,544
60,1418,375,1493,444
60,842,445,964,559
60,1184,248,1257,308
60,1283,348,1367,408
60,1120,220,1181,279
60,934,437,1004,540
60,1046,361,1131,400
60,948,466,1001,543
60,1150,343,1241,406
60,1050,342,1138,397
61,622,464,880,679
61,840,446,964,560
61,1417,376,1494,444
61,1348,424,1475,544
61,1288,345,1367,408
61,1182,248,1257,309
61,1120,221,1182,279
61,1047,352,1135,399
61,1147,340,1239,403
61,939,450,1007,543
61,433,461,575,515
61,1144,356,1234,406
61,1383,252,1454,317
61,1051,342,1141,395
61,980,426,1032,484
62,606,462,872,682
62,831,447,964,559
62,1418,375,1494,445
62,1184,248,1258,309
62,1286,344,1366,407
62,1349,423,1475,543
62,1121,222,1182,278
62,972,429,1041,516
62,932,445,1006,543
62,1144,344,1233,399
62,1047,361,1129,399
62,923,432,1016,540
62,1383,254,1457,330
62,435,460,575,515
63,591,464,864,686
63,827,452,965,564
63,1186,249,1258,310
63,1417,375,1494,444
63,1350,420,1475,542
63,1286,340,1367,404
63,1120,221,1182,278
63,933,436,1008,543
63,979,431,1041,524
63,942,468,1005,543
63,1046,357,1132,398
63,1382,257,1457,329
63,1051,340,1136,388
64,579,465,854,693
64,822,453,966,563
64,1419,374,1492,441
64,1186,248,1259,310
64,1355,430,1473,538
64,1120,222,1181,279
64,932,435,1007,542
64,975,431,1050,529
64,1284,340,1363,399
64,926,431,1053,537
64,433,462,581,539
64,1383,256,1456,323
64,944,458,1006,542
64,435,463,586,576
64,1171,363,1245,401
65,564,469,842,698
65,817,454,966,564
65,1186,251,1261,312
65,1358,428,1471,537
65,1417,373,1492,441
65,981,431,1054,524
65,1121,222,1182,279
65,934,437,1010,544
65,942,465,1009,544
65,1285,338,1366,399
65,435,466,579,576
65,433,463,578,542
65,1364,517,1407,573
65,927,431,1040,540
65,1383,259,1456,330
66,552,469,831,701
66,818,450,966,567
66,1419,375,1494,441
66,1361,424,1473,538
66,1189,251,1265,312
66,979,430,1058,526
66,1121,222,1181,279
66,931,433,1009,543
66,1285,337,1364,402
66,934,429,1060,527
66,944,467,1007,543
66,989,395,1090,455
66,1384,258,1456,325
66,679,408,834,475
66,434,462,581,569
66,1051,336,1138,380
67,535,470,822,704
67,818,451,966,569
67,1363,421,1473,542
67,1419,375,1494,442
67,979,430,1056,525
67,1191,253,1265,313
67,932,435,1008,543
67,1121,221,1181,280
67,1285,334,1367,389
67,950,428,1057,527
67,946,466,1007,543
67,438,465,582,572
67,1383,259,1456,324
67,1023,395,1095,455
68,526,474,815,710
68,819,453,966,569
68,1419,375,1493,440
68,1368,417,1473,543
68,972,427,1057,523
68,1190,254,1265,313
68,931,436,1009,544
68,1120,220,1181,280
68,1282,333,1364,379
68,942,465,1008,543
68,926,430,1055,538
68,1035,396,1098,454
68,434,462,583,564
68,1383,256,1455,325
69,818,452,965,566
69,509,473,803,714
69,1418,373,1493,441
69,1374,418,1471,539
69,1190,254,1266,314
69,971,428,1056,524
69,1285,333,1365,372
69,931,437,1009,544
69,939,463,1009,543
69,1121,221,1180,279
69,432,462,579,568
69,927,431,1056,538
70,494,475,789,716
70,820,448,967,570
70,1419,373,1494,441
70,1383,433,1470,536
70,930,426,1058,527
70,1287,330,1363,367
70,929,435,1009,543
70,1190,254,1266,314
70,431,460,576,567
70,1121,222,1181,280
70,938,466,1007,543
70,1384,251,1454,308
70,1044,358,1126,435
70,975,427,1058,525
71,479,474,778,720
71,820,459,968,569
71,1418,374,1494,442
71,1385,427,1471,534
71,925,424,1058,526
71,1047,364,1128,434
71,963,427,1058,524
71,1290,328,1361,365
71,430,462,577,560
71,929,432,1008,543
71,1121,223,1180,281
71,938,465,1007,542
71,1236,344,1293,374
71,980,404,1062,457
72,464,476,767,729
72,819,459,968,569
72,1418,376,1495,444
72,1386,416,1464,532
72,924,424,1058,525
72,433,462,578,575
72,924,435,1009,543
72,1121,222,1181,280
72,1045,363,1132,439
72,1292,328,1362,364
72,1192,256,1266,315
72,941,469,1007,541
72,886,434,1009,547
72,1386,254,1455,307
73,449,479,752,735
73,819,460,966,568
73,1418,375,1494,443
73,1390,419,1466,528
73,433,462,579,572
73,974,428,1057,524
73,930,432,1010,544
73,1119,224,1181,280
73,946,468,1008,542
73,1293,327,1361,363
73,924,430,1057,538
73,1191,256,1266,316
73,891,434,1009,548
73,1003,397,1086,454
73,1384,257,1456,325
74,429,479,739,739
74,818,461,966,568
74,1418,373,1493,442
74,1396,419,1466,529
74,920,426,1057,525
74,900,431,1012,543
74,431,462,578,536
74,1120,221,1181,280
74,965,427,1055,526
74,1294,326,1361,362
74,1106,374,1156,441
74,938,435,1011,538
74,1190,256,1266,317
74,1003,395,1083,455
74,434,460,576,569
74,1383,257,1457,329
74,1040,359,1124,441
75,411,483,727,745
75,818,456,967,568
75,1418,374,1494,442
75,1397,419,1466,526
75,918,425,1058,525
75,920,431,1012,542
75,1296,325,1361,359
75,1121,222,1181,280
75,1104,377,1160,443
75,964,426,1057,526
75,938,454,1008,541
75,1191,258,1266,318
75,1002,395,1079,458
75,1383,261,1457,331
76,396,484,713,748
76,819,457,969,567
76,1401,422,1469,528
76,1418,373,1493,442
76,926,432,1008,543
76,1122,221,1181,280
76,939,428,1060,524
76,970,431,1058,526
76,1298,325,1363,355
76,961,403,1072,487
76,981,422,1072,485
76,1191,258,1267,318
76,886,432,1009,546
76,945,458,1008,541
76,1023,423,1074,485
76,920,429,1038,537
76,1104,387,1163,444
77,376,471,698,759
77,819,451,969,569
77,1404,427,1467,527
77,965,396,1091,485
77,1416,373,1494,443
77,1101,366,1179,444
77,1191,259,1268,320
77,929,432,1009,543
77,1122,224,1181,281
77,955,430,1060,526
77,944,466,1008,541
77,1300,324,1362,354
77,923,430,1057,539
77,1279,325,1364,357
78,356,489,684,765
78,819,451,968,568
78,1409,427,1466,525
78,965,392,1111,485
78,1412,371,1495,441
78,1191,259,1267,319
78,1121,221,1181,280
78,950,431,1061,526
78,931,435,1007,542
78,924,430,1057,538
78,1301,324,1363,355
78,943,462,1007,541
78,1103,358,1187,437
78,1382,251,1458,313
78,1407,310,1472,369
79,336,492,670,775
79,819,454,967,568
79,967,397,1124,489
79,1412,427,1466,525
79,1413,372,1494,442
79,947,430,1059,525
79,922,432,1008,543
79,1190,260,1266,320
79,1121,221,1180,280
79,1284,325,1363,353
79,1097,358,1187,441
79,904,430,1058,537
79,871,433,1009,547
79,1381,251,1458,321
79,944,460,1008,541
79,978,435,1059,524
80,314,490,657,780
80,819,454,966,568
80,1416,370,1494,439
80,1416,427,1464,524
80,940,431,1059,526
80,1025,395,1137,490
80,1193,261,1268,320
80,1118,220,1180,279
80,925,434,1007,543
80,1101,357,1190,441
80,1381,251,1456,323
80,1287,321,1365,351
81,300,504,641,789
81,819,453,968,566
81,1418,371,1495,440
81,1101,354,1198,442
81,1046,392,1149,492
81,925,433,1008,542
81,924,429,1058,525
81,1193,261,1267,322
81,1120,222,1181,280
81,435,448,680,555
81,1418,426,1466,523
81,1289,322,1362,351
81,963,431,1057,526
81,1382,254,1457,323
81,1048,426,1149,491
81,944,465,1007,541
81,1409,309,1473,368
82,278,505,625,804
82,819,455,969,567
82,1052,396,1160,492
82,1418,372,1495,443
82,1192,261,1268,323
82,924,430,1009,543
82,942,428,1059,524
82,1120,223,1181,280
82,946,466,1007,541
82,978,440,1059,525
82,434,457,678,555
82,1099,361,1197,438
82,1381,251,1457,325
82,1291,321,1356,352
82,1408,309,1474,366
83,252,511,609,811
83,820,455,968,567
83,1422,373,1493,442
83,1191,262,1267,324
83,950,428,1060,524
83,1118,224,1180,280
83,1058,398,1166,492
83,435,452,679,557
83,922,430,1009,543
83,977,435,1059,524
83,916,430,1060,535
83,1287,324,1356,353
83,1381,253,1454,324
83,1181,153,1251,199
84,231,515,595,825
84,820,455,967,567
84,1072,404,1176,495
84,1423,371,1492,442
84,1117,220,1181,280
84,927,429,1060,525
84,928,431,1007,543
84,1191,261,1267,324
84,427,454,677,556
84,1287,319,1357,352
84,973,432,1059,526
84,1385,253,1456,327
84,1096,357,1205,429
84,942,453,1007,542
85,205,517,575,832
85,820,454,967,566
85,1192,263,1266,325
85,1076,396,1183,493
85,1424,369,1493,441
85,1117,220,1181,280
85,430,459,677,561
85,920,426,1059,525
85,924,433,1009,543
85,1288,317,1359,347
85,940,451,1007,542
85,882,433,1009,546
85,1383,250,1455,319
85,975,436,1058,526
86,183,521,556,843
86,820,456,968,568
86,1192,262,1268,327
86,923,431,1011,543
86,941,461,1008,542
86,1083,394,1192,495
86,1118,221,1181,280
86,936,427,1059,525
86,433,450,677,569
86,1288,314,1361,346
86,1425,370,1494,442
86,971,436,1058,524
86,1044,357,1127,428
86,1047,342,1132,377
87,159,536,539,857
87,820,455,968,567
87,1191,263,1268,327
87,1117,220,1182,280
87,1426,366,1495,446
87,920,427,1057,525
87,1076,396,1200,497
87,429,459,677,565
87,926,434,1008,543
87,1285,314,1361,347
87,1042,352,1127,428
87,1382,250,1456,325
87,940,455,1007,542
88,130,548,519,869
88,820,459,968,567
88,1117,220,1181,280
88,1073,397,1201,498
88,944,429,1058,525
88,1429,368,1495,449
88,1190,264,1265,328
88,431,457,677,559
88,926,433,1008,544
88,1041,348,1131,430
88,972,435,1057,526
88,1436,371,1490,499
88,947,463,1007,542
88,1288,315,1363,348
88,1381,251,1456,329
88,916,431,1059,536
88,1409,310,1474,366
89,107,555,502,882
89,818,461,966,566
89,1430,366,1496,457
89,935,427,1058,525
89,1076,398,1211,499
89,1188,264,1265,329
89,432,458,678,556
89,1117,221,1180,279
89,1438,369,1493,493
89,921,433,1008,544
89,1041,349,1139,429
89,1288,311,1365,348
89,968,433,1057,526
89,1383,250,1456,323
90,80,564,479,901
90,818,462,964,566
90,1097,401,1216,500
90,433,454,679,558
90,919,428,1059,525
90,1117,218,1179,280
90,1445,370,1491,492
90,1185,266,1265,331
90,1439,368,1493,455
90,1290,308,1364,347
90,1381,250,1456,325
90,925,434,1007,544
90,1041,347,1150,434
90,1406,309,1472,362
91,47,567,460,913
91,818,461,965,566
91,1096,399,1222,500
91,1117,219,1180,279
91,1450,361,1494,491
91,922,427,1058,525
91,429,456,679,559
91,1290,308,1363,346
91,1186,264,1264,332
91,1042,349,1177,436
91,923,435,1007,543
91,1406,308,1472,363
91,1382,247,1458,324
92,18,573,439,926
92,817,460,966,566
92,1099,396,1226,500
92,1117,220,1180,279
92,920,427,1059,525
92,1186,266,1264,332
92,428,454,680,557
92,1381,252,1458,328
92,1055,365,1179,448
92,1444,363,1499,493
92,932,433,1011,540
92,1405,309,1471,361
92,1290,307,1363,349
92,1044,352,1172,434
92,1445,366,1496,455
93,1,587,413,941
93,818,461,963,566
93,1109,398,1228,500
93,936,428,1058,525
93,1116,219,1179,279
93,1185,266,1263,332
93,1291,304,1362,350
93,432,453,675,555
93,1382,248,1456,318
93,929,437,1006,544
93,1448,363,1502,493
93,974,431,1058,524
93,1047,360,1184,451
93,1403,307,1473,361
93,1042,347,1173,416
94,0,600,390,954
94,818,460,964,566
94,1112,400,1231,501
94,931,428,1056,525
94,1116,218,1179,279
94,1186,267,1262,333
94,431,457,676,558
94,1292,302,1361,351
94,1041,354,1182,452
94,930,438,1006,544
94,1382,248,1456,317
94,974,431,1057,524
95,0,609,368,960
95,818,460,964,565
95,1117,397,1236,501
95,934,428,1056,524
95,1117,220,1179,279
95,1291,301,1362,351
95,1186,267,1262,334
95,431,457,676,559
95,664,468,713,497
95,1041,355,1177,453
95,928,437,1006,544
95,1383,249,1456,312
95,664,469,792,517
96,0,618,344,978
96,817,460,964,566
96,1120,399,1239,502
96,1118,221,1179,279
96,937,427,1058,526
96,669,467,714,501
96,669,467,781,513
96,1185,270,1262,335
96,432,457,675,556
96,1292,299,1364,352
96,975,429,1058,525
96,925,436,1007,544
96,945,443,1009,541
96,1040,353,1175,452
96,952,469,1006,543
97,0,629,316,992
97,1123,401,1240,502
97,820,454,969,568
97,1118,219,1181,279
97,671,462,718,501
97,949,427,1059,526
97,1186,270,1262,335
97,1292,298,1362,351
97,432,456,675,555
97,669,464,795,510
97,916,429,1061,535
97,941,433,1017,539
97,928,434,1007,543
97,669,462,809,522
98,0,639,289,1015
98,1125,400,1240,502
98,817,459,965,566
98,1117,221,1180,279
98,1292,301,1361,348
98,1186,270,1262,336
98,668,463,715,499
98,944,426,1057,525
98,431,456,675,555
98,667,464,781,512
98,664,462,813,523
98,922,435,1007,543
98,912,429,1059,534
98,1380,253,1455,323
99,0,653,262,1033
99,1129,400,1245,504
99,819,452,968,568
99,1117,221,1180,278
99,1292,298,1361,348
99,915,424,1055,525
99,430,456,675,555
99,1187,273,1263,338
99,667,462,775,505
99,665,461,810,519
99,667,461,712,498
99,923,434,1007,544
99,956,428,1057,523
99,1380,252,1457,325
100,0,665,233,1045
100,1127,400,1246,504
100,820,452,967,568
100,1293,293,1360,346
100,1119,221,1180,279
100,926,422,1056,524
100,664,461,796,521
100,438,454,677,553
100,1185,273,1262,340
100,964,426,1057,523
100,920,431,1007,544
100,667,461,714,499
100,1380,249,1459,324
101,0,680,206,1072
101,1132,402,1246,504
101,819,455,966,566
101,1292,294,1359,346
101,1119,220,1181,278
101,662,461,818,524
101,926,420,1056,524
101,1186,275,1262,340
101,665,462,786,512
101,439,455,677,555
101,963,426,1056,523
101,665,462,714,499
101,923,433,1007,544
101,1409,309,1470,361
101,947,470,1007,543
102,0,694,173,1077
102,819,456,965,565
102,1132,402,1249,505
102,1290,291,1360,345
102,662,460,810,524
102,914,419,1056,525
102,1119,221,1181,278
102,1186,274,1262,341
102,438,457,677,555
102,666,461,713,499
102,957,423,1055,525
102,922,431,1007,543
103,0,701,140,1080
103,817,461,963,567
103,1135,402,1251,505
103,1290,290,1358,344
103,667,461,808,521
103,917,420,1056,524
103,1118,220,1180,278
103,1184,276,1261,343
103,440,454,678,555
103,752,460,826,514
103,957,421,1055,526
103,918,433,1006,544
103,669,463,715,500
103,1095,378,1157,444
104,0,722,106,1080
104,819,456,965,565
104,1133,403,1250,506
104,1290,289,1359,342
104,1118,221,1180,278
104,930,421,1055,523
104,668,461,822,523
104,1185,278,1261,343
104,432,457,677,554
104,670,462,783,509
104,737,458,825,514
104,907,433,1006,544
104,1381,249,1456,319
105,818,458,965,565
105,0,743,72,1080
105,1133,403,1251,506
105,1289,290,1359,341
105,930,422,1056,524
105,1118,220,1179,278
105,665,459,832,522
105,434,457,678,555
105,728,456,831,515
105,668,461,781,503
105,906,434,1006,544
105,1408,308,1472,362
105,1184,277,1261,344
105,1382,252,1456,329
106,821,454,968,566
106,1135,403,1252,507
106,1290,288,1357,338
106,1119,220,1180,277
106,663,461,832,525
106,954,423,1058,522
106,1186,276,1261,344
106,665,464,792,508
106,739,457,833,516
106,914,432,1007,542
106,435,456,676,554
106,1380,248,1457,322
106,1404,307,1472,360
106,916,427,1057,532
106,976,421,1064,483
107,819,457,966,564
107,1136,405,1253,508
107,1185,278,1261,345
107,1289,286,1357,336
107,1118,221,1180,277
107,664,460,828,524
107,944,423,1057,523
107,914,436,1007,542
107,731,457,831,515
107,433,457,678,555
107,1284,393,1324,476
107,982,420,1070,482
107,666,465,785,505
107,1006,420,1073,483
107,772,460,833,516
107,1399,303,1470,356
108,820,451,968,567
108,1133,403,1255,512
108,1281,392,1326,475
108,673,458,830,520
108,1289,285,1357,335
108,1119,223,1180,277
108,433,459,679,557
108,991,420,1079,483
108,1184,280,1260,346
108,925,435,1007,541
108,926,429,1053,536
108,967,433,1055,526
108,667,462,795,510
108,1381,246,1457,324
108,1399,304,1470,358
109,817,460,964,566
109,1135,405,1255,511
109,1290,282,1357,334
109,1120,222,1181,276
109,993,418,1087,485
109,674,459,831,519
109,434,458,679,556
109,1275,390,1331,475
109,922,433,1008,541
109,869,995,1247,1073
109,975,433,1057,526
109,926,430,1053,537
109,1184,280,1260,347
109,669,463,784,508
109,765,460,833,517
110,820,448,968,569
110,1136,405,1255,513
110,1002,415,1094,485
110,1288,279,1356,334
110,969,429,1061,525
110,1183,279,1263,347
110,675,458,831,520
110,1119,220,1181,278
110,436,460,679,557
110,1268,391,1335,474
110,931,433,1007,542
110,852,964,1266,1072
110,925,431,1058,539
110,737,458,832,517
110,1382,253,1457,333
110,666,457,788,512
110,1399,303,1470,359
111,820,448,969,570
111,1005,417,1104,488
111,1134,405,1257,513
111,1287,279,1356,334
111,1183,280,1262,347
111,675,458,833,521
111,1119,219,1181,278
111,949,430,1061,526
111,437,459,678,556
111,861,931,1278,1073
111,931,433,1007,542
111,926,431,1057,539
111,977,433,1058,526
111,1269,392,1334,473
111,731,457,835,517
111,1259,394,1324,468
111,1382,250,1457,332
111,1400,303,1470,359
111,667,461,779,515
112,820,448,968,570
112,993,417,1109,487
112,1135,406,1256,514
112,1286,278,1356,332
112,1120,221,1181,278
112,838,906,1323,1070
112,1280,391,1336,472
112,945,430,1061,526
112,676,456,833,521
112,436,459,678,556
112,1184,282,1261,349
112,725,456,835,518
112,930,433,1007,543
112,978,432,1059,526
112,1382,253,1457,332
112,1400,303,1470,358
112,1255,394,1313,469
112,1256,393,1333,476
113,821,449,966,569
113,852,878,1308,1072
113,1286,277,1354,332
113,1135,406,1257,515
113,1012,419,1117,489
113,1120,218,1181,278
113,960,431,1061,526
113,677,456,832,519
113,437,458,678,556
113,1184,282,1263,350
113,725,456,834,517
113,924,431,1059,538
113,928,434,1007,543
113,1255,390,1337,473
113,984,436,1059,524
113,1382,252,1458,331
113,1402,307,1473,361
113,668,458,789,511
114,820,447,967,570
114,858,852,1302,1076
114,1286,276,1354,330
114,1137,406,1256,514
114,1120,218,1181,278
114,1024,419,1122,489
114,957,431,1060,527
114,700,456,834,518
114,437,456,679,556
114,1267,390,1338,470
114,925,431,1059,539
114,1184,283,1262,352
114,931,434,1007,543
114,984,434,1058,524
114,1399,304,1469,358
114,1381,254,1457,331
115,821,448,967,569
115,1029,419,1126,489
115,1286,274,1354,328
115,873,829,1312,1077
115,1118,218,1181,278
115,1133,407,1256,516
115,1249,388,1341,469
115,938,431,1058,526
115,694,456,834,519
115,437,456,679,556
115,1181,284,1261,354
115,929,433,1008,542
115,980,433,1057,526
115,1382,255,1457,331
115,1399,304,1470,359
116,820,446,968,569
116,877,808,1322,1075
116,1239,388,1340,469
116,1286,275,1354,326
116,1118,218,1182,278
116,1136,406,1257,516
116,1040,419,1126,489
116,936,431,1058,526
116,692,457,836,518
116,931,434,1008,543
116,978,431,1057,526
116,1181,285,1260,354
116,439,454,679,555
116,1209,162,1280,199
116,1382,256,1457,331
116,1398,305,1470,359
117,894,793,1317,1074
117,820,447,969,569
117,1118,219,1182,278
117,1284,275,1353,323
117,1235,387,1338,468
117,1132,406,1253,519
117,977,432,1059,524
117,691,456,836,519
117,932,433,1008,543
117,925,431,1058,537
117,1181,287,1260,357
117,1052,417,1128,488
117,438,454,678,555
117,944,468,1007,541
117,1382,255,1457,330
117,1402,308,1475,362
118,891,772,1328,1072
118,820,448,968,569
118,1284,274,1353,323
118,1118,220,1181,278
118,1235,388,1335,467
118,1129,406,1250,520
118,965,432,1058,524
118,932,434,1008,543
118,925,431,1060,537
118,1053,418,1131,493
118,438,456,678,555
118,692,457,834,519
118,1400,304,1470,359
118,1382,254,1456,330
118,944,469,1007,541
118,1181,288,1260,357
119,900,760,1330,1070
119,820,448,967,569
119,1283,273,1352,322
119,1128,408,1251,519
119,1220,386,1320,468
119,1118,219,1181,278
119,971,431,1059,523
119,930,433,1007,543
119,925,431,1059,538
119,1067,419,1137,492
119,437,454,678,554
119,1400,304,1470,359
119,736,456,836,518
119,1181,291,1259,359
119,1382,253,1456,332
119,944,472,1006,542
119,1172,157,1246,200
120,912,744,1334,1072
120,820,451,969,568
120,1217,385,1314,467
120,1283,271,1352,323
120,1125,407,1251,520
120,1118,221,1182,278
120,971,430,1059,523
120,727,455,838,515
120,928,435,1007,542
120,916,431,1059,537
120,1180,291,1259,360
120,1400,305,1470,360
120,1070,418,1137,494
120,439,454,678,555
120,1381,252,1455,329
121,920,725,1337,1072
121,820,451,969,568
121,1215,384,1308,469
121,1284,269,1352,322
121,1123,406,1250,520
121,1119,220,1182,278
121,972,431,1059,523
121,930,434,1008,542
121,1180,291,1259,360
121,728,455,837,516
121,923,431,1059,537
121,440,456,678,555
121,1400,305,1470,359
121,1081,420,1139,494
121,507,458,683,554
122,928,706,1336,1071
122,820,451,969,568
122,1118,406,1251,521
122,1283,268,1352,322
122,1210,386,1296,461
122,1118,220,1181,279
122,1180,290,1259,361
122,971,431,1056,524
122,1078,419,1136,493
122,926,434,1007,542
122,922,430,1057,532
122,438,456,678,555
122,1399,305,1470,360
122,1381,256,1456,327
122,734,455,839,515
122,508,459,683,554
123,938,694,1338,1068
123,820,453,968,567
123,1283,267,1352,321
123,1114,405,1250,522
123,1204,386,1287,464
123,1117,219,1181,279
123,979,432,1057,524
123,930,436,1008,542
123,1399,305,1470,361
123,923,432,1058,537
123,1178,291,1258,360
123,432,457,678,566
123,509,459,683,554
123,1315,410,1356,478
123,945,469,1007,541
123,1083,419,1141,494
124,947,680,1345,1044
124,820,452,968,567
124,1282,267,1351,319
124,1115,404,1250,525
124,1206,384,1279,466
124,1117,218,1181,279
124,1179,291,1260,361
124,973,431,1057,523
124,1312,408,1360,477
124,929,437,1007,542
124,436,456,679,554
124,1399,305,1471,361
124,923,430,1057,532
124,736,455,839,515
124,1087,419,1139,498
124,1185,393,1267,465
124,1381,253,1455,324
125,956,663,1344,1023
125,818,459,967,567
125,1102,402,1249,525
125,1282,266,1351,317
125,1187,384,1269,467
125,1178,292,1259,363
125,1119,219,1182,278
125,1310,401,1365,476
125,979,431,1057,523
125,740,455,840,516
125,440,455,679,555
125,921,431,1059,536
125,1404,306,1472,361
125,930,436,1007,541
125,1381,255,1455,329
125,1218,387,1267,466
125,1185,149,1235,186
126,965,651,1349,1000
126,817,459,967,567
126,1102,397,1248,525
126,1282,264,1351,316
126,1177,292,1260,364
126,1175,387,1262,465
126,1119,219,1181,279
126,727,454,839,516
126,1310,405,1364,475
126,978,430,1056,524
126,924,434,1007,542
126,1204,386,1263,464
126,921,429,1058,531
126,1401,304,1469,359
126,432,455,679,565
126,504,452,680,556
126,1381,254,1456,333
126,953,429,1059,519
127,975,637,1351,983
127,818,456,966,566
127,1101,395,1246,528
127,1282,266,1350,315
127,1177,294,1260,364
127,983,429,1056,523
127,1119,220,1181,279
127,737,455,841,515
127,1308,402,1367,475
127,921,433,1006,542
127,441,453,678,555
127,1177,390,1259,453
127,1401,304,1470,359
127,918,430,1058,533
127,504,456,682,554
128,986,617,1354,960
128,818,458,966,566
128,1105,393,1242,528
128,1177,295,1260,365
128,1282,264,1349,313
128,981,430,1056,523
128,1119,217,1180,279
128,1874,488,1919,557
128,1307,397,1372,471
128,923,433,1006,542
128,1873,480,1918,537
128,951,429,1058,524
128,746,455,839,515
128,1404,307,1472,361
128,432,454,679,567
128,507,456,683,554
128,1381,251,1455,330
128,1183,150,1236,187
129,993,603,1352,941
129,818,459,967,566
129,1105,394,1240,529
129,1177,295,1259,367
129,1860,491,1919,564
129,982,430,1058,523
129,1306,393,1373,472
129,1283,264,1350,310
129,1118,216,1180,279
129,741,456,839,516
129,1404,306,1472,361
129,917,433,1006,542
129,505,456,683,555
129,1381,253,1455,332
129,431,453,678,567
130,1003,584,1356,925
130,818,459,966,566
130,1100,404,1238,530
130,1835,483,1919,567
130,1283,263,1350,310
130,765,457,842,517
130,1116,217,1180,279
130,975,428,1060,522
130,1179,296,1260,365
130,1306,394,1375,468
130,1403,307,1474,362
130,909,433,1005,542
130,1381,254,1456,330
130,886,430,1060,534
131,1011,586,1361,903
131,821,456,968,568
131,1097,409,1235,532
131,1812,484,1919,574
131,1282,261,1350,309
131,1305,386,1378,463
131,954,429,1058,524
131,1114,215,1181,280
131,768,458,841,516
131,884,430,1059,535
131,1403,307,1475,361
131,916,434,1005,541
131,1179,296,1259,365
131,1381,253,1455,330
132,1021,577,1363,889
132,821,453,971,567
132,1789,471,1919,571
132,1093,410,1233,532
132,1283,258,1350,307
132,1301,396,1375,465
132,765,457,837,516
132,943,430,1056,524
132,1116,217,1181,280
132,1404,306,1474,361
132,429,457,679,566
132,975,431,1055,525
132,933,433,1022,536
133,1029,568,1371,872
133,820,454,969,567
133,1763,465,1919,571
133,1088,409,1232,533
133,1282,259,1349,307
133,1298,386,1378,465
133,963,430,1058,525
133,1178,298,1260,369
133,1115,216,1181,279
133,766,458,835,515
133,1021,406,1104,471
133,1400,304,1470,361
133,925,430,1058,527
133,434,452,679,556
133,930,434,1006,541
133,1380,253,1456,329
134,1038,560,1374,859
134,1735,456,1918,572
134,820,455,966,565
134,1087,408,1230,536
134,1281,258,1350,306
134,1297,390,1377,464
134,920,430,1055,536
134,1114,217,1180,279
134,768,457,841,514
134,928,435,1006,541
134,1399,304,1470,361
134,429,456,679,567
134,1179,299,1260,370
134,975,433,1055,525
134,1381,253,1456,327
135,1710,459,1919,572
135,1047,556,1377,845
135,820,455,966,565
135,1083,408,1231,539
135,1282,254,1350,306
135,1296,388,1378,461
135,1117,219,1181,280
135,948,431,1056,524
135,930,433,1007,541
135,1403,307,1474,361
135,771,460,838,513
135,1381,254,1457,330
135,921,431,1042,539
135,431,456,679,567
136,1684,458,1918,573
136,1054,541,1379,834
136,819,453,966,565
136,1077,409,1231,539
136,1282,254,1350,303
136,974,433,1056,522
136,1295,389,1376,460
136,766,462,836,516
136,1118,221,1182,278
136,931,436,1007,542
136,929,432,1056,532
136,1178,301,1259,371
136,1404,307,1473,361
136,430,455,679,566
136,1381,258,1456,330
137,1655,457,1919,574
137,1063,534,1385,819
137,816,462,963,567
137,1282,254,1349,301
137,1075,409,1225,539
137,1295,388,1377,458
137,961,435,1058,522
137,915,434,1005,543
137,769,463,841,513
137,1116,220,1178,280
137,430,458,679,566
137,1403,308,1473,361
137,500,460,683,554
137,866,433,1007,547
137,1008,392,1090,464
137,1178,300,1260,372
138,1627,459,1918,573
138,1073,532,1387,809
138,816,460,964,567
138,1296,388,1378,456
138,1067,410,1220,540
138,1282,253,1348,302
138,923,426,1057,523
138,1177,302,1260,374
138,963,428,1055,524
138,921,434,1005,543
138,429,457,679,566
138,994,394,1082,471
138,1399,305,1470,358
138,489,460,683,554
138,1381,258,1456,329
138,1117,222,1180,279
139,1610,459,1919,575
139,819,452,966,565
139,1079,522,1391,799
139,1282,253,1347,299
139,1067,409,1217,539
139,1293,387,1378,455
139,1177,302,1260,375
139,921,427,1055,523
139,926,432,1005,543
139,430,456,679,567
139,958,432,1054,524
139,927,432,1035,536
139,1403,308,1474,361
139,493,458,683,554
139,1381,258,1456,330
140,1567,459,1918,576
140,817,454,966,565
140,1056,409,1215,542
140,1090,518,1399,788
140,1293,385,1378,454
140,1284,252,1347,298
140,966,428,1058,523
140,1177,304,1260,377
140,433,454,679,557
140,895,431,1007,544
140,1380,255,1457,331
140,1404,307,1474,361
141,1535,460,1913,575
141,819,452,967,567
141,1096,514,1403,779
141,1292,384,1379,454
141,1053,409,1209,546
141,1283,253,1347,299
141,1175,305,1260,379
141,916,428,1054,524
141,433,454,679,557
141,890,432,1006,544
141,1381,256,1457,332
141,1400,304,1470,358
141,858,429,1058,532
142,817,457,964,566
142,1509,462,1885,575
142,1104,502,1406,771
142,1283,251,1347,297
142,1048,409,1206,547
142,1292,384,1379,451
142,952,429,1053,523
142,1175,308,1260,381
142,431,455,679,558
142,911,429,1054,529
142,882,435,1004,544
142,1398,304,1471,357
142,1381,254,1456,330
142,859,429,1060,535
142,1187,425,1238,501
143,1485,462,1848,574
143,1116,499,1407,761
143,817,461,962,566
143,1043,411,1196,548
143,1283,252,1346,297
143,1173,308,1259,381
143,969,431,1052,523
143,432,455,679,558
143,875,433,1005,543
143,1293,382,1379,449
143,1785,459,1856,500
143,1180,426,1238,501
143,1399,305,1470,354
143,1381,255,1457,331
143,866,430,1061,537
143,917,431,1053,529
144,817,455,963,565
144,1464,460,1813,573
144,1122,496,1409,753
144,1041,412,1196,554
144,1282,251,1345,296
144,1293,382,1379,448
144,1173,310,1260,382
144,970,432,1051,522
144,432,456,680,560
144,921,434,1006,544
144,1170,421,1241,497
144,915,430,1034,537
144,1399,304,1470,354
144,1380,254,1456,331
144,1138,415,1242,495
145,819,455,963,567
145,1129,496,1414,746
145,1439,460,1784,574
145,1282,250,1346,295
145,1174,310,1259,382
145,1031,411,1190,554
145,1294,382,1380,444
145,433,456,680,560
145,912,436,1006,544
145,1169,423,1240,497
145,1401,304,1469,353
145,1381,260,1457,331
145,971,431,1048,513
146,1135,493,1417,737
146,819,455,963,568
146,1030,412,1185,560
146,1433,460,1753,573
146,1173,310,1259,384
146,1284,249,1346,293
146,1161,422,1240,500
146,433,457,680,560
146,1399,304,1470,355
146,975,432,1043,513
146,897,437,1007,544
146,1380,256,1457,334
146,1293,382,1382,442
147,817,461,962,565
147,1148,487,1423,729
147,1023,414,1185,562
147,1174,311,1259,385
147,1400,458,1724,575
147,1284,248,1345,293
147,918,437,1006,544
147,736,420,828,493
147,1292,378,1377,442
147,433,457,679,562
147,1158,426,1240,503
147,1381,260,1456,333
147,1399,304,1469,353
147,842,407,892,462
148,1151,483,1427,722
148,818,459,962,565
148,1398,461,1670,573
148,1291,375,1378,441
148,1172,311,1259,388
148,927,437,1007,543
148,1008,414,1179,562
148,434,457,679,561
148,735,418,822,487
148,1282,246,1346,294
148,1157,428,1240,502
148,1399,305,1469,353
148,1381,259,1456,334
149,1161,481,1429,716
149,819,451,964,567
149,1394,457,1665,570
149,1171,312,1259,388
149,1007,415,1174,562
149,1292,374,1380,441
149,1154,428,1239,505
149,1283,245,1347,291
149,434,457,680,562
149,928,438,1008,543
149,1381,259,1457,333
149,692,422,802,503
149,1120,226,1179,281
149,862,436,1009,545
150,1169,479,1434,710
150,820,453,963,567
150,1400,457,1631,571
150,1003,414,1173,565
150,1169,312,1257,389
150,1119,224,1180,280
150,433,460,681,560
150,1283,246,1345,291
150,941,444,1009,543
150,1140,424,1242,495
150,1381,255,1456,327
150,1291,375,1380,440
150,1399,305,1470,357
151,1174,473,1437,704
151,817,459,961,565
151,999,414,1172,565
151,1435,456,1618,569
151,1169,313,1256,391
151,1285,241,1346,287
151,1118,224,1179,279
151,671,425,772,499
151,432,456,678,558
151,731,417,811,489
151,1293,371,1375,435
151,937,438,1008,542
151,1145,426,1241,496
151,1398,306,1470,357
151,1236,431,1385,486
151,1381,256,1456,326
152,1185,473,1442,698
152,1404,454,1597,569
152,818,458,961,565
152,991,414,1167,566
152,1166,315,1254,390
152,1284,241,1345,286
152,1118,224,1179,280
152,431,455,678,558
152,1153,430,1240,500
152,667,418,796,497
152,1291,372,1376,436
152,1398,306,1471,356
152,1381,255,1455,327
152,1056,326,1148,389
153,1394,452,1575,570
153,1191,471,1444,694
153,817,458,961,564
153,984,413,1163,569
153,1164,314,1254,391
153,1118,223,1179,280
153,1284,241,1345,286
153,1291,370,1373,434
153,1147,430,1244,504
153,671,417,769,496
153,430,457,679,557
153,1381,254,1455,326
153,1403,308,1472,359
153,1380,356,1510,481
154,1398,451,1561,565
154,1198,472,1447,687
154,817,456,961,565
154,982,414,1158,573
154,1164,317,1255,393
154,1118,223,1179,280
154,1288,369,1371,432
154,1285,241,1345,286
154,1156,429,1246,508
154,430,457,679,557
154,1381,254,1455,327
154,1403,308,1471,359
154,1189,143,1246,191
154,1045,350,1135,406
155,1396,453,1546,564
155,1203,466,1452,683
155,817,457,961,565
155,973,418,1153,573
155,1163,317,1253,391
155,1152,430,1244,512
155,1290,368,1373,431
155,1118,220,1179,280
155,1284,239,1345,285
155,434,452,677,556
155,1381,254,1455,326
155,1160,189,1211,227
155,1382,358,1506,472
155,1189,142,1246,191
155,663,433,716,494
155,1404,308,1472,360
156,1209,464,1456,676
156,1401,452,1531,563
156,818,457,960,565
156,961,421,1150,575
156,1288,366,1371,429
156,1163,319,1251,393
156,1149,430,1242,511
156,1284,240,1345,285
156,434,456,679,557
156,666,437,707,496
156,1118,219,1179,280
156,1380,253,1455,327
156,1403,307,1473,360
157,1219,461,1459,673
157,817,459,961,565
157,1400,453,1522,563
157,1287,365,1370,428
157,962,421,1142,577
157,1148,431,1241,512
157,1162,319,1251,394
157,1283,237,1344,285
157,432,451,678,559
157,1117,220,1179,280
157,1381,254,1454,326
157,1402,307,1471,360
157,1163,189,1214,231
157,928,432,985,492
158,817,455,961,565
158,1224,463,1463,669
158,1144,430,1240,515
158,1288,360,1371,425
158,956,425,1139,580
158,1162,320,1250,395
158,1394,448,1514,562
158,1283,235,1345,284
158,433,450,678,558
158,1382,254,1454,324
158,1118,222,1179,279
158,1402,307,1471,360
159,1231,462,1466,667
159,817,449,961,565
159,951,425,1133,582
159,1140,430,1242,516
159,1289,358,1370,424
159,1397,449,1510,561
159,1284,236,1346,283
159,432,455,679,560
159,1160,320,1251,398
159,1122,220,1180,279
159,1167,191,1220,233
159,1381,255,1455,328
159,966,372,1119,432
159,1413,480,1510,562
160,817,445,953,564
160,1236,456,1468,664
160,1290,356,1369,421
160,1112,426,1243,513
160,940,426,1130,585
160,1394,449,1506,561
160,1284,236,1347,283
160,1159,322,1249,399
160,1381,255,1454,330
160,434,454,680,554
160,965,373,1113,432
160,1419,474,1507,562
160,1119,226,1180,279
161,1121,428,1244,515
161,1288,355,1369,419
161,817,442,949,564
161,1243,454,1471,661
161,937,430,1125,588
161,1389,447,1504,557
161,1159,323,1249,399
161,1284,234,1348,280
161,1381,252,1455,327
161,434,455,679,555
161,1115,217,1180,279
161,1402,307,1470,359
161,1042,354,1135,422
162,817,442,947,565
162,1289,351,1369,419
162,1117,428,1241,518
162,1247,455,1473,658
162,934,430,1120,591
162,1396,447,1502,555
162,1284,228,1347,279
162,1155,323,1248,400
162,1381,256,1454,328
162,432,454,679,557
162,1403,307,1470,360
163,817,443,940,563
163,1115,426,1239,518
163,926,429,1115,594
163,1290,349,1368,412
163,1251,454,1476,653
163,1158,323,1249,400
163,1409,448,1501,552
163,1284,234,1347,278
163,1118,224,1180,279
163,432,456,679,557
163,1382,254,1456,327
163,1403,308,1472,361
163,1042,350,1136,423
164,818,440,937,565
164,1132,429,1239,521
164,1258,453,1479,653
164,1292,349,1369,411
164,1155,325,1249,403
164,924,428,1106,597
164,1284,232,1346,276
164,1401,447,1500,553
164,1119,221,1181,280
164,1381,256,1456,330
164,1380,244,1451,316
164,433,454,678,565
164,1404,308,1471,362
165,1290,347,1367,407
165,1262,451,1480,650
165,1121,426,1239,522
165,817,440,934,565
165,908,429,1106,598
165,1155,326,1249,403
165,1395,447,1499,553
165,1285,230,1345,275
165,1382,257,1456,329
165,1403,308,1472,362
165,433,455,678,566
165,1121,218,1181,279
165,1047,369,1127,427
166,1292,346,1366,405
166,1268,451,1483,645
166,1128,427,1237,524
166,815,440,927,563
166,1396,447,1499,552
166,1154,328,1251,405
166,1285,229,1344,275
166,902,428,1096,604
166,1045,365,1131,429
166,948,380,1076,448
166,1381,257,1455,327
166,1403,307,1473,362
166,434,456,678,567
166,1117,217,1179,280
167,1113,425,1238,525
167,1292,342,1367,405
167,1271,450,1486,644
167,815,446,916,566
167,894,428,1092,605
167,1158,331,1248,406
167,1420,448,1499,550
167,1284,228,1346,275
167,1044,368,1129,429
167,944,380,1073,442
167,1382,253,1456,326
167,1403,307,1473,361
167,1116,217,1180,279
167,432,458,680,569
168,1116,427,1238,525
168,817,445,912,568
168,1292,339,1366,401
168,1273,452,1487,643
168,1158,331,1248,409
168,889,430,1084,607
168,1284,228,1346,273
168,1416,447,1501,550
168,1117,220,1181,280
168,1047,368,1127,431
168,430,452,679,568
168,1381,254,1456,328
168,944,381,1069,435
168,1442,449,1500,551
168,1380,245,1452,316
168,1404,308,1472,363
169,1119,425,1238,526
169,816,453,901,566
169,1276,453,1487,641
169,1159,332,1249,409
169,1290,336,1367,399
169,1285,228,1346,270
169,1048,366,1125,428
169,1118,220,1181,279
169,1380,249,1457,321
169,433,454,679,568
169,944,381,1057,433
169,875,429,1082,607
169,1407,447,1501,549
169,1403,306,1474,362
170,1119,426,1236,526
170,1279,451,1488,637
170,1292,336,1367,396
170,816,448,892,566
170,869,428,1080,607
170,1159,334,1247,410
170,1285,231,1344,270
170,947,381,1057,434
170,1048,369,1124,428
170,431,458,678,566
170,1121,222,1179,280
170,1371,356,1502,481
170,1382,257,1456,328
170,1389,445,1501,550
170,1406,308,1472,362
171,1119,423,1235,526
171,1281,448,1492,633
171,1290,334,1369,395
171,862,428,1071,611
171,1157,333,1247,413
171,817,444,887,568
171,1045,367,1125,428
171,433,456,678,557
171,1119,219,1180,279
171,1402,306,1474,360
171,1383,256,1456,328
171,1375,355,1497,467
171,947,384,1024,425
171,943,381,1055,450
172,1119,426,1237,527
172,1291,331,1367,393
172,1285,446,1496,632
172,1157,333,1248,414
172,817,449,874,568
172,854,429,1064,615
172,1046,361,1124,427
172,431,455,678,556
172,943,384,1023,426
172,1374,356,1493,451
172,1119,220,1180,280
172,941,382,1054,462
172,1392,442,1505,547
172,1383,257,1455,328
172,1403,308,1472,365
173,1117,425,1237,529
173,1291,329,1366,391
173,937,381,1051,454
173,1156,334,1248,415
173,1288,444,1497,630
173,1045,359,1128,429
173,1285,224,1345,268
173,1119,220,1182,280
173,431,456,678,565
173,1383,256,1456,329
173,1403,308,1473,365
173,1367,360,1499,458
173,817,469,863,567
174,1114,428,1237,529
174,1290,326,1365,388
174,1157,335,1248,414
174,1293,446,1498,628
174,819,429,1047,618
174,1118,221,1181,280
174,1285,225,1345,268
174,1045,360,1126,427
174,944,384,1025,428
174,429,456,679,565
174,943,381,1048,448
174,1369,358,1500,461
174,1383,256,1455,328
175,1291,325,1366,387
175,1112,430,1235,530
175,1154,335,1247,417
175,818,431,1040,623
175,1298,446,1500,625
175,1044,363,1128,429
175,1366,358,1496,453
175,436,453,678,556
175,1119,220,1181,279
175,1381,255,1455,329
175,945,383,1026,429
175,1286,225,1343,266
176,1291,323,1366,384
176,1111,427,1235,530
176,1302,443,1503,623
176,1154,336,1247,419
176,1043,365,1126,427
176,811,431,1036,623
176,944,427,1056,521
176,1368,357,1496,454
176,433,453,678,556
176,1380,251,1453,323
176,938,380,1052,513
176,1120,218,1181,280
176,1404,306,1472,361
176,942,380,1046,455
177,1290,324,1363,381
177,1110,429,1235,533
177,1305,442,1505,621
177,1154,337,1248,419
177,1043,365,1127,429
177,1120,219,1181,279
177,1367,359,1498,455
177,431,454,678,565
177,951,427,1053,523
177,1381,254,1455,330
178,1312,443,1509,620
178,1110,428,1236,536
178,1289,322,1363,381
178,956,430,1056,524
178,1154,337,1248,421
178,1360,359,1499,456
178,788,429,1013,629
178,1044,359,1128,426
178,1119,219,1182,279
178,948,384,1022,431
178,434,450,679,555
178,1381,254,1456,330
178,1400,304,1471,361
178,944,380,1035,446
179,1316,442,1511,619
179,1108,428,1233,537
179,1287,320,1362,380
179,1156,338,1248,422
179,952,428,1057,523
179,1042,359,1128,428
179,1119,219,1181,279
179,1360,360,1496,459
179,434,448,679,556
179,949,385,1024,429
179,1381,256,1455,330
179,1380,248,1449,317
179,1403,308,1472,365
179,1046,346,1137,424
180,1318,439,1510,614
180,1102,430,1229,538
180,1285,317,1360,378
180,1157,339,1250,423
180,950,430,1057,526
180,762,430,995,639
180,1116,221,1180,280
180,1043,365,1126,428
180,1362,360,1491,451
180,1382,253,1455,328
180,1287,220,1342,260
180,950,385,1022,428
180,1402,308,1473,363
180,428,455,679,570
181,1100,431,1227,537
181,1320,441,1511,613
181,1157,341,1249,426
181,1284,317,1361,373
181,939,429,1057,525
181,748,430,994,642
181,1117,223,1180,280
181,1043,365,1126,430
181,1357,362,1500,466
181,1381,253,1454,330
181,1191,214,1239,248
181,1402,307,1472,362
181,1286,219,1343,261
182,1324,442,1513,611
182,1101,430,1230,539
182,731,431,981,643
182,1285,313,1361,371
182,1156,341,1249,430
182,1117,222,1181,280
182,1043,361,1126,429
182,1357,359,1493,453
182,926,426,1057,526
182,1382,251,1456,328
182,923,431,1012,539
182,1191,215,1239,248
182,1403,307,1474,363
182,432,453,679,568
182,1387,267,1459,332
182,1285,219,1343,260
182,1398,303,1471,349
183,1327,440,1515,610
183,1094,430,1226,540
183,1156,341,1249,431
183,1284,311,1362,370
183,720,431,972,648
183,922,423,1057,527
183,1118,224,1181,279
183,935,438,1006,544
183,1043,361,1126,431
183,1357,359,1494,454
183,1381,252,1456,328
183,1191,215,1239,250
183,1403,308,1473,364
183,698,481,727,524
183,1047,343,1137,421
183,433,453,680,567
184,1092,431,1223,542
184,1328,441,1514,607
184,1156,341,1249,430
184,1284,310,1360,369
184,707,432,963,651
184,908,435,1005,548
184,919,425,1057,524
184,1117,224,1181,279
184,1043,365,1127,428
184,1285,217,1342,259
184,1382,253,1455,327
184,1404,307,1474,365
184,1344,360,1492,486
184,434,455,679,568
184,1357,359,1492,456
184,1192,217,1240,253
185,1088,430,1222,546
185,1331,439,1517,604
185,1153,342,1247,428
185,1285,311,1358,366
185,690,433,951,652
185,1044,364,1126,428
185,1117,225,1179,280
185,1345,359,1490,482
185,1381,252,1455,326
185,1287,216,1342,257
185,924,437,1005,547
185,1403,307,1473,365
185,926,423,1057,524
185,1192,216,1241,253
185,1355,358,1490,448
185,889,438,961,552
186,1086,432,1218,546
186,673,434,937,658
186,1335,438,1517,601
186,1153,342,1249,429
186,917,433,1005,546
186,954,427,1058,525
186,1043,364,1124,428
186,883,437,999,553
186,1115,222,1179,280
186,1193,216,1242,252
186,881,439,966,554
186,1285,219,1341,256
186,1382,252,1455,326
186,1403,308,1473,367
186,1336,359,1482,488
186,1284,307,1358,364
186,938,443,1003,548
186,923,430,1054,535
187,1085,438,1212,547
187,1341,442,1518,600
187,658,433,927,664
187,1153,342,1252,438
187,869,439,967,556
187,1117,222,1180,280
187,1148,427,1234,505
187,1286,218,1341,255
187,922,434,1007,544
187,1043,363,1125,428
187,1286,307,1357,361
187,1403,307,1473,364
187,1192,216,1242,253
187,1383,253,1456,326
187,1340,359,1492,488
187,965,431,1054,527
187,1354,359,1493,454
187,512,448,674,554
187,937,452,1006,547
187,944,470,1008,543
188,1084,443,1212,550
188,1343,442,1519,598
188,638,433,913,667
188,863,445,964,558
188,1286,216,1342,253
188,1152,344,1246,430
188,1139,429,1233,506
188,1117,223,1179,280
188,922,435,1007,544
188,1283,301,1356,359
188,966,429,1055,524
188,1042,365,1125,429
188,1194,214,1244,254
188,1403,307,1473,364
188,1382,254,1456,328
188,945,437,1007,539
188,1344,360,1496,467
188,952,471,1006,543
188,935,460,1005,547
188,1381,246,1452,313
189,1080,444,1209,551
189,1342,438,1521,596
189,850,442,964,560
189,1151,345,1244,427
189,927,433,1006,544
189,1194,214,1246,256
189,970,432,1056,526
189,1134,428,1233,507
189,1117,223,1180,279
189,622,434,900,673
189,1283,299,1356,359
189,1042,364,1125,429
189,1403,307,1474,365
189,1339,360,1481,490
189,1286,218,1341,253
189,1382,254,1456,327
189,937,453,1005,547
189,954,475,1006,542
189,964,398,1070,482
190,1077,445,1205,551
190,1347,438,1521,594
190,600,436,891,678
190,843,448,963,560
190,1283,297,1355,358
190,1194,215,1246,255
190,1119,223,1180,279
190,962,431,1056,526
190,927,433,1005,543
190,1148,345,1242,426
190,1341,360,1461,493
190,1042,359,1126,429
190,1135,428,1232,507
190,1404,307,1473,362
190,921,431,1057,533
190,1382,253,1455,329
190,896,435,1009,548
190,432,460,578,566
190,965,402,1077,478
190,1286,216,1343,253
190,1444,363,1493,436
190,1399,303,1467,349
191,1073,444,1203,552
191,830,449,964,559
191,584,439,875,683
191,1347,439,1520,592
191,964,431,1053,526
191,1120,225,1179,280
191,1146,345,1241,425
191,1284,298,1355,357
191,1043,364,1128,430
191,1338,360,1459,494
191,920,433,1004,543
191,431,460,583,560
191,1404,307,1473,362
191,1286,217,1342,253
191,963,397,1082,476
191,921,431,1054,532
191,1380,253,1455,325
191,852,434,1010,547
191,1171,440,1233,507
191,1187,446,1231,509
191,1002,402,1084,483
191,1196,215,1245,256
191,946,433,1030,535
192,1069,444,1200,554
192,1355,439,1522,590
192,830,458,961,561
192,565,440,861,688
192,1285,294,1354,353
192,959,430,1052,524
192,1132,347,1236,433
192,1120,224,1180,279
192,1338,359,1456,493
192,432,459,580,520
192,1287,216,1343,253
192,1007,417,1090,485
192,433,460,582,543
192,1044,361,1128,429
192,918,434,1006,543
192,1197,215,1247,258
192,1405,307,1473,363
192,1382,254,1456,329
192,1180,444,1231,509
192,1133,438,1232,509
192,927,430,1055,530
192,845,434,1010,547
192,965,394,1092,481
192,1442,364,1494,434
193,1067,445,1199,556
193,1356,439,1522,588
193,833,457,964,563
193,546,438,844,692
193,968,431,1055,525
193,1286,296,1354,349
193,431,458,581,559
193,1120,222,1179,279
193,1128,435,1230,509
193,916,433,1007,543
193,1044,353,1134,426
193,1287,214,1341,250
193,1383,253,1458,329
193,1404,308,1473,363
193,1337,359,1457,494
193,1199,216,1249,257
193,924,430,1056,533
193,844,434,1009,548
193,990,414,1092,484
193,1383,249,1453,308
193,1397,304,1469,348
193,971,393,1096,477
194,1064,447,1198,558
194,1357,439,1522,586
194,525,442,830,697
194,822,457,963,563
194,432,462,570,562
194,1285,294,1353,348
194,968,431,1058,525
194,1119,222,1179,279
194,1122,428,1229,510
194,1198,217,1250,258
194,923,436,1007,543
194,1383,255,1457,327
194,1286,214,1341,251
194,1043,350,1134,425
194,1403,308,1472,363
194,979,398,1098,482
194,1383,252,1453,303
194,848,434,1009,548
194,1126,351,1230,432
194,1397,305,1468,349
195,1059,448,1196,560
195,1358,438,1523,585
195,818,459,964,569
195,504,447,815,704
195,1283,292,1354,347
195,433,467,555,566
195,967,431,1059,525
195,1119,423,1229,511
195,1118,224,1178,279
195,1198,219,1249,259
195,928,436,1006,543
195,1334,360,1461,492
195,1402,308,1473,366
195,1382,254,1455,324
195,1285,213,1341,251
195,1382,251,1451,307
195,859,434,1008,548
195,982,397,1102,470
196,1055,448,1192,561
196,1360,438,1523,584
196,819,455,965,570
196,483,448,797,711
196,1282,289,1354,345
196,434,469,532,568
196,954,430,1056,525
196,1108,430,1229,511
196,1119,222,1179,278
196,932,436,1006,543
196,1200,220,1249,260
196,1334,360,1451,493
196,923,431,1057,533
196,1402,308,1472,364
196,1382,254,1455,324
196,1382,251,1452,306
197,1052,448,1189,562
197,462,450,782,717
197,818,450,965,565
197,1108,430,1229,514
197,1362,437,1524,583
197,1283,289,1354,344
197,432,469,515,561
197,959,430,1059,525
197,1119,224,1179,278
197,931,434,1007,543
197,1020,403,1122,471
197,1136,438,1228,515
197,1435,373,1492,437
197,1329,359,1449,493
197,1381,250,1455,318
197,1200,221,1253,261
197,1403,308,1473,367
197,923,431,1061,535
198,1046,450,1187,562
198,1366,437,1524,579
198,818,460,962,566
198,1115,432,1227,514
198,441,452,766,722
198,1283,288,1354,341
198,1119,223,1179,278
198,969,429,1055,524
198,931,434,1006,543
198,1146,442,1227,515
198,409,474,485,569
198,1326,359,1446,493
198,1201,222,1254,261
198,1433,371,1491,436
198,1381,255,1456,325
198,1023,405,1124,472
198,1381,246,1453,303
198,1403,309,1474,366
199,1039,452,1184,563
199,1126,430,1227,514
199,818,460,961,566
199,1367,436,1526,576
199,1284,287,1353,340
199,412,452,749,731
199,1118,222,1179,278
199,1328,357,1446,491
199,931,436,1007,542
199,968,430,1054,519
199,1202,226,1254,261
199,1431,371,1490,434
199,1381,255,1455,325
199,1381,247,1451,306
200,1040,453,1180,565
200,817,461,961,565
200,1368,433,1525,576
200,1135,431,1227,514
200,1285,285,1351,337
200,392,455,731,738
200,1324,356,1440,488
200,1429,372,1492,435
200,1120,226,1179,279
200,970,432,1047,517
200,933,442,1005,543
200,876,436,1007,545
200,1402,309,1473,365
200,1381,255,1455,328
200,972,431,1032,485
201,1032,451,1176,568
201,1140,430,1228,516
201,818,460,961,565
201,1372,432,1527,572
201,1318,352,1434,488
201,1285,283,1351,335
201,363,458,712,745
201,932,435,1006,543
201,1120,221,1180,278
201,1422,369,1493,434
201,969,431,1046,514
201,1381,255,1456,328
201,1204,224,1253,263
201,973,431,1030,477
201,942,456,1005,546
201,1402,307,1474,364
202,1372,432,1526,571
202,1029,454,1172,571
202,818,461,961,566
202,1139,430,1230,519
202,823,999,1199,1075
202,1285,282,1351,335
202,339,462,694,754
202,1319,350,1430,486
202,931,435,1005,543
202,1119,220,1180,278
202,969,430,1045,512
202,889,435,1007,546
202,1382,255,1456,328
202,1420,370,1493,433
202,1405,309,1473,365
202,1204,225,1254,263
202,1284,212,1340,245
202,1024,396,1140,464
202,973,431,1034,489
203,1375,432,1527,570
203,817,461,962,565
203,1025,456,1172,573
203,791,968,1266,1076
203,1138,428,1230,517
203,1285,277,1350,333
203,1310,348,1429,485
203,311,465,676,766
203,1118,221,1179,279
203,934,437,1004,542
203,1419,370,1493,433
203,965,429,1044,510
203,872,435,1007,544
203,1403,309,1473,365
203,1382,255,1455,328
203,1284,210,1338,246
203,607,461,678,568
203,1204,225,1254,264
203,973,431,1033,478
204,1376,431,1528,569
204,1019,456,1168,575
204,807,937,1280,1072
204,817,461,964,564
204,1138,431,1230,518
204,1284,277,1349,331
204,1304,349,1428,484
204,1417,370,1493,433
204,961,428,1041,509
204,1119,222,1180,278
204,935,436,1003,541
204,1383,257,1455,331
204,1404,308,1473,365
204,866,435,1007,542
204,1148,364,1210,431
204,971,430,1036,488
204,943,431,1039,527
204,1399,305,1469,351
205,821,907,1285,1075
205,1378,430,1531,568
205,1018,458,1166,576
205,818,460,963,564
205,1128,429,1231,519
205,261,472,636,785
205,1286,276,1350,328
205,1414,370,1493,432
205,1119,223,1180,278
205,961,429,1037,516
205,934,438,1003,541
205,1042,399,1148,461
205,1383,257,1456,327
205,942,431,1034,527
205,874,435,1007,541
205,1403,307,1474,366
205,972,430,1033,488
206,1013,460,1164,580
206,1378,430,1532,566
206,837,882,1287,1075
206,819,456,965,566
206,1128,430,1232,519
206,235,482,615,798
206,1412,369,1494,435
206,1288,277,1349,325
206,924,430,1037,524
206,1119,222,1179,278
206,1382,257,1455,326
206,1146,365,1202,431
206,934,437,1003,543
206,1289,349,1418,480
206,1040,399,1147,462
206,1382,254,1451,301
206,949,428,1038,512
206,860,436,1011,544
206,921,431,1019,541
206,1403,307,1474,365
206,967,430,1035,480
206,1386,269,1458,336
207,854,861,1294,1074
207,1005,460,1160,583
207,1379,429,1531,564
207,819,458,964,566
207,1130,430,1232,520
207,208,487,592,813
207,1409,369,1494,434
207,1288,273,1350,323
207,467,460,678,571
207,1382,257,1455,329
207,1119,222,1180,278
207,928,429,1033,520
207,938,431,1009,542
207,1286,352,1410,479
207,1386,278,1459,334
207,1382,252,1451,297
207,1283,203,1337,243
207,955,428,1035,506
208,869,840,1301,1075
208,1002,462,1154,583
208,1381,430,1531,563
208,817,460,963,565
208,1127,430,1233,521
208,1408,370,1494,435
208,1287,271,1350,322
208,177,496,572,824
208,457,456,679,560
208,1119,223,1180,278
208,1273,350,1408,479
208,1382,257,1455,330
208,1284,203,1337,242
208,939,430,1030,508
208,935,442,1005,542
208,967,429,1029,499
208,1382,252,1451,296
209,887,818,1307,1075
209,993,463,1152,587
209,817,460,963,565
209,1126,430,1235,522
209,1382,430,1531,562
209,1286,270,1351,323
209,144,503,550,838
209,1410,371,1493,433
209,447,454,678,571
209,1118,225,1179,279
209,1383,255,1454,325
209,1204,226,1256,267
209,1383,252,1451,306
209,929,429,1035,522
209,1386,276,1456,332
210,894,797,1316,1073
210,991,464,1143,586
210,817,458,962,564
210,1383,428,1531,561
210,1125,431,1234,523
210,1285,266,1352,321
210,115,513,528,856
210,1119,222,1179,279
210,1412,370,1493,433
210,442,458,678,556
210,1382,256,1455,327
210,1065,401,1168,462
210,932,429,1030,536
210,1205,226,1257,268
210,424,493,547,593
211,913,781,1327,1072
211,983,464,1143,589
211,817,459,963,565
211,1381,427,1532,559
211,1121,432,1231,522
211,1287,266,1353,319
211,81,517,503,873
211,1410,370,1494,432
211,1119,223,1179,278
211,932,429,1034,535
211,1206,226,1259,271
211,1383,258,1455,326
211,1063,399,1169,463
211,1385,280,1457,332
211,435,457,679,559
212,925,762,1334,1071
212,976,463,1136,592
212,817,459,961,564
212,1383,429,1530,557
212,1123,431,1233,523
212,1287,265,1352,317
212,49,527,480,888
212,1409,370,1494,434
212,1119,223,1179,278
212,1205,226,1258,271
212,433,457,679,555
212,927,428,1037,533
212,1382,259,1455,326
212,1285,202,1339,238
212,1385,285,1455,332
213,939,744,1341,1058
213,970,465,1130,594
213,816,459,960,564
213,1385,428,1528,554
213,6,539,455,905
213,1124,431,1233,523
213,1288,264,1351,315
213,1118,222,1179,278
213,1204,227,1257,271
213,433,456,679,556
213,1411,372,1494,434
213,1382,257,1454,328
213,1285,201,1340,238
213,337,508,454,677
214,956,727,1348,1036
214,966,465,1128,595
214,1386,428,1528,551
214,816,457,962,564
214,0,550,429,924
214,1116,431,1237,524
214,433,457,678,558
214,1287,264,1352,313
214,1204,227,1257,273
214,1118,224,1178,279
214,1411,371,1494,433
214,1078,401,1183,469
214,1286,202,1340,238
214,1381,257,1454,328
214,1400,307,1475,366
215,967,709,1349,1008
215,953,465,1125,599
215,1388,426,1529,550
215,817,457,962,564
215,1118,431,1237,524
215,0,561,401,943
215,1288,264,1352,312
215,426,454,678,556
215,1287,202,1343,239
215,1411,370,1495,434
215,1119,222,1179,278
215,1203,229,1257,274
215,1382,258,1454,329
215,1081,395,1185,473
216,983,691,1357,989
216,951,465,1119,600
216,1390,426,1529,549
216,1120,431,1239,526
216,0,570,375,949
216,817,455,963,564
216,1287,262,1352,311
216,427,457,678,557
216,1288,201,1342,238
216,1085,393,1189,484
216,1204,228,1257,275
216,1119,224,1180,278
216,1407,369,1497,440
216,974,430,1028,473
216,1382,259,1456,331
217,997,675,1368,964
217,1391,425,1529,548
217,944,469,1110,604
217,1117,432,1240,527
217,818,455,961,564
217,0,584,348,975
217,1288,260,1354,310
217,1203,233,1257,275
217,1086,396,1193,495
217,1119,226,1179,279
217,426,452,679,557
217,1408,370,1498,435
217,1289,200,1343,237
217,1382,259,1455,330
217,927,427,1031,482
217,971,429,1030,475
217,1040,352,1138,451
218,1011,661,1373,944
218,934,468,1104,608
218,1391,425,1528,547
218,817,453,966,565
218,1116,431,1239,528
218,0,603,316,996
218,1203,236,1256,276
218,1288,261,1353,310
218,1039,359,1135,450
218,422,455,679,557
218,1118,224,1179,279
218,1087,396,1207,499
218,1408,370,1497,436
218,968,429,1032,473
218,930,427,1032,477
218,1290,197,1343,236
218,1381,257,1455,328
219,1026,647,1381,925
219,929,469,1102,608
219,1393,425,1528,547
219,816,452,951,566
219,1287,260,1353,308
219,1109,435,1240,528
219,1040,361,1134,452
219,0,614,282,1017
219,1119,225,1179,280
219,1202,234,1255,277
219,422,454,679,556
219,1096,403,1200,491
219,1407,371,1497,439
219,1381,257,1454,328
220,1039,634,1377,906
220,922,468,1097,609
220,1394,422,1529,546
220,818,454,943,565
220,0,628,251,1045
220,1112,435,1241,531
220,1117,224,1179,279
220,1042,361,1132,451
220,1409,373,1496,435
220,1098,403,1203,495
220,1289,257,1353,308
220,1100,401,1241,530
220,428,457,678,557
220,1381,256,1455,329
220,1201,238,1255,277
221,914,470,1088,611
221,1051,621,1382,887
221,1395,422,1529,545
221,817,454,947,567
221,0,647,219,1069
221,1106,436,1242,530
221,1117,224,1179,278
221,1200,239,1255,279
221,1408,373,1494,436
221,429,457,679,558
221,1097,402,1208,481
222,1063,610,1396,870
222,904,469,1084,613
222,1395,422,1529,543
222,817,457,941,566
222,0,665,160,1080
222,1108,434,1241,530
222,1116,222,1178,278
222,1200,238,1253,279
222,818,441,1005,567
222,1289,255,1354,304
222,1410,376,1493,426
222,427,457,678,559
222,78,691,190,1022
223,1077,593,1398,856
223,897,472,1076,617
223,1397,421,1529,541
223,816,454,945,565
223,1112,435,1241,530
223,0,678,150,1080
223,818,435,1018,567
223,1116,222,1177,280
223,1198,239,1250,279
223,1289,252,1353,301
223,1410,376,1493,427
223,1402,309,1473,368
224,1088,586,1403,842
224,888,473,1068,618
224,816,442,955,566
224,1114,434,1241,532
224,1397,419,1530,540
224,1196,239,1250,281
224,1289,253,1352,299
224,1116,222,1179,278
224,0,737,115,1080
224,1409,376,1493,425
224,1401,308,1473,369
225,880,472,1061,620
225,1099,580,1408,828
225,816,439,980,567
225,1400,418,1531,539
225,1115,434,1245,536
225,1194,239,1248,282
225,1291,251,1352,297
225,1118,221,1179,278
225,816,457,950,567
225,1408,370,1493,436
225,1400,308,1474,370
225,1303,194,1355,231
226,1111,572,1413,816
226,869,476,1053,622
226,816,441,979,567
226,1399,419,1531,539
226,1112,435,1245,537
226,1290,250,1352,297
226,1117,221,1180,277
226,1192,239,1247,284
226,1409,372,1493,435
226,1400,308,1473,370
226,1306,196,1357,231
227,859,479,1048,625
227,1123,563,1416,804
227,815,441,970,567
227,1400,419,1530,538
227,1111,436,1243,536
227,1188,240,1247,286
227,1292,250,1352,296
227,1117,224,1178,278
227,934,429,1057,520
227,1408,372,1491,431
227,1400,308,1473,368
227,1306,196,1358,231
228,1134,557,1424,790
228,850,478,1040,628
228,1400,419,1529,537
228,815,453,944,564
228,1110,431,1242,536
228,1290,246,1351,295
228,1116,225,1179,279
228,1408,373,1492,430
228,944,428,1057,521
228,1307,194,1361,229
228,1401,308,1472,369
228,422,457,677,558
228,1381,255,1454,326
229,1143,549,1432,781
229,839,475,1034,634
229,1400,418,1531,537
229,1109,431,1243,538
229,813,445,956,565
229,1308,190,1362,227
229,916,430,1054,524
229,1118,223,1180,278
229,1292,244,1352,293
229,1405,369,1494,440
229,1401,308,1474,370
230,1156,546,1436,769
230,830,477,1030,635
230,1400,419,1531,536
230,916,427,1048,525
230,1107,439,1241,538
230,813,454,951,567
230,1311,191,1364,227
230,1406,369,1495,439
230,426,457,679,566
230,1401,309,1474,370
230,1118,225,1179,279
230,1291,243,1351,292
230,1382,257,1454,324
231,1163,542,1450,759
231,819,477,1018,638
231,1397,418,1532,533
231,917,429,1051,525
231,1107,436,1239,539
231,1043,347,1145,453
231,1408,374,1493,429
231,1402,309,1474,370
231,426,457,679,567
232,1174,534,1449,752
232,808,475,1009,639
232,1399,419,1531,533
232,1107,441,1238,541
232,953,429,1053,523
232,1041,346,1145,453
232,1117,228,1182,283
232,1312,192,1365,228
232,1184,245,1240,293
232,1409,374,1493,429
232,1402,309,1474,370
233,1182,528,1455,742
233,794,474,994,645
233,1105,441,1241,545
233,1396,416,1530,533
233,1181,249,1239,294
233,965,428,1053,523
233,1040,346,1146,454
233,1117,229,1180,280
233,1289,236,1348,287
233,1136,404,1233,455
233,833,435,1014,535
233,1403,309,1474,370
233,1408,375,1493,426
234,785,484,988,647
234,1192,525,1459,735
234,1106,440,1241,546
234,1180,249,1238,293
234,964,428,1051,524
234,1399,415,1529,530
234,1042,348,1146,454
234,836,441,997,537
234,935,447,1006,539
234,1288,235,1349,286
234,1119,228,1180,280
235,1199,520,1468,724
235,1104,440,1239,547
235,770,480,982,649
235,1180,252,1237,297
235,970,429,1054,522
235,1397,415,1529,528
235,1041,349,1147,454
235,835,439,1006,542
235,1288,233,1350,286
235,1119,226,1178,278
235,425,458,679,569
235,1404,308,1475,370
235,1381,257,1453,320
236,1207,518,1471,718
236,759,483,974,655
236,1101,442,1238,549
236,1179,252,1237,298
236,1397,416,1528,526
236,967,429,1053,523
236,1041,357,1146,455
236,1288,232,1350,287
236,836,435,1006,547
236,1144,404,1238,458
236,932,453,1005,543
236,675,435,719,499
236,426,460,677,569
237,1097,443,1238,550
237,742,487,963,660
237,1216,510,1472,711
237,1179,252,1237,298
237,1388,416,1528,528
237,968,429,1054,522
237,1041,347,1147,454
237,1286,233,1352,287
237,829,440,989,553
237,1403,308,1475,370
237,1325,188,1378,228
237,1141,404,1240,476
237,1381,257,1453,320
238,1225,507,1476,705
238,1095,442,1234,552
238,730,490,953,662
238,1179,253,1235,298
238,1389,415,1529,525
238,969,427,1055,522
238,1041,346,1145,452
238,1288,233,1350,285
238,823,455,969,558
238,662,463,715,498
238,1402,309,1476,369
238,931,435,1004,543
238,1381,257,1453,323
238,827,444,1004,550
238,1141,404,1235,446
238,1137,404,1240,477
239,1233,504,1481,698
239,1093,443,1235,553
239,720,493,942,665
239,1398,414,1527,526
239,1178,254,1236,298
239,1286,230,1348,284
239,967,429,1055,523
239,1039,350,1143,454
239,826,454,960,554
239,662,452,713,497
239,1329,187,1380,228
239,927,436,1005,545
239,1402,309,1475,370
239,1382,255,1452,312
239,1137,405,1243,476
239,839,442,1004,550
240,1091,444,1231,554
240,1239,500,1487,691
240,697,490,929,668
240,829,456,964,558
240,1178,254,1236,298
240,1390,414,1526,523
240,967,428,1053,523
240,1042,347,1143,449
240,930,435,1006,542
240,1139,405,1251,507
240,1401,307,1476,366
240,673,441,715,497
240,1288,233,1351,284
240,1381,254,1454,325
241,1087,445,1229,558
241,1246,493,1488,688
241,685,494,919,674
241,827,452,968,556
241,1178,253,1237,299
241,1393,414,1525,523
241,965,428,1053,524
241,1041,345,1143,449
241,1139,406,1251,508
241,930,435,1007,542
241,1139,405,1244,455
241,1288,232,1347,280
241,428,456,678,559
241,1118,232,1177,276
241,1400,307,1476,371
242,1084,445,1228,559
242,1253,491,1488,682
242,672,495,908,679
242,829,459,962,557
242,1398,417,1524,522
242,1179,254,1238,302
242,964,428,1052,524
242,1139,405,1247,458
242,1039,350,1142,452
242,930,437,1007,542
242,1138,404,1252,509
242,1117,230,1177,275
242,1288,231,1345,278
242,669,454,716,496
242,1400,308,1476,371
243,1081,445,1224,560
243,653,496,893,684
243,1257,491,1489,676
243,831,461,964,560
243,1179,256,1238,303
243,966,428,1052,525
243,1041,346,1143,449
243,1393,414,1524,518
243,1138,405,1252,509
243,932,435,1006,542
243,1117,233,1178,278
243,1401,308,1475,372
243,1197,449,1246,509
243,1138,406,1245,452
243,1288,233,1346,278
243,852,434,1009,547
243,1382,257,1453,324
244,1078,445,1224,561
244,1263,490,1490,672
244,638,498,879,687
244,828,460,961,560
244,966,428,1051,525
244,1179,256,1238,304
244,1042,349,1141,449
244,1136,405,1251,508
244,1399,414,1523,523
244,931,434,1006,542
244,1137,406,1246,466
244,1195,449,1246,509
244,1287,230,1344,274
244,1402,308,1475,371
244,1357,407,1521,495
244,1136,405,1236,446
244,885,434,1009,546
245,1073,446,1222,562
245,1267,488,1492,668
245,623,501,868,692
245,817,459,964,561
245,1406,415,1520,521
245,969,428,1051,524
245,1038,355,1141,451
245,1180,254,1240,304
245,926,433,1005,542
245,1137,406,1251,509
245,1287,230,1346,273
245,1195,449,1246,511
245,1403,308,1476,375
245,1116,229,1177,275
245,1351,407,1435,480
245,1136,405,1241,463
245,887,433,1009,546
245,1382,254,1451,315
246,1276,488,1497,664
246,1067,448,1220,562
246,601,501,856,698
246,819,456,965,562
246,1405,416,1519,519
246,1180,257,1241,307
246,967,428,1050,524
246,1038,354,1141,452
246,931,433,1005,542
246,1135,406,1252,511
246,1335,404,1428,479
246,1286,227,1346,272
246,1400,307,1476,378
246,1115,225,1178,275
246,1396,309,1479,402
246,1154,438,1250,512
247,584,505,841,705
247,1065,448,1217,562
247,1280,486,1501,661
247,820,460,967,563
247,1404,415,1519,523
247,970,428,1052,524
247,1327,407,1427,480
247,924,433,1005,543
247,1180,261,1243,308
247,1134,406,1249,511
247,1039,361,1142,452
247,1117,225,1177,276
247,1286,227,1345,273
247,1400,307,1475,372
247,1188,448,1247,511
247,860,434,1008,548
248,565,507,827,711
248,1286,485,1505,658
248,1060,449,1211,563
248,820,459,965,564
248,1317,405,1422,480
248,969,429,1051,523
248,1180,260,1243,309
248,930,433,1005,542
248,1404,414,1517,511
248,1117,222,1178,277
248,1040,351,1143,450
248,1136,406,1249,512
248,1286,226,1345,272
248,1403,415,1519,546
248,1399,308,1476,378
248,1136,406,1246,475
248,1147,179,1208,224
248,902,434,1008,545
248,1410,370,1491,420
249,545,508,812,715
249,1295,486,1511,653
249,1056,449,1209,567
249,817,459,961,564
249,1309,405,1417,479
249,1181,261,1243,311
249,930,432,1004,542
249,969,429,1051,526
249,1117,223,1178,277
249,1399,413,1514,534
249,1135,403,1252,513
249,1039,359,1143,452
249,1287,224,1345,270
249,1401,414,1516,495
249,1399,307,1476,375
249,1135,406,1246,472
249,1148,183,1208,228
249,1364,187,1439,240
249,1408,370,1492,423
250,1050,450,1209,572
250,522,511,794,721
250,1302,486,1511,650
250,1294,405,1411,478
250,818,461,964,567
250,1133,406,1249,514
250,1181,261,1243,311
250,1400,416,1517,540
250,964,427,1055,522
250,1115,224,1178,277
250,1040,361,1136,450
250,923,434,1005,543
250,1402,415,1513,505
250,429,460,576,569
250,1287,226,1344,268
250,1364,184,1436,243
250,1401,307,1472,370
250,847,434,1006,547
250,1382,254,1453,322
251,501,516,776,729
251,1045,451,1202,573
251,1308,485,1512,646
251,820,458,965,565
251,1284,403,1403,475
251,1131,406,1249,513
251,1182,263,1244,312
251,967,427,1051,523
251,1041,361,1139,448
251,1397,418,1518,539
251,1116,223,1178,277
251,930,434,1004,542
251,429,459,577,567
251,1399,416,1518,506
251,1402,308,1474,371
251,1367,184,1434,242
251,1155,183,1213,228
252,1042,451,1199,575
252,477,520,761,736
252,1313,484,1514,643
252,817,460,963,565
252,1293,404,1392,474
252,1182,263,1246,313
252,1040,363,1136,449
252,1131,404,1251,513
252,1116,223,1178,277
252,966,427,1046,517
252,931,434,1006,541
252,1398,415,1513,502
252,429,460,576,571
252,1160,187,1218,229
252,1403,308,1473,370
252,881,434,1008,543
252,1368,187,1431,242
253,454,524,740,744
253,1033,453,1195,577
253,1318,484,1517,641
253,816,460,962,564
253,1274,402,1377,471
253,1128,406,1250,515
253,966,428,1042,518
253,1183,266,1246,314
253,1117,223,1179,277
253,1040,362,1137,449
253,933,435,1004,540
253,1400,415,1511,502
253,1162,186,1220,229
253,1398,418,1513,540
253,1405,308,1473,368
253,429,462,581,573
253,887,434,1008,541
254,432,529,723,753
254,1027,453,1192,578
254,816,459,964,565
254,1321,482,1521,638
254,1237,401,1366,472
254,1183,265,1246,315
254,1163,186,1223,229
254,1115,221,1179,277
254,1038,363,1134,451
254,962,428,1041,516
254,1129,407,1247,513
254,1401,414,1513,519
254,1403,414,1512,489
254,917,432,1009,539
254,937,444,1004,541
254,429,460,581,563
254,1405,308,1471,367
255,408,533,702,764
255,815,460,964,564
255,1023,455,1185,581
255,1329,480,1523,637
255,1239,401,1350,470
255,1184,265,1245,316
255,965,427,1045,515
255,1166,184,1224,227
255,1130,408,1248,514
255,1038,360,1135,452
255,1116,223,1179,278
255,917,431,1006,539
255,429,451,683,561
255,1401,413,1512,488
255,1403,308,1472,366
255,430,459,577,564
256,382,538,683,769
256,1019,454,1184,585
256,816,459,964,565
256,1331,477,1528,634
256,1220,399,1334,469
256,1185,266,1246,317
256,1128,410,1248,515
256,1167,180,1228,228
256,1038,360,1135,450
256,1117,224,1179,278
256,428,447,679,556
256,932,434,1003,541
256,1400,412,1513,485
256,958,427,1040,509
256,1130,408,1242,489
256,1403,308,1473,367
256,889,433,1007,542
256,1382,256,1454,326
256,971,429,1035,482
257,1011,454,1176,584
257,356,544,664,784
257,1334,475,1530,633
257,816,459,963,564
257,1221,399,1316,467
257,1185,268,1247,321
257,1040,357,1136,450
257,1284,217,1340,261
257,1117,224,1178,277
257,956,427,1042,515
257,1400,411,1511,485
257,1129,408,1247,516
257,434,447,678,554
257,921,431,1012,537
257,1402,308,1472,367
257,934,438,1003,540
257,1382,257,1454,326
257,1133,406,1232,454
257,1383,254,1451,306
257,969,429,1038,502
258,1006,454,1175,586
258,325,553,640,792
258,1337,474,1532,629
258,815,459,961,564
258,1185,268,1248,322
258,1213,399,1300,466
258,1284,216,1340,260
258,1038,363,1134,450
258,1123,406,1247,516
258,1116,220,1179,278
258,1398,410,1502,477
258,1172,184,1231,230
258,919,431,1012,539
258,967,428,1040,492
258,1382,258,1454,330
258,1402,308,1472,366
258,927,428,1042,504
258,935,451,1005,541
259,996,454,1173,588
259,297,558,616,806
259,1342,473,1535,626
259,815,459,962,564
259,1184,270,1248,323
259,1121,407,1249,516
259,1038,362,1133,451
259,1116,220,1178,277
259,1219,405,1277,466
259,1284,216,1340,260
259,1394,410,1502,477
259,1198,399,1278,467
259,923,428,1037,530
259,1174,187,1232,230
259,434,449,678,560
259,932,440,1005,538
259,961,428,1037,486
259,1400,308,1472,367
