0,1176,579,1242,631
0,1035,562,1105,632
0,967,487,1016,517
1,1175,578,1242,630
1,1037,560,1105,628
1,966,487,1017,516
1,19,309,112,372
1,20,310,180,379
2,1040,558,1104,623
2,1175,578,1242,629
2,19,309,112,372
2,964,488,1017,518
2,20,310,180,379
3,1175,578,1242,629
3,1042,558,1105,618
3,19,309,112,372
3,963,488,1016,518
3,20,310,180,379
4,1175,578,1242,629
4,1044,556,1105,615
4,963,487,1015,519
4,19,308,113,372
4,20,310,180,380
4,191,315,307,366
5,1175,578,1242,629
5,1047,554,1107,614
5,963,485,1020,521
5,19,308,113,372
5,961,488,1010,519
5,20,310,181,380
5,191,315,307,366
6,1176,578,1242,629
6,1049,552,1106,608
6,961,486,1019,522
6,19,308,113,372
6,20,308,180,380
6,973,485,1018,516
6,961,491,1008,520
7,1175,579,1242,630
7,1050,553,1107,607
7,958,489,1016,523
7,19,308,113,372
7,20,310,180,380
7,186,315,308,366
7,1371,730,1484,792
8,1175,579,1242,630
8,19,308,113,372
8,1050,548,1106,604
8,20,310,180,380
8,957,492,1014,523
8,191,316,308,366
9,1176,578,1242,629
9,19,308,113,372
9,20,310,180,380
9,956,491,1016,524
9,957,494,998,523
9,191,316,308,366
10,1175,579,1242,630
10,953,494,990,523
10,174,313,308,366
10,1053,544,1106,597
10,952,490,1012,523
10,20,307,180,382
10,19,308,115,371
10,967,487,1018,519
11,1175,579,1242,630
11,1056,540,1107,594
11,950,495,989,525
11,174,313,308,366
11,952,488,1018,521
11,949,490,1006,527
11,20,305,180,382
11,19,308,115,371
12,1175,578,1242,630
12,1057,541,1106,592
12,947,496,989,527
12,175,313,307,366
12,947,491,1003,528
12,19,309,114,371
12,959,487,1018,518
12,17,308,180,385
12,1372,730,1488,797
13,1175,578,1242,630
13,946,489,1012,530
13,1057,541,1105,590
13,945,493,988,528
13,175,313,307,366
13,19,309,114,370
13,17,308,180,384
13,1372,730,1488,797
14,1175,578,1242,630
14,1058,542,1105,587
14,945,488,1015,533
14,945,493,985,529
14,175,313,306,366
14,19,309,114,370
14,17,308,180,384
14,1372,730,1487,797
15,1058,541,1104,585
15,1175,578,1242,629
15,943,488,1017,534
15,943,494,983,531
15,947,487,1017,521
15,175,313,306,366
15,19,309,114,370
15,17,308,180,384
15,1372,730,1488,797
16,1175,578,1242,629
16,1059,541,1104,584
16,942,495,982,532
16,942,489,1016,534
16,175,313,306,366
16,948,487,1016,520
16,19,309,114,370
16,17,308,180,384
16,1372,730,1488,797
17,1175,578,1242,629
17,938,494,980,533
17,1061,540,1104,581
17,939,487,1019,535
17,176,313,306,366
17,953,487,1016,520
17,19,309,114,371
17,17,308,180,384
17,1372,730,1488,797
18,936,493,978,534
18,1175,578,1242,629
18,936,487,1019,535
18,176,313,306,366
18,19,309,113,370
18,17,308,180,384
18,978,487,1016,517
18,1060,540,1104,579
18,1372,730,1488,797
19,933,494,978,537
19,1175,578,1242,629
19,176,313,306,366
19,933,487,1017,537
19,1062,539,1103,576
19,17,308,180,384
19,19,309,113,371
19,1372,730,1488,797
20,1175,579,1241,630
20,932,497,975,536
20,1062,538,1103,575
20,18,308,180,385
20,193,313,307,365
20,19,309,113,370
20,1374,732,1485,797
21,1175,580,1241,630
21,928,499,971,537
21,18,308,180,385
21,194,313,307,365
21,1063,538,1103,574
21,1373,732,1485,794
21,19,309,113,370
22,1175,580,1241,630
22,924,498,969,538
22,18,308,180,385
22,194,313,307,365
22,19,309,113,370
22,1373,732,1485,794
23,1175,579,1241,630
23,919,497,966,538
23,18,308,180,385
23,194,313,307,365
23,19,309,113,370
23,1373,732,1485,794
24,1176,579,1242,630
24,916,497,963,538
24,19,308,113,371
24,169,310,304,365
24,20,294,181,381
25,912,498,961,540
25,1176,579,1241,630
25,19,308,113,371
25,169,309,304,365
25,20,295,181,381
25,981,488,1014,513
26,912,496,961,543
26,1176,579,1241,630
26,19,308,113,371
26,169,309,304,365
26,981,488,1013,514
26,20,301,181,381
27,909,498,959,544
27,1176,579,1242,630
27,19,308,113,370
27,980,488,1012,514
27,168,309,304,365
27,20,301,181,381
28,1176,579,1242,630
28,907,499,958,545
28,19,308,113,371
28,980,488,1011,514
28,169,310,304,365
28,20,291,181,381
29,1176,579,1242,630
29,901,502,956,545
29,19,308,113,371
29,169,310,304,365
29,980,488,1010,514
29,20,284,181,381
30,897,498,955,548
30,1175,579,1241,629
30,979,488,1009,515
30,19,309,113,371
30,168,309,304,365
31,1175,579,1241,630
31,890,501,950,549
31,979,488,1009,515
31,168,309,304,365
31,19,309,113,371
31,973,487,1011,510
31,20,261,182,382
32,885,503,944,551
32,1175,579,1241,629
32,974,488,1007,516
32,168,309,304,365
32,19,309,113,371
33,882,501,943,553
33,1175,579,1241,629
33,974,488,1006,516
33,168,309,304,365
33,19,309,113,371
33,17,308,179,385
33,1374,732,1485,793
34,875,502,938,556
34,1175,579,1241,630
34,972,488,1007,515
34,169,310,304,365
34,19,309,113,371
34,17,308,179,385
34,1374,732,1485,793
35,1175,579,1241,629
35,869,502,935,556
35,969,488,1006,515
35,168,310,304,365
35,19,309,113,370
35,17,308,179,385
36,862,502,929,556
36,1175,579,1242,630
36,968,487,1004,514
36,173,313,304,365
36,19,309,114,371
36,18,308,179,385
37,855,503,927,558
37,1175,579,1242,630
37,967,487,1003,513
37,174,313,305,365
37,19,309,114,371
38,850,505,920,558
38,1175,579,1242,630
38,966,486,1003,515
38,174,313,305,365
38,19,309,114,371
38,17,308,179,385
39,842,504,914,560
39,1175,579,1242,630
39,965,485,1002,514
39,174,313,305,365
39,19,309,114,371
39,17,308,179,385
40,832,503,912,564
40,1175,579,1242,630
40,176,312,305,365
40,963,485,1002,514
40,19,309,115,370
40,20,273,181,381
40,17,309,178,383
41,820,502,905,564
41,1175,579,1242,630
41,960,484,1000,514
41,176,312,305,365
41,19,309,115,370
41,20,272,181,381
41,17,309,178,384
42,813,502,898,566
42,1175,579,1242,630
42,176,312,305,365
42,955,485,998,515
42,20,267,181,382
42,19,309,115,370
42,17,308,179,384
43,801,499,893,568
43,1175,579,1242,630
43,176,312,305,365
43,953,484,996,515
43,20,266,181,382
43,17,308,179,384
43,19,309,115,370
44,790,500,884,569
44,1175,579,1242,630
44,176,312,305,365
44,20,268,181,382
44,17,308,179,384
44,19,309,115,370
44,948,486,996,514
45,778,498,876,570
45,1175,579,1242,630
45,176,312,305,365
45,20,261,182,383
45,945,484,994,512
45,17,308,179,385
45,19,309,115,370
46,763,497,874,568
46,1175,579,1242,630
46,178,311,305,365
46,19,309,114,370
46,20,277,181,381
46,17,308,180,384
46,941,483,993,513
47,749,494,857,570
47,1175,579,1242,630
47,178,312,305,365
47,19,309,114,370
47,20,276,181,381
47,941,482,990,510
47,17,308,180,384
48,730,492,843,569
48,1176,579,1242,630
48,174,311,306,365
48,19,309,114,370
48,20,306,181,380
49,714,492,831,569
49,1176,579,1242,630
49,175,311,306,365
49,19,309,114,370
49,20,305,181,380
50,694,487,817,569
50,1176,579,1242,630
50,175,311,306,365
50,19,309,114,370
50,20,308,181,380
51,672,486,803,569
51,1176,579,1242,630
51,175,311,306,365
51,19,309,114,370
51,20,307,181,380
52,648,477,785,569
52,1175,579,1242,630
52,175,311,306,365
52,19,309,114,370
52,20,310,181,380
53,624,477,769,568
53,1175,579,1242,630
53,176,311,307,365
53,19,309,114,370
53,20,310,181,380
54,595,472,749,569
54,1175,579,1242,630
54,175,311,306,365
54,19,309,114,370
54,20,311,181,379
55,563,470,726,567
55,1175,579,1242,630
55,177,311,304,365
55,19,309,114,370
55,20,311,181,380
56,532,460,705,564
56,1176,579,1242,630
56,174,311,306,365
56,19,309,114,370
56,20,311,181,380
57,494,457,680,564
57,1176,579,1242,630
57,179,311,304,365
57,19,309,115,370
57,20,311,181,380
58,451,451,650,561
58,1175,579,1241,629
58,190,313,303,365
58,19,308,117,371
58,20,307,181,380
59,0,806,262,1199
59,406,443,621,559
59,1175,579,1241,629
59,19,308,116,371
59,188,313,305,365
59,20,307,181,380
60,0,718,446,1194
60,356,434,585,558
60,1174,579,1241,629
60,19,308,116,371
60,20,306,180,380
60,1374,734,1480,791
61,0,713,583,1198
61,304,427,546,554
61,1174,579,1241,629
61,19,308,116,371
61,20,305,180,381
62,0,703,692,1172
62,240,415,506,551
62,1174,579,1241,627
62,19,308,117,371
62,1374,732,1485,796
63,131,704,771,1104
63,166,405,460,549
63,19,309,116,370
63,1174,579,1241,627
63,171,311,304,365
63,1374,732,1485,796
64,306,703,846,1054
64,87,389,407,541
64,19,309,118,371
64,1174,579,1241,627
64,171,311,305,365
65,443,701,902,1014
65,0,372,351,531
65,18,309,117,371
65,1174,578,1241,628
66,552,695,949,976
66,1,357,285,527
66,18,309,118,365
66,1175,579,1241,629
66,171,311,305,364
67,639,691,988,948
67,0,348,211,522
67,1175,578,1241,628
67,18,310,120,355
68,711,688,1021,925
68,0,350,126,511
68,1176,579,1242,629
68,11,310,117,377
68,171,312,305,366
69,772,688,1046,903
69,1176,578,1242,628
69,19,309,116,372
69,0,351,25,485
69,171,312,305,365
70,823,686,1072,889
70,1176,579,1242,629
70,19,308,115,371
70,170,312,305,365
70,20,295,181,381
71,862,682,1095,862
71,1176,578,1241,627
71,19,308,116,372
71,20,277,181,381
71,170,312,304,365
71,18,307,179,384
72,903,680,1114,842
72,1176,578,1242,628
72,19,308,116,372
72,998,477,1022,500
72,20,268,182,381
73,932,676,1129,837
73,1176,577,1241,627
73,19,308,115,371
73,995,476,1022,500
73,20,270,181,381
74,961,672,1141,825
74,1176,579,1242,629
74,992,479,1021,502
74,19,308,116,371
74,20,265,182,381
74,1372,729,1487,795
75,983,670,1154,811
75,1175,579,1242,629
75,991,480,1020,503
75,19,308,115,371
75,20,266,182,381
76,0,599,174,823
76,1005,666,1160,796
76,1175,579,1242,629
76,990,481,1019,504
76,19,307,115,371
76,20,265,182,381
76,1372,730,1487,795
77,0,539,319,805
77,1022,660,1169,787
77,1176,579,1242,629
77,19,307,115,372
77,989,482,1018,505
77,20,265,182,382
78,0,546,437,823
78,1036,656,1174,778
78,1175,579,1242,629
78,19,310,115,371
78,990,482,1018,505
78,20,274,181,381
79,21,558,530,801
79,1050,653,1180,770
79,1175,579,1242,629
79,20,310,115,371
79,989,482,1018,507
79,20,289,181,381
80,174,565,608,785
80,1062,650,1187,761
80,1175,579,1242,629
80,20,310,115,371
80,988,481,1017,508
80,20,282,181,381
81,299,573,679,773
81,1070,647,1191,754
81,1176,578,1241,628
81,20,310,115,371
81,988,481,1017,507
81,20,310,181,380
82,403,580,737,763
82,1081,646,1195,752
82,1176,578,1240,628
82,20,310,114,371
82,988,480,1017,507
82,20,311,181,380
83,494,581,786,754
83,1088,643,1194,746
83,1176,578,1240,628
83,19,310,114,371
83,20,306,180,381
84,568,586,830,745
84,1094,641,1194,739
84,1175,577,1241,628
84,19,310,113,371
84,171,311,305,365
84,20,300,181,382
85,631,593,869,736
85,1100,640,1199,737
85,1175,577,1240,628
85,19,310,113,371
85,171,311,306,365
85,20,289,181,382
86,685,593,898,730
86,1104,638,1200,734
86,1175,577,1240,627
86,19,310,113,371
86,170,311,305,365
86,20,285,181,381
87,731,595,926,722
87,1108,635,1198,724
87,1175,577,1240,628
87,19,310,113,371
87,170,311,305,365
87,20,284,181,381
87,18,308,176,385
88,771,597,948,716
88,1110,630,1199,718
88,1175,576,1239,627
88,170,311,312,366
88,19,310,113,371
88,20,312,180,380
89,807,598,967,707
89,1111,629,1198,713
89,1176,576,1239,627
89,170,311,312,366
89,19,310,113,371
89,20,312,180,380
90,837,599,988,703
90,1116,627,1198,710
90,1175,577,1239,627
90,170,311,312,366
90,19,310,113,371
90,20,311,180,380
90,1022,450,1067,485
91,863,600,1003,698
91,1115,624,1198,701
91,1175,577,1239,627
91,170,311,312,366
91,19,310,113,370
91,1022,451,1067,486
91,20,313,180,380
92,886,599,1016,696
92,1116,621,1195,698
92,1176,577,1240,627
92,169,311,312,366
92,20,310,113,370
92,20,312,180,380
93,906,598,1028,687
93,1117,618,1191,690
93,1175,577,1240,627
93,169,311,313,366
93,20,310,113,370
93,20,312,180,380
94,923,596,1042,680
94,1118,615,1190,685
94,1176,577,1240,626
94,169,311,313,366
94,19,310,113,370
94,970,486,1003,514
94,20,307,180,380
95,939,595,1050,680
95,1118,611,1188,680
95,1175,577,1240,626
95,169,311,313,366
95,19,310,113,370
95,968,486,1002,515
96,951,594,1057,674
96,1119,610,1184,675
96,1176,579,1241,627
96,173,311,312,366
96,19,309,115,371
96,966,486,1001,516
96,20,286,181,381
97,964,593,1065,670
97,1119,609,1182,672
97,1176,579,1241,627
97,172,311,312,366
97,19,309,115,371
97,20,285,181,381
98,1119,606,1183,668
98,978,594,1073,666
98,1176,579,1241,628
98,179,313,307,365
98,20,310,115,370
99,986,593,1078,664
99,1119,604,1181,665
99,1176,579,1242,628
99,20,310,115,370
99,180,313,307,365
100,998,592,1084,659
100,1118,601,1181,660
100,1177,579,1241,629
100,20,310,116,370
100,184,313,307,365
101,1004,590,1087,656
101,1118,597,1182,654
101,1177,579,1241,629
101,20,310,116,370
101,185,314,307,365
102,0,574,105,868
102,1013,587,1088,651
102,1118,597,1183,648
102,1177,579,1241,629
102,182,313,308,365
102,20,309,115,370
103,1017,585,1091,649
103,0,451,253,856
103,1116,595,1176,645
103,1176,578,1242,628
103,20,310,115,370
103,184,313,307,365
103,957,489,991,518
104,1021,583,1093,646
104,1117,590,1172,643
104,0,520,373,837
104,1176,579,1241,629
104,20,310,117,371
104,191,314,306,365
104,955,489,990,519
105,1028,580,1095,641
105,1117,589,1169,640
105,1176,578,1241,629
105,19,310,119,376
105,0,392,472,842
105,181,313,308,365
105,952,493,987,519
106,1033,578,1097,638
106,1177,579,1241,628
106,1117,588,1167,639
106,19,310,118,372
106,183,313,308,364
106,951,491,986,520
106,0,465,557,863
107,1037,576,1097,635
107,0,411,630,835
107,1177,579,1241,628
107,20,310,118,371
107,1117,584,1170,636
107,949,493,986,521
107,192,314,306,365
108,1039,576,1100,630
108,135,428,695,821
108,1118,581,1165,633
108,1178,579,1241,628
108,18,309,115,372
108,211,313,306,364
108,944,494,983,521
108,19,311,181,380
109,1040,574,1101,628
109,1117,581,1165,628
109,254,453,746,807
109,1179,579,1241,628
109,18,309,114,372
109,207,313,306,364
109,943,495,981,522
109,19,310,180,380
110,1043,572,1101,625
110,1117,579,1162,624
110,1178,579,1241,628
110,18,309,114,372
110,206,313,306,364
110,941,495,979,524
110,19,310,180,380
111,1044,569,1100,621
111,1115,578,1162,621
111,1178,579,1241,628
111,18,309,114,372
111,207,314,306,364
111,939,497,978,526
111,19,311,180,381
112,1048,568,1100,618
112,511,494,869,774
112,1113,578,1160,620
112,1178,579,1238,624
112,18,309,114,372
112,936,496,976,526
112,207,314,305,364
112,19,310,180,381
113,575,505,902,763
113,1113,576,1159,620
113,1050,565,1101,615
113,18,309,114,371
113,1177,579,1238,623
113,933,496,973,527
113,208,314,306,364
113,19,310,180,381
114,630,511,925,758
114,1111,575,1159,618
114,1051,563,1100,608
114,18,309,114,372
114,1177,579,1238,624
114,206,314,306,364
114,931,496,970,529
115,679,519,953,742
115,1052,561,1099,606
115,1111,572,1157,616
115,18,309,114,372
115,1178,579,1238,624
115,929,496,969,529
115,205,314,306,364
116,724,523,975,740
116,1053,560,1099,604
116,1111,569,1159,614
116,925,496,967,531
116,18,309,114,372
116,1177,579,1238,624
116,205,314,306,364
117,761,531,993,733
117,1052,558,1101,602
117,921,494,966,531
117,1111,569,1156,609
117,1177,579,1238,624
117,19,309,114,371
117,205,314,306,364
117,16,308,180,384
118,1051,556,1099,600
118,794,536,1010,725
118,920,494,963,532
118,1110,566,1152,607
118,19,309,114,371
118,1178,579,1238,625
118,198,314,308,365
118,1370,728,1489,797
119,917,494,961,534
119,1053,554,1100,596
119,824,539,1024,722
119,1109,565,1152,605
119,19,309,114,371
119,1178,579,1237,624
119,198,314,308,365
120,850,545,1039,716
120,913,496,959,538
120,1053,552,1100,594
120,1109,560,1152,603
120,19,308,115,370
120,174,312,309,365
120,1178,579,1233,622
120,1370,730,1487,795
120,1264,684,1395,764
121,873,547,1051,709
121,909,495,958,538
121,1111,559,1150,598
121,172,312,309,365
121,19,308,115,370
121,1055,549,1100,592
121,1178,579,1235,623
121,1265,684,1396,764
121,1370,730,1487,795
122,897,548,1062,707
122,908,496,956,537
122,1110,559,1147,599
122,19,308,115,370
122,172,312,309,365
122,1054,549,1100,591
122,1178,579,1235,623
122,1371,730,1487,795
122,1265,684,1395,764
123,913,551,1076,700
123,1109,557,1148,599
123,1055,548,1099,587
123,19,308,115,370
123,905,498,951,538
123,172,312,309,365
123,1178,579,1234,623
123,1370,730,1487,794
123,1265,684,1395,764
124,930,553,1079,697
124,901,499,950,539
124,1055,547,1098,586
124,171,312,310,366
124,19,308,115,370
124,1107,557,1147,597
124,1178,579,1235,623
124,1265,684,1395,764
124,1370,730,1486,793
125,947,553,1085,694
125,898,501,948,540
125,1106,557,1143,595
125,19,308,115,370
125,171,312,309,366
125,1055,547,1096,582
125,1178,579,1235,623
125,1370,730,1488,794
125,1264,686,1395,768
126,962,556,1091,688
126,894,500,946,543
126,19,308,115,370
126,172,312,309,366
126,1108,556,1143,591
126,1178,579,1235,623
126,1055,544,1097,584
126,1370,730,1488,794
126,1264,686,1395,768
127,971,556,1098,684
127,889,502,940,544
127,19,308,115,370
127,1108,555,1142,588
127,171,312,309,366
127,1178,579,1235,623
127,1369,729,1488,794
127,1264,686,1395,768
128,882,504,938,545
128,1106,553,1141,589
128,983,557,1104,679
128,177,313,307,365
128,19,308,113,370
128,1178,579,1236,623
128,20,309,181,381
128,1371,729,1487,793
129,1106,552,1141,587
129,991,559,1102,674
129,881,502,934,545
129,177,313,307,365
129,19,308,113,370
129,1178,579,1235,622
129,20,309,181,381
129,998,480,1022,501
129,1051,541,1097,581
129,1371,729,1487,793
130,999,559,1110,670
130,1106,552,1141,586
130,178,313,307,365
130,19,308,113,370
130,876,503,934,549
130,1178,579,1236,623
130,20,309,181,380
130,995,480,1021,501
131,1010,559,1112,667
131,1105,550,1141,585
131,20,308,113,370
131,178,313,307,365
131,1178,579,1236,623
131,868,506,925,550
131,869,498,950,552
131,994,481,1021,502
131,20,309,181,380
132,1016,560,1111,664
132,860,510,924,555
132,1105,548,1140,583
132,19,308,112,371
132,177,313,306,365
132,1178,579,1241,628
132,991,482,1021,503
132,1371,729,1487,794
132,1264,684,1394,765
132,20,308,181,380
133,1022,557,1117,660
133,852,508,914,555
133,20,308,112,371
133,177,313,306,366
133,1106,547,1140,581
133,1178,579,1241,629
133,991,484,1021,504
133,1371,729,1487,794
133,1264,684,1395,765
133,20,306,181,380
134,849,509,911,557
134,1026,560,1117,658
134,19,308,112,371
134,177,313,306,366
134,1178,579,1241,629
134,1105,546,1141,579
134,1371,729,1488,794
134,1265,684,1394,765
134,991,485,1020,505
134,20,303,182,380
135,839,511,905,558
135,1029,559,1119,655
135,19,308,112,371
135,178,313,306,366
135,1178,578,1241,629
135,1371,729,1488,794
135,1265,684,1394,765
135,20,301,181,380
135,1071,479,1121,519
136,831,510,899,558
136,1032,555,1120,651
136,19,308,112,371
136,179,313,306,365
136,1178,578,1238,625
136,1371,729,1488,794
136,990,484,1019,507
136,1264,685,1394,768
136,1030,487,1058,516
136,20,298,181,380
137,1037,557,1121,648
137,820,509,895,560
137,19,308,112,371
137,1178,578,1238,625
137,180,313,306,365
137,1371,729,1488,794
137,989,484,1018,509
137,1029,486,1058,517
137,1264,685,1394,768
137,1028,478,1066,516
137,20,299,181,380
138,1040,554,1121,643
138,812,505,889,562
138,19,308,115,372
138,1177,578,1241,629
138,176,312,307,365
138,990,484,1017,507
138,1372,729,1487,795
138,20,276,182,382
138,1030,489,1056,517
139,799,507,880,565
139,1045,553,1121,639
139,19,308,115,371
139,1177,578,1239,625
139,179,312,305,365
139,989,485,1017,506
139,1372,729,1486,794
139,1265,684,1395,765
140,784,507,874,566
140,1046,552,1122,635
140,19,308,116,371
140,987,484,1018,507
140,1177,578,1241,629
140,178,313,306,365
140,1372,730,1487,795
141,1047,551,1122,633
141,772,506,864,567
141,19,309,115,371
141,986,484,1018,508
141,1176,578,1238,625
141,180,313,307,365
141,1371,729,1487,795
142,757,504,852,567
142,1048,551,1121,628
142,19,309,115,371
142,1176,578,1238,625
142,986,484,1017,511
142,179,313,307,365
142,1371,729,1487,795
143,740,504,841,568
143,1050,551,1122,627
143,19,309,115,371
143,1176,578,1238,625
143,178,313,307,365
143,986,484,1016,513
143,1371,729,1487,795
144,721,503,830,567
144,1052,547,1121,625
144,1177,578,1238,624
144,19,309,114,371
144,986,482,1017,512
145,701,500,814,568
145,1054,548,1122,617
145,1176,578,1238,625
145,19,308,114,371
145,17,308,179,384
146,678,496,800,568
146,1056,547,1125,615
146,1176,578,1238,625
146,19,308,114,371
146,18,308,180,384
146,984,485,1015,513
147,653,491,783,567
147,1054,547,1125,613
147,1176,578,1238,625
147,19,308,114,371
147,984,485,1015,512
147,18,308,180,384
148,624,488,762,564
148,1054,541,1124,610
148,1177,578,1242,628
148,20,309,112,371
148,176,310,301,363
148,984,481,1016,512
148,18,309,181,383
149,593,483,743,564
149,1054,542,1121,607
149,1177,579,1242,628
149,20,309,112,371
149,177,310,301,363
149,18,309,181,383
149,1371,731,1487,794
150,558,478,719,562
150,1056,539,1123,605
150,1177,579,1242,629
150,20,309,112,370
150,183,310,301,362
150,18,309,181,383
150,1371,731,1487,794
151,520,472,692,560
151,1057,537,1126,604
151,1177,579,1242,628
151,20,309,112,370
151,181,310,301,363
151,1026,493,1056,523
151,1371,730,1487,794
152,479,465,663,558
152,1057,535,1124,600
152,1176,579,1241,628
152,20,309,112,370
152,181,310,301,363
152,1024,494,1056,525
153,429,456,628,553
153,1058,536,1122,598
153,1176,579,1241,628
153,20,309,112,371
153,209,312,301,363
153,172,310,301,360
153,1371,730,1487,794
153,22,311,179,385
154,377,448,596,552
154,1058,535,1123,595
154,1176,579,1241,628
154,20,309,112,371
154,208,312,301,363
154,171,309,301,360
154,21,311,179,386
154,1371,730,1487,795
155,319,440,554,548
155,1057,533,1120,595
155,1176,579,1241,628
155,20,309,112,371
155,211,312,300,363
155,173,309,301,360
155,22,312,178,385
155,1370,730,1487,794
155,1022,498,1056,528
156,252,432,505,542
156,1058,531,1118,593
156,1176,579,1242,629
156,194,310,304,364
156,20,310,114,371
156,1020,498,1054,529
156,21,313,178,385
156,973,488,1006,515
157,178,419,455,538
157,1060,530,1117,591
157,1176,579,1242,629
157,191,310,304,363
157,20,310,113,371
157,21,313,178,385
157,972,489,1004,516
157,1020,499,1052,529
158,95,404,398,532
158,1059,530,1119,588
158,20,310,117,371
158,189,312,305,364
158,1176,579,1241,629
158,971,489,1003,515
158,1021,503,1048,528
159,5,387,334,523
159,1060,531,1118,587
159,187,312,305,364
159,1176,579,1241,629
159,19,310,118,373
159,971,491,1001,516
159,1020,504,1048,530
160,0,374,261,518
160,19,310,118,373
160,1176,579,1241,630
160,198,314,304,363
160,1060,530,1121,587
160,970,490,1001,516
160,1018,505,1046,531
161,0,360,180,508
161,19,310,118,375
161,1176,579,1241,629
161,1061,530,1121,585
161,182,313,304,364
161,968,492,1000,516
162,0,904,191,1199
162,0,368,84,498
162,19,310,116,372
162,1176,579,1241,629
162,179,313,304,364
162,1061,528,1118,581
162,964,490,998,516
162,19,312,179,385
162,1016,509,1043,534
162,1366,728,1488,796
163,0,784,396,1198
163,1177,579,1242,629
163,190,313,304,364
163,19,309,115,371
163,965,490,996,516
163,1060,532,1110,578
163,1015,509,1043,536
164,0,750,549,1198
164,1176,579,1242,630
164,198,314,304,364
164,20,309,115,371
164,963,490,995,517
164,1060,529,1111,577
164,1013,508,1043,537
165,0,743,663,1198
165,1176,579,1242,630
165,185,313,304,364
165,19,309,116,371
165,1061,528,1112,575
165,963,490,995,517
165,1011,510,1043,539
166,31,735,753,1189
166,1176,578,1241,628
166,186,314,306,365
166,19,309,115,371
166,1010,510,1041,539
166,961,491,995,518
166,1063,525,1120,572
167,233,728,819,1121
167,1176,579,1242,630
167,195,313,307,365
167,19,309,115,371
167,1009,511,1039,540
167,960,493,994,519
167,1062,526,1118,570
167,1368,729,1488,795
168,1175,579,1241,629
168,383,717,880,1060
168,217,315,305,365
168,959,493,992,518
168,19,309,112,371
168,1008,511,1039,539
168,1062,528,1114,569
168,1370,729,1486,795
169,504,711,929,1014
169,1175,579,1242,629
169,217,315,305,365
169,1006,512,1038,540
169,19,309,113,371
169,1062,526,1111,568
169,958,494,989,519
169,1370,729,1486,795
169,20,309,180,380
170,605,706,975,984
170,1175,579,1241,629
170,1005,512,1038,542
170,218,315,305,365
170,955,494,988,520
170,19,309,113,371
170,1062,525,1113,567
170,1370,729,1486,795
170,18,308,181,384
171,682,702,1009,952
171,1004,513,1038,543
171,954,493,986,520
171,1175,579,1241,629
171,217,315,305,365
171,19,309,113,371
171,1060,524,1109,566
171,1370,729,1486,795
171,1061,520,1119,562
172,748,695,1040,924
172,950,494,985,521
172,1003,513,1036,543
172,1175,579,1242,628
172,217,315,305,365
172,1059,524,1107,565
172,19,309,113,371
172,1370,729,1486,795
172,18,308,181,384
173,802,693,1067,900
173,1001,515,1037,546
173,948,495,983,522
173,215,315,305,365
173,1176,579,1241,628
173,19,309,113,371
173,1060,518,1106,564
173,1370,729,1486,795
174,847,686,1089,882
174,945,496,982,523
174,998,515,1035,547
174,215,315,305,365
174,1176,579,1242,628
174,1060,515,1108,561
174,19,309,113,371
174,1370,729,1486,795
174,20,310,180,381
175,884,685,1105,857
175,943,495,981,524
175,995,515,1037,549
175,215,315,305,365
175,1176,578,1242,628
175,19,309,113,371
175,1059,515,1107,560
175,1370,729,1486,795
175,20,310,180,381
176,917,681,1123,846
176,941,495,980,525
176,992,518,1035,550
176,215,315,305,365
176,1176,579,1241,628
176,19,308,113,371
176,1061,517,1107,559
176,1371,730,1486,795
176,20,309,180,380
177,947,679,1135,834
177,992,518,1035,553
177,940,496,979,527
177,215,315,305,365
177,1177,578,1240,627
177,19,309,113,371
177,1061,517,1106,559
177,1370,729,1486,795
177,20,309,180,380
178,969,671,1148,821
178,990,518,1033,554
178,1176,578,1241,627
178,936,498,976,527
178,213,314,306,365
178,1061,517,1105,558
178,20,308,113,372
178,1062,513,1119,557
178,1370,729,1485,792
178,183,311,309,361
179,987,670,1159,810
179,989,517,1031,555
179,1175,578,1241,627
179,934,496,974,527
179,214,314,306,365
179,1060,516,1105,557
179,20,308,113,372
179,1062,512,1118,556
180,1012,666,1163,797
180,986,518,1028,556
180,1175,577,1242,628
180,932,495,972,528
180,1057,514,1110,556
180,180,312,308,364
180,19,309,114,371
180,1369,730,1485,793
181,1027,658,1171,786
181,985,519,1026,559
181,930,495,969,528
181,1175,577,1242,628
181,180,312,308,364
181,1057,512,1111,556
181,19,309,114,371
181,1370,730,1485,794
182,1040,654,1176,778
182,980,520,1025,560
182,1175,577,1242,628
182,926,497,967,530
182,187,313,308,364
182,19,309,114,371
182,1059,510,1106,552
182,1370,730,1485,794
183,979,522,1026,561
183,1052,652,1180,768
183,924,496,966,533
183,1175,577,1241,628
183,186,313,308,364
183,19,309,114,372
183,1058,515,1111,555
183,1371,730,1485,793
184,1065,650,1188,760
184,976,522,1024,564
184,920,495,964,532
184,1175,577,1241,628
184,185,313,308,364
184,19,309,114,372
184,1059,511,1113,551
184,1370,730,1485,793
185,1072,649,1189,751
185,918,495,961,532
185,972,524,1021,564
185,1175,576,1241,628
185,196,313,305,364
185,19,309,114,371
185,1368,730,1485,794
185,1059,511,1103,551
186,1080,646,1191,745
186,914,497,960,533
186,970,524,1020,567
186,1175,576,1241,627
186,199,313,305,364
186,19,309,114,371
186,1059,506,1099,547
186,1369,730,1485,793
187,1091,643,1188,739
187,913,497,960,534
187,967,525,1018,569
187,1175,577,1241,627
187,199,313,305,364
187,19,309,114,371
187,1059,506,1098,547
187,1369,730,1485,794
188,1095,642,1193,735
188,910,496,958,536
188,964,529,1016,575
188,1175,577,1239,628
188,20,309,114,371
188,189,312,306,364
188,1371,730,1487,794
189,1102,640,1197,729
189,960,530,1014,577
189,908,494,960,538
189,1175,577,1239,627
189,20,309,114,371
189,188,312,306,364
189,1371,730,1487,794
190,957,533,1009,578
190,906,494,963,539
190,1107,636,1196,723
190,20,309,114,371
190,180,312,306,365
190,1175,577,1238,626
190,1371,730,1487,794
191,952,534,1007,580
191,1111,635,1197,715
191,902,496,964,540
191,901,498,950,538
191,20,309,114,371
191,1175,577,1238,627
191,178,312,307,365
191,1372,731,1487,794
192,949,535,1006,583
192,1113,632,1200,714
192,899,500,943,538
192,170,311,309,365
192,20,308,113,371
192,1175,577,1238,627
192,899,495,967,541
192,1367,729,1487,794
192,1063,503,1097,544
193,942,537,1001,585
193,894,501,941,539
193,1117,629,1199,707
193,171,311,308,365
193,1175,577,1238,627
193,20,308,113,371
193,1061,502,1096,543
193,1009,475,1049,501
193,1367,729,1487,794
194,937,538,1001,585
194,1119,628,1198,702
194,891,502,939,539
194,171,311,308,365
194,20,308,113,371
194,1175,577,1238,628
194,1008,475,1049,501
194,1061,500,1095,543
194,1368,730,1487,794
195,930,537,996,591
195,1120,624,1199,696
195,888,503,937,540
195,171,311,308,365
195,20,308,113,371
195,1175,577,1238,625
195,1007,475,1050,503
195,1368,729,1487,794
196,1121,623,1201,693
196,922,539,991,596
196,883,503,935,542
196,171,311,308,365
196,20,308,112,371
196,1175,577,1238,626
196,1008,475,1051,503
196,1368,730,1488,794
196,1021,480,1055,507
197,913,540,987,599
197,1124,619,1198,688
197,879,505,934,543
197,170,311,309,365
197,1175,578,1241,629
197,20,308,112,371
197,1369,730,1487,794
198,907,541,980,602
198,1127,617,1197,686
198,875,505,929,543
198,1175,577,1240,627
198,183,314,307,365
198,20,308,111,370
198,21,310,178,385
198,1372,730,1488,795
198,1004,474,1049,503
198,1061,494,1097,540
198,1021,478,1057,506
199,896,542,977,606
199,1126,614,1196,678
199,872,506,927,546
199,1175,577,1240,627
199,183,314,307,365
199,20,308,111,370
199,21,310,179,385
199,1372,730,1488,795
199,1005,474,1048,503
199,1060,496,1097,540
200,882,541,968,608
200,1127,611,1196,677
200,866,507,924,548
200,1176,577,1242,629
200,182,314,307,365
200,20,308,111,370
200,21,310,178,385
200,1060,495,1097,539
200,1373,730,1488,795
200,874,513,922,546
200,1004,473,1044,502
201,870,542,959,609
201,1126,608,1195,672
201,862,508,919,550
201,1176,578,1242,629
201,182,314,307,365
201,20,308,111,370
201,21,310,179,386
201,1004,474,1043,502
201,1060,495,1096,539
201,1373,730,1488,795
202,856,542,952,612
202,1129,608,1189,667
202,1175,578,1242,629
202,857,506,915,548
202,185,314,307,365
202,20,309,112,370
202,1004,474,1044,502
202,21,310,179,386
202,1372,730,1488,795
202,1060,492,1094,539
203,841,544,942,616
203,1127,604,1187,665
203,1175,578,1242,629
203,182,314,308,365
203,20,309,112,370
203,850,507,914,551
203,21,310,179,386
203,1372,730,1488,795
203,1004,474,1043,502
204,1126,603,1185,660
204,820,529,929,618
204,1176,579,1242,629
204,207,314,306,365
204,20,308,112,371
204,1373,730,1487,795
204,171,312,307,362
204,1002,474,1044,503
204,21,310,179,386
205,1126,600,1184,656
205,1177,579,1242,629
205,799,537,916,620
205,203,313,306,365
205,20,308,112,371
205,1373,730,1487,795
205,999,474,1045,504
205,21,310,179,386
206,774,535,902,621
206,1125,598,1184,653
206,1176,579,1242,629
206,201,313,306,365
206,20,308,112,371
206,999,475,1043,505
206,1373,731,1487,795
206,21,310,179,386
207,747,534,886,625
207,1126,595,1184,648
207,828,506,898,559
207,1175,578,1242,629
207,200,313,306,365
207,999,475,1047,506
207,20,308,112,371
207,1373,730,1487,795
207,998,475,1038,501
207,21,310,179,386
208,714,534,866,628
208,174,311,310,365
208,821,506,888,560
208,1175,578,1241,628
208,1124,593,1182,646
208,997,474,1045,506
208,19,308,113,371
208,1371,730,1488,795
208,20,309,180,382
209,679,531,842,628
209,810,505,884,561
209,174,311,310,365
209,1176,578,1241,628
209,1122,591,1183,643
209,19,308,113,371
209,996,474,1043,506
209,1371,729,1488,795
209,20,309,180,382
210,639,528,816,630
210,801,509,881,562
210,175,311,310,365
210,1176,578,1241,628
210,996,475,1044,506
210,1122,589,1180,639
210,19,308,113,371
210,1371,729,1488,795
210,20,309,180,381
211,588,523,790,630
211,792,509,875,564
211,175,311,310,365
211,1174,578,1241,628
211,19,308,113,370
211,1371,729,1488,795
211,998,475,1044,507
211,20,309,179,386
211,996,475,1034,501
211,1121,588,1175,635
212,540,518,755,632
212,780,507,868,566
212,174,311,309,365
212,1173,579,1241,628
212,1122,585,1171,631
212,19,308,113,371
212,1371,729,1487,795
212,21,309,179,386
212,994,476,1029,500
213,479,510,718,633
213,770,507,861,566
213,173,311,309,365
213,1173,578,1241,629
213,19,308,113,371
213,994,476,1029,501
213,1121,583,1169,628
213,1371,729,1487,795
213,21,309,179,386
214,404,500,674,633
214,758,506,852,567
214,172,311,309,365
214,1173,578,1241,629
214,20,308,113,370
214,1121,580,1168,625
214,1371,729,1487,795
214,993,476,1032,502
214,21,309,179,386
215,323,490,627,633
215,744,504,843,568
215,173,311,309,365
215,1175,578,1241,629
215,1121,578,1168,624
215,20,308,113,370
215,992,474,1037,502
215,1371,729,1487,795
215,21,310,179,386
216,226,480,570,630
216,730,503,834,568
216,1177,578,1241,629
216,178,311,309,365
216,1120,578,1163,619
216,993,473,1037,504
216,19,307,113,371
216,20,310,180,381
217,109,467,497,630
217,714,503,827,567
217,1176,578,1241,630
217,177,311,310,365
217,1118,576,1162,617
217,19,307,113,371
217,992,473,1038,505
217,20,310,180,381
218,0,449,418,628
218,699,501,813,568
218,1177,579,1241,629
218,19,308,115,372
218,180,312,314,365
218,991,474,1034,505
218,1121,575,1160,615
218,20,310,181,380
219,0,427,323,628
219,681,498,802,568
219,1176,579,1241,630
219,19,308,115,372
219,179,312,314,365
219,989,473,1033,507
219,1117,573,1161,614
220,660,495,790,567
220,0,420,212,622
220,1177,579,1241,630
220,19,308,115,372
220,179,312,314,366
220,1115,570,1161,613
220,989,475,1031,507
220,19,310,181,380
221,640,493,776,567
221,0,445,78,602
221,1176,579,1241,630
221,182,312,313,366
221,19,308,114,371
221,988,475,1034,507
222,616,489,759,565
222,1177,579,1241,629
222,192,313,313,366
222,19,308,115,371
222,1112,566,1157,607
222,988,474,1035,508
223,589,486,746,566
223,1176,579,1241,630
223,195,313,313,366
223,19,308,115,371
223,1112,565,1156,605
223,988,475,1035,508
224,560,482,728,564
224,1177,579,1241,630
224,182,313,313,366
224,19,308,115,371
224,986,474,1036,507
224,1112,562,1154,604
225,529,475,705,562
225,183,312,312,366
225,1176,579,1241,630
225,19,308,114,371
225,985,474,1034,508
225,1364,728,1475,791
226,498,471,684,562
226,181,312,312,366
226,1176,579,1241,630
226,19,308,114,371
226,985,474,1033,508
226,1364,728,1475,791
227,464,465,658,557
227,1176,579,1241,630
227,181,312,312,366
227,19,308,114,371
227,984,475,1033,509
227,1363,728,1476,791
228,424,459,635,555
228,1178,579,1242,629
228,19,308,114,370
228,184,311,307,364
228,984,476,1037,513
228,1373,731,1487,791
228,1264,684,1395,766
229,382,453,604,556
229,1178,579,1242,629
229,19,308,114,370
229,184,311,307,364
229,984,476,1038,513
229,1110,555,1145,593
229,1373,731,1487,791
229,1264,684,1395,766
230,334,448,575,554
230,1178,579,1242,629
230,19,308,114,370
230,185,311,306,364
230,982,478,1038,515
230,1108,554,1144,590
230,1373,731,1487,792
231,283,440,540,549
231,1178,579,1242,629
231,19,308,114,370
231,187,310,307,364
231,1108,553,1143,589
231,982,478,1036,514
231,1373,731,1487,792
232,225,431,501,546
232,1178,579,1242,629
232,19,308,114,370
232,1108,553,1143,587
232,192,311,307,364
232,980,479,1038,516
232,1372,729,1488,795
233,164,421,461,541
233,1178,579,1242,629
233,1106,551,1143,585
233,186,310,307,364
233,19,308,114,370
233,979,478,1039,519
233,1372,729,1488,795
234,94,411,414,536
234,1178,579,1242,629
234,184,310,308,364
234,19,308,115,370
234,1107,548,1143,584
234,977,481,1037,515
234,975,478,1041,523
234,1372,729,1488,795
235,15,399,365,529
235,1178,579,1242,629
235,19,308,116,371
235,189,311,308,364
235,1106,548,1142,583
235,977,480,1038,516
235,1372,729,1488,795
235,977,475,1041,525
235,1010,492,1042,525
236,0,385,311,521
236,1177,579,1242,629
236,187,310,308,364
236,19,308,116,373
236,976,482,1036,516
236,1105,547,1140,580
236,1372,729,1488,795
236,1013,494,1041,526
237,0,370,252,520
237,1177,579,1242,629
237,19,308,117,373
237,198,312,307,364
237,1105,546,1140,578
237,974,481,1036,515
237,1372,729,1488,795
237,973,479,1040,525
238,0,362,183,508
238,1177,578,1241,627
238,18,309,117,374
238,189,315,310,365
238,1105,545,1139,577
238,973,483,1032,514
238,972,481,1041,526
238,1369,730,1486,794
239,0,368,109,501
239,1177,578,1241,627
239,176,314,310,365
239,18,309,115,372
239,1106,544,1138,577
239,971,482,1041,527
239,971,484,1036,515
239,1370,730,1486,794
239,1008,493,1041,528
240,1177,579,1242,629
240,178,312,311,365
240,19,309,113,371
240,0,399,23,479
240,1371,729,1487,795
240,1106,543,1137,576
240,969,483,1033,514
240,20,311,179,385
240,968,481,1040,527
240,1342,726,1462,783
241,1177,579,1242,629
241,182,312,311,365
241,19,309,112,370
241,1371,729,1487,795
241,965,481,1041,528
241,967,483,1035,516
241,1342,726,1462,783
242,1177,579,1242,629
242,182,312,311,365
242,964,480,1041,528
242,19,309,112,370
242,967,483,1037,518
242,1371,729,1487,795
242,1342,726,1462,783
243,1176,579,1242,629
243,182,312,311,365
243,19,309,112,370
243,1371,729,1487,795
243,963,481,1039,521
243,1342,726,1462,783
244,1176,579,1242,629
244,180,312,311,365
244,962,483,1039,523
244,19,309,112,370
244,1372,729,1487,795
244,962,486,1023,517
244,1008,496,1040,533
244,1342,726,1462,783
245,1176,579,1242,629
245,181,312,311,365
245,19,309,112,370
245,1372,729,1487,795
245,962,483,1033,517
245,1008,505,1039,536
245,1007,493,1039,534
245,1342,726,1462,783
246,1176,579,1242,629
246,181,312,311,365
246,1007,498,1039,535
246,19,309,112,370
246,960,487,1008,516
246,961,483,1028,517
246,1372,729,1487,795
246,1342,726,1462,783
247,1176,579,1242,629
247,181,312,311,365
247,1007,497,1039,536
247,1008,508,1038,537
247,961,482,1027,518
247,959,486,1003,516
247,19,309,112,370
247,1372,729,1487,795
247,1342,726,1462,783
248,1176,579,1242,629
248,184,313,311,365
248,1007,508,1039,539
248,19,309,112,370
248,1372,729,1487,795
248,959,484,1012,517
248,1342,726,1462,783
249,1006,507,1039,539
249,1176,579,1242,629
249,184,313,311,365
249,955,487,1008,518
249,19,309,112,370
249,1372,729,1487,795
249,1342,726,1462,783
250,1176,579,1242,629
250,1005,507,1039,540
250,954,487,1010,518
250,19,309,113,371
250,1372,729,1486,794
250,176,313,311,365
250,214,314,308,365
250,1342,726,1462,783
251,1176,579,1242,629
251,19,309,113,371
251,953,484,1001,520
251,1004,509,1038,540
251,176,313,311,365
251,1372,729,1486,794
251,214,314,308,365
252,1176,579,1242,628
252,1003,509,1038,541
252,19,309,112,371
252,953,487,1000,519
252,952,483,1016,521
252,203,313,306,364
252,1371,729,1484,794
252,1342,725,1462,782
253,1003,510,1038,543
253,1176,579,1242,628
253,951,487,994,519
253,19,309,112,371
253,203,313,306,364
253,1371,729,1484,794
253,1000,494,1037,539
253,1342,725,1462,782
254,1003,512,1038,544
254,1176,579,1241,628
254,948,484,1008,521
254,19,309,112,371
254,951,487,998,520
254,202,313,305,364
254,1372,729,1484,794
254,1341,725,1462,782
255,1002,512,1036,545
255,1176,579,1241,628
255,948,489,992,521
255,951,488,1011,522
255,19,309,112,371
255,202,313,305,364
255,1372,729,1484,794
255,1342,725,1462,782
256,1001,514,1037,545
256,1176,579,1241,628
256,945,489,1002,522
256,19,309,112,371
256,202,313,305,364
256,1372,729,1484,794
256,1341,725,1462,782
257,1001,514,1037,546
257,1176,579,1241,628
257,943,492,983,523
257,19,309,112,371
257,202,313,305,364
257,940,489,992,521
257,1371,729,1484,794
257,1341,725,1462,782
258,999,514,1036,547
258,1175,579,1241,628
258,19,310,111,369
258,941,492,980,524
258,211,315,304,364
258,938,489,992,522
258,1368,727,1470,785
259,997,514,1036,549
259,1175,579,1241,628
259,940,491,983,524
259,19,310,111,369
259,938,488,1002,522
259,211,315,304,364
259,1376,732,1483,790
260,996,516,1035,550
260,1177,578,1240,626
260,19,310,111,369
260,937,490,984,526
260,177,313,303,364
260,936,489,1003,524
260,213,314,303,364
260,1368,727,1469,785
261,994,517,1036,553
261,1175,579,1241,628
261,19,310,111,369
261,935,490,983,527
261,177,313,303,364
261,212,314,303,364
261,934,489,1001,523
261,1367,727,1469,785
262,993,517,1035,554
262,1175,579,1241,628
262,19,310,111,369
262,932,490,989,528
262,177,313,303,364
262,212,314,303,364
262,1364,729,1485,793
263,992,518,1033,556
263,1175,579,1241,628
263,19,310,111,369
263,177,313,303,364
263,931,489,993,528
263,931,491,975,527
263,212,314,303,364
263,1367,727,1470,786
264,990,519,1031,557
264,929,491,972,527
264,19,309,113,369
264,1175,579,1242,628
264,928,493,991,529
264,935,491,1004,524
264,173,311,303,364
264,969,491,1004,520
264,215,314,304,364
264,1360,726,1470,785
265,990,520,1030,559
265,926,492,970,529
265,19,309,113,369
265,1175,579,1242,628
265,925,493,993,530
265,930,491,1002,525
265,173,311,303,364
265,215,314,304,364
265,969,491,1002,521
265,1360,726,1470,785
266,989,520,1029,560
266,19,309,113,369
266,1175,579,1242,628
266,923,492,969,531
266,927,492,1003,525
266,193,314,303,364
266,968,491,1002,521
266,922,490,997,532
266,1360,726,1470,785
267,987,520,1028,560
267,920,493,966,533
267,19,309,112,369
267,1175,579,1242,628
267,945,493,1003,520
267,194,314,303,364
267,965,490,1001,519
267,1360,726,1470,785
268,918,493,966,534
268,19,309,113,369
268,984,523,1027,560
268,1175,579,1242,628
268,936,492,1002,522
268,193,314,303,364
268,966,489,1001,518
268,1359,726,1470,785
268,919,490,1001,533
269,915,493,964,536
269,984,523,1026,563
269,19,309,113,369
269,1175,579,1242,628
269,940,492,1004,520
269,173,311,303,364
269,966,489,1000,518
269,1359,726,1470,785
269,216,314,304,365
270,914,493,963,537
270,19,309,113,369
270,981,524,1027,565
270,1175,579,1242,628
270,933,492,1000,521
270,172,311,303,364
270,1360,726,1469,785
270,962,490,997,517
270,210,313,304,365
271,912,494,962,539
271,19,309,113,369
271,980,526,1026,567
271,1175,579,1242,628
271,0,796,115,1191
271,931,491,1001,521
271,172,311,303,364
271,1360,726,1469,785
271,916,491,999,534
271,211,313,304,364
272,0,718,369,1136
272,909,494,961,539
272,978,528,1025,568
272,1175,580,1241,629
272,19,309,113,370
272,174,311,305,364
272,964,490,996,517
273,907,496,959,540
273,974,529,1024,572
273,0,642,548,1133
273,1175,579,1241,628
273,19,309,112,369
273,174,311,304,364
273,20,312,178,385
273,962,490,995,517
273,1371,729,1473,790
274,903,496,959,541
274,973,531,1023,573
274,1175,579,1241,629
274,19,309,112,369
274,174,311,304,364
274,20,311,178,385
274,1370,729,1473,790
275,972,531,1022,575
275,900,497,959,540
275,1175,579,1241,628
275,19,309,112,369
275,178,312,304,364
275,961,494,997,516
275,20,311,178,385
275,1371,729,1476,790
276,969,533,1022,579
276,897,495,955,541
276,177,310,302,364
276,1176,579,1241,629
276,21,310,178,385
276,19,309,111,369
276,959,494,996,517
276,1372,730,1467,789
277,966,533,1019,580
277,893,496,951,543
277,178,310,302,364
277,1176,579,1241,629
277,21,310,178,385
277,19,309,111,369
277,957,494,994,519
277,344,653,912,986
277,1371,729,1467,789
278,964,534,1018,583
278,889,499,945,545
278,178,310,302,364
278,1176,579,1241,629
278,485,655,959,949
278,21,310,178,385
278,19,309,111,369
278,957,496,991,522
278,1371,729,1467,789
279,960,535,1017,586
279,886,500,943,546
279,178,310,302,364
279,1176,579,1241,629
279,21,310,178,385
279,19,309,111,369
279,957,496,991,521
279,1371,729,1467,789
280,956,538,1016,584
280,881,498,941,548
280,179,311,302,364
280,1176,579,1241,628
280,21,311,178,385
280,19,309,111,369
280,684,655,1037,893
280,955,498,989,524
280,1371,729,1468,789
281,756,651,1066,867
281,954,537,1016,588
281,879,497,939,551
281,177,311,303,364
281,1176,580,1241,628
281,21,311,178,385
281,19,309,111,369
281,952,499,985,525
281,1371,729,1468,789
282,811,647,1090,848
282,949,542,1009,591
282,873,498,937,552
282,1176,578,1240,626
282,178,312,304,364
282,19,309,110,369
282,950,499,983,524
282,21,313,178,386
282,1365,729,1470,790
282,1341,725,1463,785
283,866,499,932,554
283,945,542,1008,593
283,1176,578,1240,626
283,960,648,1114,738
283,201,313,304,365
283,860,659,1106,830
283,19,309,110,369
283,21,313,178,386
283,948,500,982,525
283,177,310,307,360
283,1366,729,1470,789
283,1341,725,1463,785
284,940,545,1004,598
284,861,499,930,555
284,902,645,1124,812
284,1176,578,1240,626
284,179,312,304,364
284,947,499,982,527
284,19,309,110,369
284,21,313,178,386
284,984,646,1122,730
284,1368,730,1470,790
284,1341,725,1464,785
284,986,479,1014,507
285,936,640,1134,802
285,854,501,923,559
285,932,547,1002,601
285,947,498,982,527
285,1176,578,1239,626
285,177,312,304,364
285,19,309,111,369
285,21,313,178,386
285,1368,730,1469,790
285,1341,725,1463,785
286,928,546,996,602
286,965,638,1153,786
286,847,502,921,556
286,1176,579,1237,624
286,945,498,980,528
286,177,312,304,364
286,19,309,111,369
286,21,313,178,386
286,1369,730,1469,789
286,1341,725,1463,785
286,1264,683,1395,764
287,922,549,992,605
287,840,504,912,559
287,989,636,1158,773
287,1176,579,1237,624
287,945,499,979,529
287,177,312,304,364
287,19,309,111,369
287,21,313,178,386
287,1369,730,1470,790
287,1341,725,1463,785
287,1263,683,1395,764
288,913,550,986,607
288,832,503,910,561
288,1009,633,1158,763
288,1176,579,1236,623
288,176,311,305,364
288,939,499,977,531
288,19,310,111,370
288,1357,726,1469,786
288,1264,685,1395,770
289,903,550,982,609
289,824,501,904,562
289,1026,631,1162,752
289,934,499,976,534
289,1176,579,1237,624
289,176,311,305,364
289,19,310,111,370
290,896,551,977,613
290,1038,627,1168,744
290,816,502,900,565
290,1176,577,1239,625
290,176,311,305,364
290,933,500,974,533
290,19,310,111,370
291,804,500,895,566
291,1052,626,1174,736
291,884,552,972,614
291,1175,577,1240,626
291,176,311,305,364
291,931,499,970,535
291,19,310,111,370
291,1357,726,1468,786
292,794,499,889,568
292,872,549,965,618
292,1064,623,1181,729
292,927,503,968,537
292,1176,579,1237,624
292,19,309,111,370
292,179,312,304,365
292,1348,726,1471,786
293,782,499,879,569
293,1070,621,1183,721
293,862,549,958,618
293,922,503,967,538
293,1175,577,1239,626
293,19,309,111,370
293,179,312,304,365
293,1344,727,1487,795
293,1341,725,1465,784
294,844,547,949,622
294,768,497,874,569
294,1079,619,1182,715
294,923,506,964,540
294,1176,577,1240,626
294,179,312,305,365
294,19,309,111,370
294,1346,727,1487,795
295,829,547,939,623
295,754,497,867,568
295,1086,615,1185,708
295,921,505,962,540
295,1176,577,1240,626
295,179,312,305,365
295,19,309,111,370
295,1346,727,1487,795
296,738,493,862,569
296,812,548,929,626
296,1092,612,1183,702
296,917,506,960,540
296,1176,577,1240,625
296,179,312,304,365
296,19,309,111,370
296,1346,727,1487,795
297,787,544,917,626
297,1095,609,1183,697
297,720,493,845,569
297,911,508,959,541
297,1176,577,1240,626
297,19,309,111,370
297,179,312,304,365
297,1351,728,1487,795
298,767,542,902,629
298,1102,606,1185,690
298,701,491,833,565
298,19,309,111,370
298,179,312,304,365
298,1176,576,1240,626
298,910,507,956,544
298,1351,728,1487,795
299,740,538,887,629
299,1104,602,1186,685
299,681,484,820,568
299,910,508,955,544
299,19,309,111,370
299,1176,578,1241,628
299,180,312,304,365
299,1355,728,1487,795
300,712,536,870,628
300,1106,601,1183,677
300,658,479,801,560
300,1177,578,1241,627
300,907,506,952,545
300,20,309,111,370
300,186,312,305,365
300,1352,727,1487,795
300,21,313,178,385
301,679,535,852,630
301,1107,598,1182,674
301,635,474,789,557
301,1177,579,1241,628
301,20,309,111,370
301,903,507,951,545
301,199,312,305,365
301,21,313,178,385
301,1353,727,1487,795
302,640,533,829,631
302,1107,596,1181,669
302,606,471,770,554
302,1175,578,1241,629
302,191,313,303,365
302,900,506,946,546
302,19,309,112,370
302,1369,728,1486,794
302,963,487,996,516
302,1342,725,1467,784
303,597,530,807,631
303,1107,592,1181,665
303,1175,579,1241,629
303,578,467,749,549
303,192,313,303,365
303,895,509,942,548
303,19,309,112,370
303,1369,728,1485,794
303,963,486,994,517
303,1342,725,1467,785
304,558,526,776,631
304,1175,578,1241,630
304,543,459,727,545
304,1108,590,1182,658
304,890,512,939,549
304,192,313,303,365
304,959,486,995,518
304,19,309,112,370
304,1369,728,1485,794
304,1342,726,1467,785
305,508,455,703,541
305,504,518,742,630
305,1108,587,1180,655
305,1176,579,1241,630
305,193,313,303,365
305,885,512,938,552
305,19,309,112,370
305,958,487,995,518
305,1370,728,1485,794
305,1342,726,1467,785
306,450,507,707,630
306,1109,585,1174,648
306,1176,578,1241,630
306,193,313,303,365
306,470,451,679,537
306,881,516,932,553
306,19,309,112,369
306,958,487,995,518
306,1370,728,1485,794
306,1342,726,1466,785
307,382,500,670,628
307,1110,582,1171,644
307,425,442,653,551
307,1175,578,1241,629
307,873,518,928,555
307,195,313,302,365
307,957,490,992,517
307,19,309,112,370
307,1370,728,1485,794
307,1342,726,1467,785
308,310,493,623,626
308,384,435,618,546
308,1109,580,1168,642
308,1175,579,1241,630
308,954,491,990,519
308,869,518,926,556
308,191,313,303,365
308,19,309,112,370
308,1370,728,1485,794
308,1342,726,1467,784
309,225,477,574,624
309,325,428,581,548
309,1107,577,1167,634
309,1175,579,1241,630
309,861,517,922,558
309,953,491,989,519
309,195,313,302,365
309,19,309,112,369
309,1371,728,1485,794
309,1342,726,1466,784
310,132,476,520,625
310,1107,576,1164,633
310,261,415,543,547
310,1177,579,1241,630
310,855,519,913,557
310,202,313,302,365
310,19,309,112,369
310,952,492,987,519
310,1370,728,1485,793
310,1342,726,1466,784
311,23,445,456,621
311,848,520,910,559
311,1177,579,1241,630
311,234,406,499,546
311,1108,574,1164,627
311,200,312,302,365
311,19,309,112,370
311,1370,728,1485,793
311,950,493,985,520
311,1342,725,1466,784
312,0,435,376,618
312,840,514,904,560
312,1177,579,1240,630
312,1108,571,1162,622
312,19,309,114,372
312,138,392,451,544
312,175,311,303,365
312,1369,729,1485,794
312,949,493,983,519
312,20,311,168,378
313,0,420,291,614
313,830,515,899,560
313,1177,579,1240,630
313,1107,569,1161,621
313,54,378,394,535
313,19,309,116,374
313,947,492,983,520
313,200,313,301,363
313,1369,729,1485,794
314,0,441,194,609
314,2,363,337,527
314,1176,579,1240,630
314,823,512,895,562
314,1106,569,1160,619
314,18,310,115,370
314,944,493,983,522
314,194,313,302,365
314,1368,729,1485,794
315,0,447,82,585
315,0,363,269,519
315,811,512,886,563
315,1105,568,1159,616
315,1176,579,1240,630
315,942,493,981,523
315,207,314,303,364
315,1368,729,1485,794
315,1342,726,1466,785
316,800,511,879,565
316,1176,579,1240,630
316,940,492,980,525
316,0,324,193,511
316,1105,562,1159,615
316,192,313,303,364
316,1367,728,1485,794
316,1342,726,1465,785
317,785,511,872,566
317,1175,579,1240,631
317,0,329,105,503
317,1104,562,1158,611
317,939,494,980,526
317,183,313,303,364
317,8,310,117,380
317,1366,728,1485,794
317,1342,726,1465,785
318,774,510,866,565
318,1175,579,1240,631
318,1103,561,1156,608
318,19,309,114,371
318,203,314,302,364
318,936,494,977,526
318,1364,728,1485,794
318,1342,725,1465,785
319,761,508,852,567
319,1177,578,1241,629
319,1104,560,1154,605
319,19,309,113,371
319,202,313,303,364
319,934,497,977,527
319,1364,728,1485,794
319,1342,725,1465,784
320,743,507,841,565
320,1176,579,1240,630
320,931,495,973,527
320,1105,558,1150,602
320,19,309,114,371
320,204,314,303,364
320,182,310,306,360
320,1359,728,1485,794
320,1342,725,1465,785
321,725,506,829,567
321,1176,579,1240,630
321,929,494,974,528
321,19,309,114,371
321,1104,557,1149,601
321,204,314,303,364
321,182,310,306,360
321,1364,729,1479,791
321,1342,725,1465,785
322,707,504,816,565
322,927,495,969,530
322,1175,579,1240,630
322,1103,554,1146,598
322,181,313,305,365
322,19,309,112,370
322,1356,728,1486,794
322,1341,726,1467,785
322,18,308,180,384
323,687,502,802,566
323,922,496,967,532
323,1175,579,1241,630
323,1102,553,1145,597
323,181,313,305,365
323,19,309,112,370
323,1358,728,1486,794
323,1341,726,1467,785
323,18,308,180,384
324,667,498,789,566
324,921,496,965,532
324,1175,578,1240,630
324,208,314,307,365
324,1104,551,1143,593
324,19,309,112,370
324,1376,732,1484,792
324,178,312,308,361
324,20,311,178,385
325,643,496,771,565
325,919,496,962,533
325,1174,578,1240,630
325,209,314,307,365
325,1102,551,1143,592
325,19,309,112,370
325,179,312,308,361
325,1376,732,1484,792
325,20,311,178,385
326,619,492,753,563
326,916,495,962,534
326,1174,578,1240,630
326,211,314,307,365
326,19,309,112,370
326,1102,550,1142,592
326,1376,732,1484,792
326,179,312,308,361
326,20,311,178,385
327,591,486,736,561
327,913,495,961,535
327,209,314,307,365
327,1175,578,1240,630
327,1101,548,1141,587
327,19,309,112,370
327,1376,732,1484,793
327,179,312,308,361
327,20,311,178,385
328,559,482,713,559
328,911,491,961,537
328,1176,579,1240,629
328,211,314,307,365
328,19,309,112,370
328,1101,546,1141,586
328,1376,732,1484,793
328,179,312,308,361
328,20,311,178,385
329,527,476,689,559
329,909,492,957,537
329,1176,579,1240,629
329,213,314,307,364
329,19,309,112,370
329,1376,732,1484,793
329,179,313,308,361
329,1101,545,1140,584
329,21,312,178,385
330,491,471,665,556
330,905,492,954,539
330,1176,579,1240,629
330,213,314,307,365
330,19,309,112,370
330,1100,544,1140,581
330,1376,732,1484,793
330,179,313,308,361
330,21,312,178,385
331,0,619,157,846
331,449,466,638,553
331,901,494,955,539
331,1176,579,1240,629
331,210,314,307,365
331,19,309,111,370
331,1376,732,1484,793
331,1099,543,1140,579
331,179,313,308,361
332,405,457,605,553
332,0,556,298,826
332,899,495,952,539
332,1176,578,1240,630
332,20,309,110,369
332,184,313,307,364
332,1098,542,1139,578
332,1373,731,1486,794
332,21,312,178,385
333,0,553,411,846
333,356,452,573,549
333,894,497,944,540
333,1176,578,1240,630
333,20,309,111,369
333,182,313,307,364
333,1373,731,1486,794
333,894,493,957,543
333,21,313,178,385
334,0,564,507,828
334,304,443,535,548
334,890,498,942,541
334,1176,578,1240,629
334,20,309,111,369
334,182,312,307,364
334,1373,731,1486,794
334,1098,540,1137,573
335,132,570,589,810
335,243,434,496,546
335,887,496,941,543
335,1176,578,1240,629
335,20,309,111,369
335,194,313,307,364
335,887,493,958,545
335,1373,731,1486,794
335,21,312,178,385
335,1098,539,1137,571
336,258,581,653,794
336,175,423,449,535
336,881,494,939,547
336,1177,578,1241,630
336,20,309,111,369
336,172,311,305,365
336,1376,732,1484,791
336,1098,536,1136,568
336,1343,727,1465,783
336,21,314,178,385
337,360,585,709,784
337,103,413,397,530
337,877,496,936,546
337,20,309,111,369
337,1177,578,1241,630
337,173,311,305,365
337,1376,732,1483,791
337,1097,535,1136,568
337,1343,727,1465,783
338,449,587,757,774
338,873,497,932,547
338,16,399,345,523
338,19,310,113,370
338,1176,578,1241,629
338,174,311,305,365
338,1376,732,1484,791
338,1342,727,1465,783
339,525,590,802,763
339,0,384,285,519
339,19,309,113,372
339,867,498,931,551
339,1176,578,1241,629
339,1376,732,1484,791
339,176,312,304,365
339,1342,727,1465,783
340,0,377,213,514
340,587,594,839,756
340,861,497,924,553
340,19,309,114,371
340,1176,578,1241,630
340,1376,732,1484,791
340,176,312,303,364
340,1096,529,1133,563
340,1342,727,1465,783
341,645,598,869,747
341,0,366,136,503
341,856,499,920,554
341,19,310,113,371
341,1176,578,1241,630
341,174,311,304,365
341,1376,732,1483,791
341,1342,727,1465,783
342,691,600,898,738
342,848,498,914,556
342,1175,579,1241,629
342,19,309,112,371
342,178,313,307,366
342,0,402,46,487
342,1376,732,1484,791
343,734,599,922,733
343,844,500,910,553
343,1175,579,1241,629
343,178,313,307,365
343,19,309,111,370
343,1372,730,1489,796
343,1373,728,1469,786
344,770,601,944,726
344,836,497,907,556
344,1176,578,1241,628
344,179,313,307,365
344,19,309,111,370
344,1372,730,1489,796
344,1373,728,1470,786
345,803,602,963,719
345,828,495,900,559
345,1176,579,1241,628
345,179,313,307,366
345,19,309,111,370
345,1372,730,1489,796
345,1373,728,1470,786
346,831,602,982,713
346,819,497,895,560
346,1176,579,1241,628
346,19,309,111,370
346,180,313,307,365
346,1371,730,1474,789
347,858,602,995,708
347,812,495,890,562
347,1176,579,1241,629
347,19,309,111,370
347,181,313,307,365
347,1371,730,1474,789
348,880,602,1009,701
348,1176,578,1240,627
348,802,493,885,564
348,185,313,308,365
348,20,309,111,370
348,21,311,178,385
348,1366,728,1487,796
349,898,602,1023,699
349,790,502,878,565
349,1176,578,1240,627
349,182,313,308,365
349,20,309,111,370
349,21,311,178,385
349,1366,728,1487,796
349,1341,725,1465,782
350,916,602,1036,695
350,1176,578,1240,627
350,20,309,111,370
350,186,313,309,365
350,779,500,871,567
350,21,311,178,385
350,1367,729,1487,796
351,933,601,1045,690
351,767,499,863,568
351,1176,578,1240,627
351,20,309,111,370
351,185,313,309,365
351,21,311,178,385
351,1367,728,1487,796
351,1341,725,1465,782
352,947,600,1053,686
352,751,496,854,569
352,19,309,111,369
352,1175,578,1240,629
352,182,313,304,365
352,1372,730,1486,795
353,738,492,844,567
353,962,601,1061,682
353,19,309,111,369
353,1175,578,1240,629
353,181,313,304,365
353,1372,730,1486,795
354,972,601,1068,678
354,720,496,838,567
354,19,309,111,369
354,1175,578,1240,629
354,181,313,304,365
354,1372,730,1486,795
355,982,598,1075,675
355,703,496,823,568
355,19,309,111,369
355,1175,577,1240,629
355,181,313,304,365
355,1372,730,1487,795
356,994,598,1080,671
356,684,488,805,569
356,19,309,111,369
356,1175,578,1240,629
356,181,313,304,365
356,1372,730,1486,795
357,660,483,791,568
357,1001,598,1083,669
357,19,309,111,369
357,1175,578,1241,629
357,182,313,304,365
357,1372,730,1487,795
358,639,474,779,569
358,1007,597,1087,664
358,19,309,111,369
358,1175,578,1241,629
358,182,313,304,365
358,1372,730,1486,795
359,612,475,758,568
359,19,309,111,369
359,1016,594,1089,660
359,1175,578,1241,630
359,185,313,304,365
359,1371,730,1486,795
360,586,468,741,567
360,1021,593,1094,657
360,19,309,112,370
360,1175,577,1241,630
360,169,311,303,365
360,1341,725,1460,784
360,1370,730,1463,789
361,552,464,720,566
361,1024,591,1094,653
361,1175,577,1241,630
361,19,309,112,370
361,169,311,303,365
361,1341,725,1460,784
361,1371,730,1462,789
362,1029,589,1097,650
362,518,458,692,565
362,1175,578,1240,628
362,19,309,111,369
362,177,310,302,365
362,1014,500,1043,527
362,1340,725,1462,784
362,1365,729,1467,789
362,1352,725,1483,794
363,479,451,665,562
363,1032,587,1098,646
363,1176,578,1240,628
363,19,309,111,369
363,178,310,302,365
363,1014,501,1043,528
363,1365,729,1467,789
363,1340,725,1462,784
363,1353,725,1483,794
364,438,447,638,556
364,1037,585,1102,644
364,1176,578,1240,628
364,19,309,111,369
364,180,310,302,365
364,1365,729,1467,789
364,1340,725,1462,784
364,1353,725,1483,794
365,390,434,605,561
365,1040,583,1101,640
365,1176,578,1240,628
365,19,309,111,369
365,177,310,302,365
365,1364,728,1466,789
365,1340,725,1462,784
365,1011,504,1042,530
366,1043,582,1102,638
366,340,430,569,554
366,1176,578,1240,629
366,19,309,111,369
366,176,310,302,364
366,1364,728,1466,789
366,1340,725,1462,784
366,1010,505,1041,531
367,1044,581,1103,633
367,1175,578,1240,629
367,19,309,111,369
367,177,311,302,364
367,1364,729,1466,789
367,1010,505,1041,533
367,1340,725,1462,785
368,1046,581,1101,632
368,1175,578,1240,629
368,19,309,111,369
368,180,311,301,364
368,1009,506,1040,534
368,1366,729,1466,789
368,1340,725,1462,785
369,1048,579,1101,629
369,1175,578,1240,629
369,19,310,111,370
369,152,397,434,541
369,170,310,302,365
369,1009,507,1039,535
369,1366,729,1465,789
369,1340,725,1462,785
370,1050,575,1101,625
370,19,310,113,371
370,1175,578,1240,629
370,1008,507,1039,535
370,75,381,381,532
370,176,309,303,363
370,1367,729,1465,789
370,1340,725,1462,784
371,1051,572,1101,623
371,1175,578,1240,629
371,18,310,115,373
371,1007,507,1039,537
371,174,310,302,364
371,1366,729,1465,789
371,1340,725,1462,785
372,1052,571,1100,620
372,1176,578,1241,629
372,0,345,255,521
372,1006,508,1039,539
372,208,314,309,365
372,1371,729,1466,789
373,1052,569,1101,617
373,1176,578,1241,629
373,1005,508,1039,539
373,195,314,308,365
373,1371,729,1466,789
374,1053,569,1102,614
374,15,308,116,380
374,1176,578,1241,629
374,212,314,308,365
374,1002,510,1038,540
374,1371,729,1466,790
375,19,308,114,371
375,1051,565,1101,613
375,1176,578,1241,629
375,1001,510,1037,539
375,212,314,307,365
375,1370,729,1466,789
375,1339,725,1463,785
376,19,308,113,371
376,1176,578,1241,629
376,1055,564,1100,611
376,1000,511,1037,540
376,208,314,307,365
376,1370,729,1466,789
376,1339,725,1463,784
377,1055,562,1101,608
377,19,308,113,371
377,1176,579,1241,629
377,999,512,1036,541
377,210,314,307,365
377,995,509,1038,544
377,1370,729,1466,789
377,1339,725,1463,784
378,1055,561,1099,605
378,19,308,113,371
378,999,513,1037,541
378,1176,578,1241,629
378,210,314,307,365
378,1370,729,1466,790
378,1339,725,1463,785
379,19,308,113,371
379,1055,560,1098,602
379,998,514,1035,543
379,1176,578,1241,629
379,212,314,307,365
379,1370,729,1466,789
379,1339,725,1463,784
380,19,308,113,371
380,996,514,1035,544
380,1176,578,1241,629
380,1056,559,1098,600
380,212,314,307,365
380,1371,729,1466,789
380,1339,725,1463,784
381,19,308,113,371
381,1176,578,1241,629
381,1057,558,1098,598
381,995,515,1032,547
381,212,314,307,365
381,1371,729,1466,789
381,1339,725,1463,784
382,1175,578,1241,629
382,991,517,1030,548
382,1058,558,1099,597
382,19,308,112,370
382,191,311,307,365
382,1370,729,1475,791
383,1176,578,1241,629
383,991,517,1029,550
383,1057,556,1099,595
383,19,308,112,370
383,191,311,307,365
383,1370,729,1475,791
384,990,517,1028,551
384,0,648,53,814
384,1175,577,1241,630
384,192,311,307,365
384,19,308,111,370
384,1058,553,1099,592
384,1369,730,1471,790
384,1341,725,1463,785
385,0,547,229,827
385,989,518,1026,553
385,1175,577,1241,630
385,184,311,307,365
385,19,308,111,370
385,1057,551,1097,590
385,1370,730,1470,790
385,21,311,179,386
386,0,539,371,816
386,1175,577,1241,630
386,987,519,1026,553
386,182,311,307,365
386,19,308,111,370
386,21,310,179,386
386,1058,551,1097,589
386,1369,730,1470,790
387,0,550,483,825
387,1175,577,1241,630
387,181,311,307,365
387,1057,551,1097,587
387,985,520,1025,556
387,19,308,112,371
387,20,310,179,386
387,1370,730,1470,790
388,89,563,574,802
388,1174,577,1241,629
388,182,311,307,365
388,984,520,1022,558
388,1057,551,1097,587
388,19,308,111,370
388,21,310,179,386
388,1370,730,1470,790
389,238,568,649,788
389,1174,577,1241,630
389,181,310,308,365
389,1057,551,1097,586
389,19,308,111,370
389,21,310,179,386
389,981,522,1023,559
389,1369,730,1470,790
389,1342,726,1463,785
390,360,573,714,773
390,1174,577,1241,630
390,183,311,308,365
390,19,308,111,370
390,1057,549,1096,585
390,980,523,1022,560
390,21,310,179,386
390,1369,730,1470,790
390,1342,726,1463,785
391,456,578,768,760
391,1174,577,1241,630
391,184,311,307,365
391,977,523,1022,562
391,19,308,111,370
391,1057,548,1096,583
391,21,310,179,386
391,1369,730,1470,790
391,1342,725,1463,785
392,538,584,815,751
392,975,526,1019,565
392,1175,578,1239,626
392,19,309,112,370
392,1057,545,1095,582
392,216,314,306,365
392,1368,727,1469,786
393,607,589,854,740
393,1176,578,1241,630
393,972,526,1020,568
393,19,309,112,370
393,216,314,306,365
393,1057,545,1094,581
393,1368,727,1468,786
394,665,588,887,732
394,1176,578,1241,630
394,969,528,1019,570
394,19,309,112,370
394,215,314,305,365
394,1057,544,1092,577
394,1366,727,1469,786
395,720,592,919,725
395,967,530,1018,574
395,1176,578,1241,630
395,215,314,306,365
395,19,309,112,370
395,1057,543,1090,575
395,1365,727,1469,786
396,762,594,943,717
396,965,530,1015,577
396,1178,579,1241,629
396,19,309,113,370
396,1057,543,1089,573
396,220,316,303,364
396,1366,730,1477,789
396,1341,726,1465,783
396,20,310,179,382
397,800,596,965,711
397,961,532,1017,577
397,1177,579,1241,629
397,19,309,113,370
397,1056,541,1089,573
397,220,316,303,364
397,1366,730,1477,790
397,20,310,179,381
398,832,597,987,704
398,960,534,1014,580
398,1177,579,1241,629
398,19,309,113,370
398,220,316,303,364
398,1056,541,1089,572
398,1365,730,1477,790
399,860,597,1005,700
399,955,534,1011,582
399,1177,579,1241,629
399,19,309,113,371
399,1054,540,1089,571
399,219,316,303,364
399,1355,729,1484,793
400,886,600,1021,696
400,952,536,1008,585
400,1177,579,1241,629
400,19,309,113,371
400,219,316,303,364
400,1055,538,1088,569
400,1359,729,1484,793
401,910,599,1034,690
401,947,538,1006,587
401,1177,579,1241,629
401,19,309,113,371
401,1052,534,1087,568
401,218,316,303,364
401,1357,729,1484,793
401,1341,725,1465,783
402,929,596,1048,685
402,942,539,1002,589
402,1176,579,1241,629
402,208,314,304,365
402,19,309,113,370
402,1052,533,1087,568
402,177,313,306,362
402,1353,727,1484,793
402,1340,725,1466,785
403,946,597,1059,681
403,933,540,999,593
403,1176,578,1240,628
403,210,314,304,365
403,1049,533,1086,567
403,19,309,113,370
403,176,313,306,362
403,1353,727,1484,793
403,955,498,986,522
403,1340,725,1466,784
404,962,597,1068,678
404,929,540,992,594
404,1176,578,1240,628
404,215,315,305,365
404,19,309,113,370
404,1049,531,1085,566
404,176,313,307,362
404,1354,727,1485,793
404,952,500,984,526
404,1340,725,1466,784
405,976,596,1078,676
405,920,541,988,597
405,1176,578,1240,628
405,214,314,305,365
405,19,309,113,370
405,950,499,983,526
405,177,313,307,362
405,1047,529,1083,565
405,1356,728,1485,794
406,989,596,1084,670
406,910,542,984,600
406,1176,579,1241,630
406,215,314,305,365
406,19,309,113,370
406,948,500,982,526
406,1042,527,1081,564
406,177,313,307,361
406,1367,729,1478,790
407,901,543,977,601
407,1000,595,1089,666
407,944,499,982,528
407,1176,579,1239,625
407,213,314,305,365
407,19,309,113,370
407,1037,527,1079,561
407,177,313,307,361
407,1367,729,1480,790
408,890,543,973,603
408,1011,592,1091,660
408,940,499,980,529
408,218,314,305,365
408,19,308,114,370
408,1031,524,1077,559
408,1176,578,1237,624
408,177,313,306,361
408,20,309,179,379
409,877,545,964,605
409,1017,592,1094,657
409,938,500,978,530
409,1031,523,1075,556
409,217,314,305,365
409,19,309,113,370
409,1176,578,1237,624
409,180,313,307,361
409,20,309,179,379
410,864,543,956,607
410,1024,591,1097,656
410,934,500,977,532
410,217,314,305,365
410,1026,522,1072,555
410,19,309,113,370
410,1176,579,1237,624
410,182,313,307,361
410,20,309,179,379
410,1365,729,1478,790
411,850,543,946,609
411,1027,587,1101,651
411,217,314,305,365
411,933,497,974,534
411,1023,520,1069,553
411,19,309,113,370
411,1176,579,1237,624
411,181,313,307,361
411,20,309,179,379
411,1365,729,1479,791
412,834,542,936,610
412,1034,586,1103,646
412,929,497,970,536
412,1017,519,1066,551
412,202,313,305,365
412,1175,579,1241,629
412,19,309,111,370
412,1346,726,1471,787
413,817,542,926,610
413,1039,584,1106,642
413,926,497,969,535
413,1013,518,1064,549
413,203,313,306,365
413,1175,579,1241,628
413,19,309,111,370
413,1347,726,1471,787
414,798,540,913,612
414,1044,582,1109,638
414,923,499,967,535
414,1008,514,1061,547
414,200,313,306,365
414,1175,579,1241,629
414,19,309,111,370
414,1342,726,1471,787
415,775,537,900,613
415,921,498,964,535
415,1048,581,1109,636
415,1004,512,1056,545
415,200,313,306,365
415,1175,578,1241,629
415,19,309,111,370
415,1342,726,1470,786
416,916,498,962,536
416,752,533,883,614
416,1050,577,1108,632
416,998,509,1052,543
416,198,313,304,365
416,1175,578,1241,629
416,19,309,111,370
416,1342,726,1470,786
417,723,533,865,614
417,913,499,961,538
417,1053,574,1108,628
417,995,507,1047,541
417,198,313,305,365
417,1175,578,1241,629
417,19,309,111,370
417,1343,726,1470,787
418,696,531,843,616
418,1055,571,1108,624
418,911,502,958,538
418,989,505,1044,540
418,201,313,305,365
418,1175,578,1241,628
418,19,309,111,369
418,1343,726,1470,786
419,660,527,824,616
419,1056,570,1108,620
419,907,501,957,539
419,986,503,1039,539
419,202,313,305,365
419,1175,578,1241,629
419,19,309,111,369
419,1343,726,1470,787
420,625,520,801,616
420,1058,570,1109,617
420,904,503,954,540
420,980,501,1037,539
420,1175,579,1241,629
420,192,312,306,364
420,19,309,111,369
420,1358,727,1469,786
421,582,518,776,615
421,1060,569,1110,614
421,974,500,1031,538
421,900,504,949,540
421,1175,579,1241,629
421,194,312,306,364
421,19,309,111,369
421,1359,727,1469,786
422,537,509,742,615
422,970,498,1027,534
422,895,501,946,541
422,1061,565,1109,609
422,1176,579,1241,628
422,190,310,303,364
422,20,309,111,369
422,21,312,178,384
423,484,500,712,615
423,892,503,944,543
423,966,497,1024,531
423,1176,579,1241,629
423,1062,563,1109,607
423,189,310,303,364
423,20,309,111,369
423,21,312,178,384
423,893,499,962,542
423,1360,729,1484,793
424,424,494,675,616
424,887,504,939,544
424,963,496,1019,528
424,1062,562,1109,605
424,1176,579,1241,629
424,188,310,303,364
424,20,309,111,369
424,22,312,178,384
425,359,487,635,612
425,959,495,1016,526
425,1064,561,1108,601
425,1176,579,1241,629
425,880,506,935,546
425,187,310,303,364
425,19,310,111,369
425,21,312,178,384
425,1358,729,1484,793
426,288,477,588,611
426,957,495,1009,523
426,1064,560,1106,598
426,1176,579,1241,629
426,876,506,931,546
426,186,310,303,363
426,20,310,111,369
426,21,313,178,384
427,204,467,535,608
427,1064,557,1107,597
427,1176,579,1241,629
427,955,494,1006,521
427,20,310,111,369
427,870,508,924,550
427,185,310,303,363
427,21,313,178,384
427,1355,729,1484,793
428,108,454,477,606
428,950,490,1005,520
428,1064,556,1106,594
428,864,510,920,553
428,1176,579,1241,629
428,188,310,303,363
428,20,310,111,369
428,21,312,178,385
428,1357,729,1484,793
429,5,440,412,603
429,856,505,917,553
429,939,488,999,518
429,1176,579,1241,628
429,184,310,303,363
429,19,309,111,370
429,1065,554,1105,591
429,21,312,178,385
429,1365,727,1470,786
430,0,426,336,601
430,850,506,911,554
430,1065,552,1104,589
430,177,309,303,364
430,936,487,996,516
430,1176,579,1241,628
430,19,310,112,371
430,21,312,178,385
430,1355,728,1484,793
431,0,443,256,598
431,842,507,906,555
431,178,310,303,364
431,1066,550,1103,587
431,1176,579,1241,628
431,19,310,112,370
431,935,486,992,516
431,21,312,178,385
431,1355,728,1484,793
432,0,405,160,592
432,834,504,903,557
432,213,313,306,365
432,1175,578,1241,629
432,1066,546,1103,585
432,19,308,111,371
432,929,484,989,516
432,1368,726,1468,786
432,21,310,178,385
433,0,443,54,557
433,213,313,306,365
433,1175,578,1241,629
433,822,504,896,558
433,19,308,110,370
433,1066,545,1103,581
433,21,309,178,385
433,928,476,984,513
433,1365,726,1468,785
434,213,313,305,365
434,1175,578,1241,629
434,817,502,893,558
434,20,308,110,370
434,1065,544,1102,578
434,925,474,981,512
434,21,310,178,385
434,1365,726,1467,785
435,213,313,306,365
435,1175,578,1241,629
435,20,308,110,370
435,1065,543,1101,576
435,918,475,977,512
435,21,310,178,385
435,1365,726,1467,785
436,1175,579,1241,629
436,214,313,306,365
436,20,308,110,370
436,1065,542,1100,574
436,796,508,876,562
436,21,310,178,385
436,1362,726,1467,785
436,914,475,973,511
437,784,505,874,564
437,1175,579,1242,629
437,214,313,306,365
437,20,308,110,370
437,1064,542,1100,572
437,912,471,969,509
437,21,310,178,385
437,1363,726,1467,785
437,187,312,309,361
438,772,504,865,565
438,1175,579,1242,629
438,214,313,306,365
438,20,308,110,370
438,911,471,967,507
438,1363,726,1467,786
438,1065,541,1099,571
438,21,310,178,385
438,187,312,309,361
439,757,504,852,564
439,1175,579,1242,629
439,214,313,306,365
439,20,308,110,370
439,907,472,964,504
439,1364,726,1467,786
439,21,310,178,385
439,1066,540,1099,570
439,187,312,309,361
440,742,502,842,566
440,1175,579,1242,629
440,215,313,306,365
440,20,308,110,370
440,903,471,960,503
440,21,310,178,385
440,1364,726,1467,786
441,725,502,830,566
441,1175,579,1242,629
441,215,313,306,365
441,20,308,110,370
441,905,473,957,501
441,21,310,178,385
441,1364,726,1467,786
441,1065,538,1098,567
442,707,501,819,567
442,1176,578,1241,630
442,19,309,111,370
442,216,314,305,364
442,906,469,946,499
443,687,495,802,567
443,1176,578,1241,630
443,19,309,110,370
443,214,314,305,364
444,664,494,789,567
444,1175,578,1240,630
444,216,313,305,364
444,20,309,111,370
444,22,313,178,385
444,1351,725,1470,785
445,640,489,772,566
445,1175,578,1240,630
445,217,313,305,364
445,20,309,111,370
445,22,313,178,384
445,1351,725,1470,785
446,611,484,752,563
446,1175,578,1240,630
446,217,313,305,364
446,20,309,111,370
446,22,313,178,384
446,1350,725,1470,785
447,583,481,731,562
447,1175,578,1241,630
447,217,313,305,364
447,20,309,110,369
447,22,313,178,384
447,1350,725,1470,785
448,547,475,708,561
448,1175,578,1241,630
448,217,313,305,364
448,20,309,111,369
448,22,313,178,384
448,1350,725,1470,785
449,511,472,685,560
449,1175,578,1241,630
449,217,313,306,364
449,20,310,111,369
449,22,314,178,384
449,865,457,904,482
449,1350,725,1470,785
450,470,463,654,558
450,1175,578,1240,630
450,217,313,306,364
450,20,310,111,369
450,22,314,178,384
450,866,458,905,482
450,1350,725,1470,785
451,423,454,623,553
451,1175,578,1240,630
451,217,313,306,364
451,20,310,111,369
451,22,314,178,384
451,1350,725,1470,785
452,370,447,585,553
452,215,314,309,365
452,1175,579,1240,629
452,20,309,111,369
452,1361,729,1470,787
453,313,440,548,548
453,215,313,309,365
453,1175,579,1240,629
453,20,309,111,369
453,1361,729,1470,787
454,249,433,504,542
454,215,313,309,365
454,1175,579,1240,630
454,19,309,111,370
454,1362,729,1470,787
455,178,419,455,542
455,215,313,309,365
455,1175,579,1240,630
455,19,309,112,369
455,21,316,178,384
456,97,406,400,534
456,214,312,312,365
456,19,310,112,370
456,1176,579,1241,629
457,7,388,340,526
457,211,312,311,365
457,19,310,113,372
457,1176,579,1241,629
458,0,382,274,520
458,19,310,114,371
458,215,313,310,365
458,1176,579,1241,629
459,0,367,193,513
459,18,311,115,374
459,214,313,310,365
459,1176,579,1241,629
460,0,368,105,503
460,213,313,311,365
460,18,311,112,371
460,1176,579,1240,629
461,216,313,310,365
461,19,310,111,369
461,1176,579,1240,629
462,219,315,303,364
462,1176,579,1241,630
462,19,309,109,369
462,21,313,178,384
462,1363,729,1471,790
463,219,315,303,364
463,1176,579,1241,630
463,19,309,109,369
463,21,313,178,384
463,1363,729,1470,790
464,219,315,303,364
464,1176,579,1241,630
464,19,309,109,369
464,21,313,178,384
464,1363,729,1470,790
465,220,316,303,364
465,1175,579,1241,630
465,19,309,109,369
465,21,314,178,384
465,1363,729,1471,790
466,220,315,304,364
466,1175,579,1241,630
466,19,309,109,369
466,21,313,178,384
466,1363,729,1472,790
467,220,315,304,364
467,1175,579,1241,630
467,19,310,109,369
467,21,314,178,384
467,1364,729,1473,790
468,220,315,302,363
468,1175,579,1241,629
468,19,310,110,370
468,21,312,178,384
468,1369,730,1473,790
469,220,315,302,363
469,1175,579,1241,629
469,19,310,110,370
469,21,312,178,384
469,1369,730,1472,790
470,220,315,301,363
470,1175,579,1241,629
470,19,310,110,369
470,21,312,178,384
470,1371,730,1472,790
470,1265,683,1396,764
471,220,315,301,363
471,1175,579,1241,629
471,19,310,110,370
471,21,312,178,384
471,1371,730,1472,790
471,1266,683,1396,764
472,220,315,301,363
472,1175,579,1241,629
472,19,310,110,370
472,21,312,178,384
472,1371,730,1473,790
472,1266,683,1397,764
473,220,315,301,363
473,1175,579,1241,629
473,19,310,110,369
473,21,312,178,384
473,1371,730,1473,790
473,1266,683,1396,764
474,220,315,301,363
474,1175,579,1241,629
474,19,310,110,369
474,21,312,178,384
474,1371,730,1473,790
474,1266,683,1396,764
475,220,315,301,363
475,1175,579,1241,629
475,19,310,110,369
475,21,312,178,384
475,1371,730,1473,790
475,1265,683,1396,764
476,220,315,301,363
476,1175,579,1241,629
476,19,310,110,370
476,21,312,178,384
476,1371,730,1473,790
476,1265,683,1396,764
477,0,556,155,846
477,220,315,301,364
477,1175,579,1241,629
477,19,310,110,370
477,21,311,178,384
477,1371,730,1473,790
477,1265,683,1396,764
478,0,508,284,829
478,1175,579,1240,628
478,220,315,303,364
478,18,309,112,371
478,20,311,178,385
478,1354,726,1468,786
478,1264,683,1394,761
479,0,480,392,816
479,1175,579,1240,628
479,219,315,303,364
479,18,309,112,371
479,20,311,178,385
479,1355,726,1468,786
479,1264,683,1394,761
480,0,476,481,846
480,1175,579,1241,629
480,216,314,306,365
480,18,309,112,371
480,19,311,178,385
480,1349,726,1467,786
481,0,474,559,829
481,1175,579,1240,629
481,217,314,306,365
481,18,309,112,371
481,19,311,178,385
481,1352,726,1467,786
482,1175,579,1241,629
482,218,314,306,365
482,17,309,111,370
482,20,310,178,385
482,18,490,627,812
482,1345,725,1480,792
483,148,507,687,802
483,1175,579,1240,629
483,218,314,306,365
483,18,309,112,370
483,20,311,178,385
483,1344,724,1480,792
484,1175,579,1240,629
484,218,314,305,365
484,18,309,112,370
484,258,521,734,790
484,20,311,178,385
484,1344,724,1479,792
485,346,529,777,779
485,1175,579,1240,629
485,219,314,306,365
485,18,309,112,371
485,20,311,178,385
485,1343,724,1479,792
486,1175,579,1240,629
486,18,309,112,371
486,218,314,306,365
486,20,311,178,385
486,1343,724,1479,792
486,431,541,816,771
487,1175,579,1240,629
487,218,314,306,365
487,18,309,112,371
487,20,311,178,385
487,502,545,850,764
487,1343,724,1479,792
488,1176,579,1241,630
488,201,313,305,365
488,19,309,111,370
488,564,553,883,755
488,21,311,179,384
488,1365,729,1470,790
488,1341,725,1463,785
489,1176,579,1241,630
489,201,313,305,365
489,19,309,111,370
489,21,311,179,384
489,1365,729,1470,790
489,1341,725,1463,785
490,1176,579,1241,629
490,19,309,112,370
490,200,313,305,365
490,1363,729,1472,791
490,20,310,179,379
490,1340,725,1463,785
491,1176,579,1240,628
491,19,309,112,370
491,198,313,305,365
491,1360,729,1472,791
491,20,309,179,379
491,1340,725,1463,785
492,1177,579,1240,628
492,185,312,304,365
492,19,308,112,371
492,744,568,972,731
492,1371,730,1471,791
493,776,570,990,727
493,1176,579,1241,629
493,185,313,304,365
493,19,308,112,371
493,1371,731,1471,791
494,806,572,1006,721
494,1176,579,1240,628
494,19,308,112,371
494,186,313,304,365
494,1371,731,1470,791
495,831,576,1020,718
495,1176,579,1240,628
495,190,313,303,365
495,19,308,112,371
495,972,489,1006,517
495,1372,731,1470,791
495,20,309,181,380
496,856,578,1034,709
496,1176,579,1241,628
496,190,313,303,365
496,19,308,112,371
496,1372,731,1470,791
496,20,309,181,380
497,878,582,1046,706
497,1176,579,1241,628
497,190,313,303,365
497,19,308,112,371
497,1371,730,1483,793
497,20,309,181,380
498,896,581,1055,702
498,206,313,305,365
498,1177,578,1240,628
498,19,308,111,371
498,1373,730,1483,793
498,21,311,179,385
498,180,311,309,361
498,1266,683,1396,763
498,1340,725,1463,785
499,912,582,1061,699
499,206,313,305,365
499,1177,578,1240,628
499,19,308,111,371
499,1373,730,1483,793
499,20,311,179,385
499,180,311,309,361
499,1266,683,1395,763
499,1340,725,1463,785
500,927,582,1070,694
500,190,313,302,364
500,1176,578,1240,628
500,19,309,111,371
500,1373,730,1486,795
500,21,311,178,385
500,1267,683,1396,761
500,966,491,1001,518
501,941,583,1079,691
501,192,313,302,364
501,1176,577,1240,628
501,19,309,111,371
501,1373,730,1486,795
501,21,311,178,385
501,965,490,1000,518
501,1267,683,1396,761
502,954,583,1084,684
502,194,313,302,364
502,1175,577,1240,628
502,20,309,111,371
502,1373,730,1486,795
502,963,490,998,519
502,21,311,178,385
502,1267,683,1396,761
502,0,650,25,787
503,0,581,179,817
503,964,583,1088,681
503,190,312,302,364
503,1174,578,1240,629
503,962,492,997,519
503,19,309,111,371
503,1373,730,1486,795
503,21,310,178,385
503,1267,683,1395,761
504,0,528,310,801
504,977,582,1092,676
504,1175,577,1240,628
504,179,312,304,364
504,962,490,997,519
504,20,309,112,371
504,1373,730,1485,794
504,21,311,178,384
505,0,533,417,824
505,985,583,1092,676
505,1175,577,1240,628
505,180,312,304,364
505,961,489,996,519
505,20,309,112,371
505,1373,730,1485,794
505,21,310,178,385
506,0,541,503,806
506,992,580,1101,672
506,1175,577,1241,628
506,178,312,305,364
506,959,489,996,520
506,20,309,112,371
506,1373,730,1485,794
506,21,310,178,385
507,100,556,579,792
507,1001,578,1102,669
507,959,490,996,521
507,1175,577,1241,628
507,179,312,304,364
507,20,309,112,371
507,21,310,178,385
507,1373,730,1486,794
507,1268,683,1395,760
508,228,565,646,781
508,1006,578,1103,662
508,959,494,993,521
508,1175,577,1240,628
508,177,313,307,364
508,19,308,112,371
508,1373,730,1486,794
508,20,309,179,385
508,1360,728,1468,790
509,331,569,701,768
509,1010,580,1105,660
509,957,493,989,522
509,1175,577,1240,628
509,177,313,307,364
509,19,308,112,371
509,1373,730,1486,795
509,20,309,178,385
509,1361,728,1468,790
510,423,571,750,762
510,1017,577,1108,659
510,1175,577,1240,628
510,956,496,989,523
510,178,313,307,364
510,19,308,112,371
510,1373,730,1486,795
510,20,309,179,385
510,1359,728,1468,791
511,501,580,793,753
511,1022,577,1109,656
511,954,497,988,525
511,1175,577,1241,628
511,195,314,305,364
511,19,308,112,371
511,1373,730,1486,795
511,20,309,179,385
511,1360,728,1468,791
512,566,581,831,743
512,1026,576,1110,652
512,953,497,986,525
512,202,314,305,364
512,1176,577,1240,628
512,19,308,112,371
512,1373,730,1485,795
512,20,309,179,385
512,179,310,309,360
512,1361,728,1467,791
513,623,589,862,736
513,1029,575,1112,648
513,952,498,986,526
513,204,314,304,364
513,1176,577,1240,628
513,19,308,112,371
513,1373,730,1486,795
513,20,309,179,385
513,179,310,309,360
514,673,588,894,729
514,1033,573,1112,644
514,205,314,304,364
514,1176,577,1240,628
514,19,308,111,371
514,1373,730,1486,795
514,947,498,985,526
514,20,309,179,385
514,179,310,309,360
515,720,592,920,723
515,1037,571,1111,643
515,201,314,304,364
515,1176,577,1240,628
515,19,308,112,371
515,946,498,984,527
515,1373,730,1486,795
515,179,310,308,360
515,20,309,179,385
516,759,595,942,719
516,1040,570,1111,640
516,944,498,982,529
516,19,309,113,371
516,1175,578,1241,629
516,215,315,305,364
516,1371,729,1484,793
516,1341,725,1463,783
516,20,309,179,385
517,792,595,962,711
517,1041,566,1111,636
517,942,498,981,530
517,1175,578,1241,629
517,19,309,113,371
517,215,315,305,364
517,1370,729,1484,793
517,1341,725,1463,783
518,822,597,981,706
518,1042,565,1110,634
518,938,497,979,532
518,19,308,113,371
518,1175,578,1241,630
518,218,315,302,364
518,1175,577,1235,619
518,1374,731,1467,788
518,1341,726,1463,783
519,849,596,997,700
519,1042,565,1110,629
519,936,497,979,532
519,19,308,113,371
519,1175,578,1236,624
519,219,315,302,364
519,1374,731,1467,788
519,1341,726,1463,783
520,873,598,1013,696
520,1044,563,1110,628
520,933,498,976,534
520,19,308,114,371
520,1175,578,1237,625
520,215,315,302,364
520,1373,730,1483,791
520,1341,726,1463,783
521,894,598,1025,694
521,1045,562,1109,627
521,932,499,975,535
521,19,308,114,371
521,1175,577,1237,624
521,213,315,302,364
521,1374,731,1466,789
522,911,597,1036,690
522,1044,559,1107,621
522,930,499,972,536
522,19,308,114,371
522,1175,578,1237,624
522,210,315,302,364
522,1374,731,1466,789
522,1341,726,1463,783
523,928,595,1044,683
523,1047,556,1107,618
523,927,500,969,536
523,19,308,114,371
523,1175,578,1236,624
523,210,315,302,364
523,1374,731,1466,789
523,1341,726,1463,783
524,942,594,1053,677
524,925,499,969,536
524,1048,554,1106,615
524,19,308,114,371
524,1175,578,1236,624
524,211,315,302,364
524,1374,731,1466,789
524,1341,726,1463,783
525,956,593,1058,675
525,1048,552,1104,611
525,922,499,967,536
525,19,308,114,371
525,1175,578,1236,624
525,198,314,303,364
525,1374,731,1467,789
525,1008,472,1035,497
525,1341,726,1463,783
526,967,593,1065,670
526,917,498,965,537
526,1048,551,1103,608
526,19,308,114,371
526,1175,578,1236,624
526,199,314,303,364
526,1374,731,1468,789
526,1008,472,1035,497
526,1341,725,1463,783
527,915,496,963,538
527,0,914,391,1198
527,978,594,1072,667
527,1049,550,1102,607
527,19,308,114,371
527,1175,578,1236,623
527,202,314,303,364
527,1006,472,1035,498
527,1373,730,1484,792
527,1361,728,1465,789
528,1,854,544,1198
528,1049,548,1104,604
528,912,498,960,539
528,988,592,1077,661
528,1175,578,1242,630
528,19,309,111,370
528,175,313,307,365
528,1005,471,1035,498
528,218,315,306,365
528,21,312,178,385
528,1353,729,1484,793
529,1051,547,1102,599
529,3,837,654,1199
529,909,496,959,538
529,996,592,1079,658
529,1175,578,1242,629
529,19,309,110,370
529,174,313,308,365
529,1005,472,1034,499
529,219,315,307,365
529,21,312,178,384
529,1354,729,1484,792
530,0,818,748,1199
530,1003,590,1083,655
530,907,499,958,539
530,1050,546,1100,597
530,1175,578,1242,630
530,19,309,110,370
530,173,313,310,365
530,1004,472,1034,499
530,219,315,310,365
530,21,312,179,384
530,1353,729,1484,792
531,195,800,821,1193
531,1007,586,1084,652
531,904,499,956,539
531,1049,545,1101,594
531,1175,578,1242,630
531,19,309,110,370
531,173,312,311,365
531,215,315,310,365
531,1004,472,1033,499
531,21,312,179,384
531,1349,728,1484,792
532,1014,580,1085,647
532,899,501,953,539
532,355,784,880,1129
532,1052,543,1100,594
532,1175,578,1242,629
532,19,309,111,370
532,173,313,311,365
532,1003,473,1033,500
532,214,315,310,365
532,21,312,179,384
532,1351,728,1484,792
533,482,772,928,1078
533,897,500,952,541
533,1018,576,1086,642
533,1175,578,1242,630
533,19,309,110,370
533,1051,541,1100,590
533,173,313,311,365
533,214,315,310,365
533,1004,477,1031,500
533,21,312,179,384
533,1348,728,1484,792
534,584,765,968,1032
534,895,500,946,542
534,1175,578,1242,630
534,1053,540,1100,588
534,19,309,111,370
534,173,313,310,365
534,216,315,310,365
534,1022,576,1089,638
534,1004,477,1030,500
534,21,312,178,384
534,1347,728,1484,793
535,669,757,1005,1000
535,891,501,943,543
535,1052,538,1099,585
535,1025,576,1090,636
535,1175,578,1242,630
535,19,309,111,370
535,173,313,311,365
535,213,315,310,365
535,21,312,179,384
535,1004,477,1030,500
535,1345,728,1484,792
536,737,744,1026,970
536,888,501,941,544
536,1029,577,1087,631
536,1051,537,1099,586
536,19,309,110,370
536,1175,578,1242,630
536,173,313,310,365
536,215,315,309,365
536,1003,476,1030,500
536,21,312,179,384
536,1346,728,1483,792
537,796,739,1057,941
537,883,502,938,544
537,1031,574,1090,627
537,19,309,110,370
537,1175,578,1242,630
537,1051,537,1099,583
537,173,313,310,365
537,215,315,309,365
537,1002,475,1030,500
537,21,312,179,384
537,1345,728,1484,792
538,843,731,1084,916
538,879,503,935,547
538,1175,578,1241,629
538,211,314,307,365
538,1034,569,1092,623
538,999,471,1037,502
538,1035,540,1096,622
538,20,311,178,385
538,19,309,110,370
538,1053,537,1099,577
538,1363,727,1468,785
539,884,727,1108,890
539,875,504,932,546
539,1175,578,1241,629
539,206,314,308,365
539,1038,541,1097,620
539,998,471,1040,502
539,1036,566,1093,621
539,19,309,110,370
539,20,311,178,385
539,1358,727,1468,785
540,920,721,1126,867
540,871,504,930,548
540,1176,579,1241,629
540,201,315,309,365
540,1039,535,1098,618
540,19,309,110,370
540,1001,468,1057,504
540,1037,559,1097,618
540,1355,727,1469,785
540,20,311,178,384
540,1000,473,1040,503
541,950,716,1143,860
541,865,506,924,551
541,1176,579,1241,629
541,201,315,309,365
541,999,467,1056,504
541,19,309,110,370
541,1042,538,1098,615
541,1039,560,1097,614
541,999,471,1044,503
541,1354,727,1469,785
541,20,311,178,384
542,973,707,1156,850
542,860,504,921,553
542,1176,579,1240,629
542,999,466,1055,504
542,200,315,309,365
542,1042,531,1096,610
542,999,470,1041,503
542,19,309,110,370
542,1039,559,1096,610
542,1351,727,1469,785
542,20,311,178,385
543,998,702,1162,837
543,853,504,917,553
543,1043,529,1097,608
543,999,465,1056,504
543,1176,579,1240,629
543,200,315,309,365
543,19,309,110,370
543,1350,727,1469,785
543,20,311,178,385
544,1020,696,1172,822
544,848,506,914,554
544,1176,579,1241,629
544,998,466,1054,504
544,1044,529,1095,608
544,201,315,309,364
544,19,309,110,370
544,1349,727,1470,785
544,20,311,178,385
545,1037,693,1182,812
545,844,505,911,554
545,1044,528,1096,605
545,1176,579,1241,630
545,997,465,1054,504
545,201,315,309,364
545,19,309,110,370
545,1349,727,1470,785
545,20,311,178,385
546,1050,686,1184,801
546,835,507,905,556
546,1176,579,1241,630
546,1045,527,1096,602
546,995,465,1053,505
546,201,315,309,364
546,19,309,110,370
546,1349,726,1469,785
546,20,311,178,385
547,1064,681,1189,790
547,829,502,902,557
547,1045,526,1097,598
547,995,465,1053,505
547,1177,578,1240,628
547,201,315,309,364
547,19,309,110,370
547,1349,726,1470,785
547,20,311,178,385
548,1073,677,1189,779
548,823,502,899,556
548,1046,527,1096,596
548,1176,579,1241,629
548,996,466,1049,503
548,197,314,304,364
548,19,309,111,370
548,1369,729,1471,788
548,20,313,178,385
548,1264,685,1398,766
548,1074,472,1121,507
549,816,501,893,557
549,1082,673,1195,772
549,1046,526,1096,592
549,996,467,1048,504
549,1176,579,1241,629
549,196,314,303,364
549,19,309,110,370
549,1370,730,1472,788
549,20,313,179,385
549,1264,685,1398,766
550,1092,669,1199,763
550,808,502,887,559
550,1046,525,1096,590
550,1176,578,1241,629
550,995,468,1046,504
550,195,314,304,364
550,19,309,110,370
550,20,312,178,385
550,1369,729,1473,788
550,1263,685,1398,767
551,801,504,882,560
551,1099,664,1201,756
551,1047,524,1095,587
551,993,473,1035,506
551,1177,578,1236,624
551,194,314,305,364
551,995,469,1043,504
551,19,309,110,370
551,20,312,178,385
551,1370,730,1470,788
551,1264,685,1398,767
552,792,503,878,563
552,1104,661,1201,748
552,1176,578,1240,629
552,993,476,1038,507
552,201,313,305,364
552,1050,524,1095,585
552,19,309,111,371
552,1373,730,1468,787
552,20,312,179,385
553,783,502,872,562
553,1112,657,1203,743
553,1176,578,1240,629
553,993,476,1038,507
553,1051,525,1096,584
553,201,313,305,364
553,19,309,111,371
553,1373,730,1468,787
553,20,312,179,385
554,774,503,866,564
554,1113,653,1205,737
554,1177,577,1238,627
554,995,470,1043,504
554,992,475,1040,508
554,201,313,305,364
554,1052,523,1096,582
554,19,309,111,371
554,1373,730,1468,787
554,20,312,179,385
555,764,501,863,565
555,1120,648,1202,728
555,1177,577,1238,627
555,995,469,1043,504
555,202,313,305,364
555,1052,523,1096,579
555,19,309,111,370
555,20,312,179,385
555,1373,730,1469,786
556,753,500,852,567
556,1121,645,1202,723
556,1176,578,1238,626
556,991,474,1038,507
556,202,313,305,364
556,19,309,111,370
556,1051,523,1095,579
556,20,312,178,385
556,1373,730,1468,786
556,173,311,303,360
557,742,498,844,566
557,1125,642,1201,714
557,1176,577,1237,626
557,991,473,1038,508
557,203,313,305,364
557,19,309,111,370
557,20,312,178,385
557,1373,731,1468,786
557,1051,521,1096,577
557,989,478,1028,512
557,173,311,303,360
558,731,497,835,567
558,1126,640,1199,709
558,1176,577,1237,626
558,995,473,1041,505
558,988,476,1039,509
558,205,314,305,364
558,19,309,111,370
558,20,312,178,385
558,1373,730,1468,786
558,174,311,303,360
559,714,497,829,566
559,1125,635,1197,702
559,998,470,1042,505
559,987,471,1041,509
559,1176,577,1238,627
559,180,313,307,364
559,215,314,306,364
559,19,309,111,370
559,1369,730,1470,787
559,984,474,1030,511
560,703,494,819,566
560,1129,632,1196,698
560,1175,577,1239,627
560,998,472,1041,505
560,985,472,1040,509
560,180,313,306,364
560,217,314,306,364
560,19,309,111,370
560,1370,730,1471,787
561,688,494,808,567
561,1127,629,1197,694
561,1175,577,1239,627
561,204,314,305,364
561,1000,471,1040,503
561,988,473,1039,508
561,19,309,111,370
561,1371,730,1472,787
561,1055,519,1093,567
562,670,493,796,566
562,1128,627,1193,688
562,1175,577,1239,627
562,203,314,305,364
562,19,309,111,370
562,1000,472,1037,502
562,991,473,1036,507
562,1055,519,1092,565
562,1371,730,1472,787
563,655,489,785,568
563,1125,625,1190,682
563,1175,577,1240,629
563,198,313,304,364
563,19,309,111,370
563,1000,472,1035,502
563,1373,730,1473,788
564,634,487,774,566
564,1127,618,1186,677
564,200,314,304,364
564,1174,577,1241,629
564,19,309,112,370
564,20,312,179,385
564,998,470,1037,502
564,1364,730,1476,789
564,1056,517,1091,564
565,615,483,762,565
565,1126,616,1185,673
565,201,314,304,364
565,1174,577,1241,629
565,19,309,112,370
565,20,312,179,385
565,1056,515,1090,562
565,997,471,1036,502
565,1363,730,1476,789
566,593,480,747,565
566,1124,613,1185,671
566,201,314,303,364
566,1175,577,1241,629
566,19,309,112,370
566,20,312,179,385
566,997,470,1035,501
566,1364,730,1476,789
567,570,476,731,562
567,1125,609,1185,667
567,1175,578,1241,629
567,201,314,303,364
567,19,309,112,370
567,20,312,179,385
567,992,473,1035,500
567,1363,730,1476,789
568,548,473,717,563
568,1122,609,1182,661
568,201,314,304,364
568,1175,578,1241,628
568,19,309,112,370
568,20,312,179,385
568,996,468,1038,500
568,1363,730,1476,789
569,521,471,696,561
569,1120,607,1181,659
569,1174,577,1241,629
569,201,314,304,364
569,19,309,112,370
569,20,312,179,385
569,1360,727,1469,786
570,491,463,679,560
570,1119,604,1181,655
570,1175,577,1241,630
570,198,314,304,364
570,19,309,112,370
570,20,312,179,385
570,1365,730,1476,789
570,993,472,1036,498
571,458,458,658,559
571,1175,577,1241,630
571,1120,598,1184,645
571,197,314,305,364
571,19,309,112,370
571,20,312,178,385
571,1056,509,1091,556
571,1365,728,1469,786
572,425,452,637,557
572,1175,577,1241,630
572,197,314,305,364
572,1120,598,1178,645
572,19,309,112,370
572,1056,508,1089,554
572,1365,728,1469,785
572,20,312,179,385
573,385,449,611,558
573,1121,598,1170,640
573,1175,576,1239,626
573,198,314,305,364
573,19,309,112,370
573,20,312,178,385
573,1363,728,1470,785
573,1056,509,1089,552
574,345,441,584,554
574,1121,594,1167,638
574,1175,576,1241,630
574,196,313,305,364
574,19,309,111,370
574,1056,508,1090,552
574,992,470,1036,494
574,1364,728,1470,785
574,20,312,178,385
575,302,435,557,551
575,1120,591,1167,633
575,19,309,111,370
575,1177,578,1241,630
575,214,313,307,365
575,1374,732,1471,787
575,21,312,178,385
575,178,310,310,360
576,253,431,522,548
576,20,309,112,369
576,1177,578,1238,625
576,215,311,305,364
576,1120,589,1164,631
576,21,315,178,384
576,1370,730,1469,788
577,202,419,488,544
577,19,310,112,370
577,1119,587,1163,627
577,215,311,305,364
577,1177,578,1237,624
577,21,316,178,384
577,1370,730,1469,788
578,140,409,449,542
578,19,310,113,370
578,1118,586,1162,626
578,210,310,307,365
578,1177,578,1237,624
578,21,316,178,385
578,174,308,306,361
578,1371,731,1470,788
579,79,398,409,537
579,1117,582,1160,622
579,19,309,113,370
579,189,309,308,365
579,1178,578,1237,624
579,959,489,994,520
579,1371,731,1470,788
580,3,387,366,529
580,19,310,114,371
580,1117,581,1159,620
580,210,310,306,364
580,1177,577,1235,622
580,170,308,307,361
580,958,492,992,521
580,1371,731,1470,788
581,0,375,317,524
581,18,310,115,374
581,1114,578,1157,618
581,202,310,306,364
581,1177,577,1235,622
581,1001,470,1034,496
581,957,491,992,522
581,1372,731,1470,788
582,0,359,264,520
582,19,310,114,369
582,1176,578,1237,624
582,215,311,305,364
582,1115,578,1157,616
582,1370,730,1471,788
583,0,359,208,516
583,19,310,115,373
583,1176,578,1237,624
583,214,311,305,364
583,1115,575,1156,614
583,181,309,307,365
583,1003,472,1034,496
583,1371,731,1472,788
584,0,360,139,507
584,19,310,115,377
584,216,311,305,364
584,1176,578,1237,624
584,1113,574,1156,612
584,1003,471,1033,496
584,1371,731,1472,788
584,178,309,304,360
585,0,373,68,494
585,1176,578,1240,629
585,18,309,112,371
585,210,314,305,365
585,1112,571,1155,609
585,20,313,178,386
585,1360,728,1470,786
586,1176,578,1240,629
586,212,314,305,365
586,19,309,111,369
586,1112,570,1155,606
586,1362,728,1470,786
587,1176,578,1240,630
587,212,314,305,365
587,19,309,111,369
587,1112,568,1151,604
587,1363,728,1470,786
588,1175,579,1240,629
588,201,313,304,365
588,19,309,113,370
588,1112,566,1149,601
588,21,312,178,385
588,1367,730,1485,793
589,1175,579,1240,629
589,201,313,304,365
589,19,309,113,370
589,21,312,178,385
589,1367,730,1485,793
589,1110,565,1149,598
590,1175,579,1240,629
590,202,313,304,365
590,19,309,113,370
590,21,312,178,385
590,1367,729,1485,793
591,1175,579,1240,629
591,202,313,304,365
591,19,309,113,370
591,21,312,178,385
591,1367,730,1485,792
591,940,499,981,531
592,203,313,304,365
592,1174,579,1240,629
592,19,309,113,370
592,21,313,178,385
592,1367,729,1485,792
593,201,313,304,365
593,1176,579,1240,628
593,19,309,113,370
593,21,312,178,385
593,938,501,978,535
593,1367,730,1485,792
593,1111,559,1142,592
594,201,313,305,365
594,1175,579,1240,629
594,935,500,976,536
594,19,309,113,370
594,21,312,178,385
594,1109,560,1141,590
594,1366,729,1487,795
595,200,313,305,365
595,1176,579,1241,628
595,932,502,975,536
595,19,309,113,370
595,21,313,178,385
595,1109,559,1140,588
595,1366,729,1487,795
596,200,313,305,365
596,1176,579,1241,628
596,19,309,113,369
596,1108,556,1140,586
596,21,313,178,385
596,930,503,974,537
596,1365,729,1487,795
597,929,502,972,537
597,200,313,304,365
597,1108,554,1140,585
597,1176,579,1237,624
597,19,309,113,370
597,1366,729,1487,795
597,21,314,178,385
598,199,313,305,365
598,1176,579,1237,624
598,19,309,113,370
598,1108,553,1139,584
598,927,503,971,538
598,1369,729,1487,795
598,21,314,178,385
599,203,313,304,365
599,1175,579,1241,629
599,19,309,113,370
599,1369,729,1487,795
599,1107,553,1139,582
599,20,313,178,385
600,1174,579,1241,629
600,195,313,304,365
600,19,309,113,370
600,921,502,967,539
600,1365,729,1487,795
600,21,313,178,385
600,999,481,1026,501
601,1174,579,1241,629
601,185,313,305,365
601,19,309,113,370
601,21,313,178,385
601,919,501,966,541
601,1365,729,1487,795
601,998,482,1026,502
601,1107,552,1137,579
602,1174,579,1241,629
602,184,313,305,365
602,19,309,113,370
602,917,502,965,542
602,21,312,178,385
602,1366,729,1487,795
602,999,482,1026,502
603,913,504,964,543
603,1174,579,1241,629
603,183,312,305,365
603,19,309,113,370
603,21,312,178,385
603,1365,729,1487,795
603,995,482,1028,504
604,911,506,961,544
604,1174,579,1241,629
604,183,312,305,365
604,19,309,113,370
604,21,313,178,385
604,1366,729,1487,795
604,994,483,1025,505
605,910,504,960,546
605,1174,579,1241,629
605,183,312,305,365
605,19,309,113,370
605,21,313,178,385
605,1365,729,1487,795
606,907,505,958,547
606,1174,579,1241,629
606,179,312,305,365
606,19,309,113,370
606,992,483,1023,505
606,21,313,178,385
606,1359,728,1487,795
607,903,504,957,548
607,1174,579,1241,629
607,179,312,305,365
607,19,309,113,370
607,992,484,1023,506
607,21,313,178,385
607,1359,728,1487,795
608,901,507,955,549
608,1175,579,1241,629
608,179,312,305,365
608,19,309,113,370
608,992,484,1021,506
608,21,313,178,385
608,1360,728,1487,795
609,898,507,953,551
609,1174,579,1241,629
609,179,312,305,365
609,19,309,113,370
609,992,485,1020,507
609,21,313,178,385
609,1363,729,1487,795
610,893,511,949,554
610,1174,579,1241,629
610,179,312,305,365
610,19,309,112,369
610,991,485,1020,507
610,21,313,178,385
610,1363,729,1487,795
611,890,510,946,555
611,1174,579,1241,629
611,179,312,305,365
611,19,309,112,369
611,989,485,1019,509
611,21,313,178,385
611,1363,729,1487,795
612,886,510,943,556
612,178,312,305,365
612,1175,579,1241,628
612,19,309,112,369
612,988,484,1018,509
612,21,314,178,385
612,1371,730,1487,794
613,883,510,939,558
613,178,312,305,365
613,1175,579,1241,629
613,19,309,112,369
613,987,483,1018,510
613,21,314,178,385
613,1370,730,1487,794
614,878,510,938,559
614,1175,579,1241,629
614,178,312,305,365
614,19,309,112,369
614,988,484,1016,511
614,1373,731,1486,794
614,21,314,178,385
615,873,511,935,559
615,1175,579,1241,628
615,178,312,305,365
615,19,309,112,369
615,986,485,1016,510
615,21,313,178,385
615,1373,730,1486,793
616,867,514,932,559
616,1175,579,1241,628
616,179,312,305,365
616,19,309,112,369
616,21,313,178,385
616,1373,730,1486,794
616,986,485,1015,512
617,861,517,928,562
617,177,312,305,365
617,1175,579,1241,628
617,19,309,112,369
617,1373,731,1487,794
617,21,313,178,385
618,857,518,923,562
618,177,312,305,365
618,1175,579,1241,628
618,19,309,112,369
618,1372,730,1487,794
618,21,313,178,385
619,850,519,920,564
619,1175,579,1241,628
619,176,312,305,365
619,19,309,112,369
619,1372,730,1487,794
619,21,313,178,385
620,843,515,917,566
620,1175,579,1241,629
620,176,312,305,365
620,19,309,112,369
620,1372,730,1487,794
620,21,313,178,385
621,837,513,910,565
621,1175,579,1241,628
621,176,312,305,365
621,19,309,112,369
621,1372,730,1487,794
621,21,313,178,385
622,828,510,905,567
622,1175,579,1241,628
622,176,312,305,365
622,19,309,112,369
622,1372,730,1487,794
622,21,313,178,385
622,979,489,1011,515
623,820,509,902,568
623,1175,579,1241,628
623,176,312,305,365
623,19,309,112,369
623,1372,731,1487,794
623,975,489,1010,515
623,21,313,178,385
624,813,510,895,569
624,177,312,304,365
624,1175,579,1237,624
624,19,309,112,370
624,21,313,178,385
624,973,489,1008,515
624,1371,730,1487,794
