0,1433,218,1722,455
0,1244,178,1368,287
0,843,198,973,318
0,1055,178,1109,224
0,952,227,1049,294
0,1326,117,1382,171
0,1163,105,1211,150
0,1419,177,1496,249
0,1410,167,1493,238
0,1423,196,1495,252
0,1131,91,1173,118
0,955,206,1055,289
0,1015,201,1095,273
1,1442,218,1727,452
1,1247,178,1366,286
1,835,200,974,315
1,1057,176,1109,223
1,953,219,1042,292
1,683,209,868,359
1,1001,201,1092,275
1,1326,118,1381,171
1,1165,107,1212,153
1,1412,169,1495,249
1,964,198,1094,281
1,1424,192,1496,251
1,954,202,1062,289
2,1449,214,1729,446
2,1247,178,1365,286
2,839,201,970,322
2,1056,175,1110,223
2,951,213,1041,295
2,680,209,860,367
2,1326,118,1381,171
2,1005,200,1088,275
2,1164,109,1211,154
2,1410,169,1499,250
2,1423,185,1502,253
2,1136,90,1172,119
3,1457,212,1729,441
3,1247,178,1366,285
3,1056,175,1110,223
3,839,201,966,322
3,1326,119,1381,170
3,952,212,1041,295
3,1164,108,1212,155
3,675,205,858,368
3,962,199,1082,277
3,1418,179,1506,254
3,1137,91,1174,118
3,1010,200,1081,276
3,1409,166,1500,241
4,1463,214,1731,435
4,1053,175,1110,223
4,1246,178,1367,285
4,833,203,963,322
4,1326,119,1383,170
4,963,200,1077,278
4,1165,106,1214,154
4,952,214,1040,295
4,1430,194,1505,255
4,1137,91,1175,118
4,1407,168,1499,241
4,669,208,854,372
5,1469,211,1734,430
5,1052,177,1110,222
5,1246,177,1367,285
5,828,202,960,323
5,964,202,1073,278
5,1433,189,1508,253
5,1326,118,1381,170
5,947,217,1039,296
5,662,207,852,373
5,1165,109,1213,155
5,949,206,1055,293
5,1137,92,1176,118
5,1409,167,1492,229
6,1480,210,1735,424
6,1056,177,1110,222
6,1247,177,1367,284
6,814,204,959,331
6,942,213,1042,297
6,980,199,1072,277
6,1431,189,1508,253
6,1164,114,1213,155
6,1326,119,1382,170
6,657,213,848,374
6,1409,165,1485,227
7,1487,210,1737,419
7,1052,177,1110,224
7,1248,178,1367,284
7,810,206,955,331
7,935,210,1047,297
7,1166,113,1215,155
7,1431,195,1510,255
7,975,201,1069,281
7,649,213,842,376
7,1326,119,1382,170
7,1408,173,1479,228
8,1492,206,1742,412
8,1250,179,1365,283
8,808,206,957,331
8,1052,176,1109,224
8,1166,119,1215,155
8,1326,119,1382,170
8,934,211,1039,295
8,972,200,1067,281
8,1433,198,1510,256
8,1408,175,1484,229
8,1049,186,1108,228
9,1499,206,1743,410
9,1251,179,1367,284
9,811,207,956,331
9,1054,175,1109,226
9,1166,118,1217,157
9,948,205,1057,289
9,1326,120,1381,171
9,1435,200,1509,256
9,943,216,1038,294
9,638,215,833,382
9,1409,175,1480,230
9,1051,186,1104,231
9,1095,72,1141,101
10,1505,204,1744,406
10,1251,178,1367,282
10,795,206,955,333
10,1167,116,1219,157
10,941,207,1050,290
10,1056,176,1109,227
10,1326,120,1382,170
10,1407,170,1482,229
10,1438,201,1517,259
10,1097,72,1142,101
10,1038,195,1095,235
10,1139,95,1180,126
11,1511,203,1746,402
11,801,205,949,332
11,1252,177,1366,280
11,1056,178,1109,226
11,1167,116,1219,158
11,933,210,1047,296
11,1326,119,1382,169
11,623,210,830,388
11,1440,194,1518,252
11,1407,165,1484,229
11,1139,95,1181,126
11,1095,71,1145,102
11,1041,179,1106,233
12,1515,200,1747,396
12,931,208,1054,296
12,793,205,943,332
12,1251,177,1368,283
12,1054,177,1109,229
12,1167,115,1219,159
12,1326,117,1381,168
12,1442,193,1520,252
12,1407,166,1481,229
12,1139,95,1181,127
12,1034,180,1104,235
12,1094,71,1145,101
12,1014,187,1089,237
13,1519,200,1749,390
13,936,206,1053,297
13,786,204,939,333
13,1252,177,1366,281
13,1045,178,1116,231
13,605,209,819,394
13,1445,197,1523,252
13,1407,166,1482,231
13,1167,113,1219,159
13,1325,117,1381,169
13,1097,71,1146,102
13,1140,95,1183,127
14,786,204,938,336
14,1252,177,1368,283
14,1523,198,1750,387
14,1048,180,1125,230
14,926,211,1046,297
14,1168,122,1221,161
14,1408,166,1484,231
14,1326,118,1381,169
14,1099,74,1146,104
14,1141,95,1184,127
14,1039,184,1117,234
14,1449,193,1548,253
15,914,212,1041,302
15,1253,179,1368,282
15,782,206,936,337
15,1528,201,1748,383
15,1046,180,1129,232
15,1408,167,1484,230
15,1168,122,1221,163
15,1141,99,1185,131
15,1326,119,1381,170
15,1457,190,1552,255
15,1484,191,1552,258
15,1096,76,1146,106
15,1000,196,1084,236
16,1535,199,1750,380
16,1253,180,1368,282
16,1409,170,1482,230
16,779,206,935,337
16,921,210,1047,299
16,1050,181,1138,233
16,1169,121,1221,165
16,1457,198,1545,254
16,1470,192,1555,255
16,1143,101,1187,133
16,1456,210,1518,252
16,1326,122,1380,171
16,1012,183,1100,236
16,1098,77,1147,106
17,920,210,1043,302
17,1537,197,1749,376
17,1253,180,1367,283
17,777,207,928,337
17,1167,121,1222,166
17,1410,170,1481,229
17,579,217,799,408
17,1463,190,1549,253
17,1009,184,1097,236
17,1074,185,1142,231
17,1326,121,1380,171
17,1143,100,1187,133
17,1059,178,1133,229
17,1464,199,1517,252
17,1029,181,1106,233
17,1094,190,1144,229
18,1252,178,1368,281
18,1538,197,1751,375
18,918,209,1044,300
18,770,204,922,334
18,1468,191,1550,253
18,1410,169,1481,229
18,1166,121,1222,167
18,570,217,791,408
18,1075,186,1150,227
18,1059,180,1145,229
18,1143,98,1188,134
18,1016,189,1101,235
18,1326,119,1380,170
18,1025,182,1146,233
19,914,207,1045,303
19,1538,192,1748,370
19,1251,177,1367,278
19,766,203,925,336
19,1068,180,1156,228
19,554,220,783,414
19,1473,191,1550,252
19,1167,121,1221,166
19,1409,168,1482,233
19,1019,180,1157,230
19,1016,184,1104,234
19,1325,117,1381,169
19,1144,100,1188,134
19,1034,181,1110,232
19,1158,120,1220,155
20,919,208,1038,301
20,1540,192,1748,363
20,1251,177,1367,277
20,1030,178,1161,228
20,762,201,921,337
20,1409,168,1480,233
20,1072,180,1161,224
20,1487,199,1545,250
20,1326,118,1381,169
20,1167,119,1221,165
20,1146,102,1187,134
20,549,221,774,414
21,916,208,1033,303
21,1540,191,1746,362
21,1252,178,1367,277
21,1091,180,1166,225
21,1409,169,1480,234
21,757,202,916,341
21,1038,187,1116,233
21,1326,118,1381,170
21,1495,202,1546,252
21,535,217,767,421
21,1048,180,1124,231
21,1168,126,1220,168
21,1031,192,1070,235
21,1148,106,1188,137
22,913,211,1035,306
22,1544,192,1745,360
22,1252,178,1369,277
22,1408,169,1482,234
22,531,225,761,426
22,754,203,913,345
22,1093,180,1173,228
22,1326,121,1382,170
22,1052,179,1147,232
22,1044,185,1120,233
22,1165,132,1213,171
22,1167,124,1222,169
22,1502,200,1557,252
22,1041,198,1100,235
22,1148,111,1189,139
23,910,211,1035,305
23,1545,193,1743,358
23,1252,180,1368,278
23,1103,181,1178,226
23,1409,171,1483,234
23,526,228,756,428
23,1047,179,1123,232
23,1163,129,1217,173
23,751,204,908,347
23,1326,121,1381,171
23,1063,179,1180,230
23,1516,194,1579,251
24,907,210,1036,307
24,1543,190,1741,356
24,1252,180,1368,278
24,740,204,904,346
24,1409,171,1484,234
24,1113,181,1183,226
24,1327,121,1381,171
24,1052,177,1135,231
24,515,230,751,433
24,1067,178,1184,229
24,1164,133,1215,173
25,902,209,1034,306
25,1542,190,1741,355
25,1251,178,1368,277
25,505,230,744,433
25,1409,170,1483,234
25,739,202,899,349
25,1058,176,1136,229
25,1326,121,1382,170
25,1122,182,1187,224
25,732,262,779,353
25,1169,126,1223,173
25,1093,178,1188,227
25,1111,84,1153,111
26,900,208,1031,308
26,1541,187,1737,351
26,1251,178,1367,277
26,730,202,895,350
26,1409,170,1483,234
26,497,231,739,438
26,1124,182,1190,224
26,1326,119,1382,170
26,1171,127,1222,173
26,1059,179,1134,227
26,1047,187,1095,228
27,901,208,1030,308
27,1541,185,1734,349
27,1410,171,1483,234
27,1250,177,1367,276
27,485,225,732,443
27,1129,186,1194,223
27,727,201,893,353
27,1326,119,1381,169
27,1047,180,1099,227
27,1046,179,1120,228
27,721,248,771,356
27,1172,128,1223,174
28,1539,185,1730,346
28,1410,170,1483,234
28,899,210,1030,307
28,1251,177,1368,275
28,1128,181,1198,223
28,722,201,891,354
28,478,226,727,450
28,1326,119,1381,169
28,1047,180,1101,225
28,1094,182,1140,227
29,1539,185,1727,344
29,1410,171,1483,234
29,1250,177,1367,275
29,898,209,1031,307
29,468,227,719,455
29,717,203,889,352
29,709,249,760,359
29,1047,179,1107,225
29,1326,119,1381,169
29,1133,179,1200,225
29,1101,173,1200,228
29,1158,122,1222,179
30,1536,186,1724,342
30,1409,170,1485,235
30,1048,179,1110,225
30,891,208,1031,309
30,1251,178,1368,277
30,1139,180,1200,226
30,1327,120,1382,170
30,713,204,888,357
30,455,241,712,458
30,1105,175,1200,228
30,1159,128,1223,179
31,1535,186,1719,338
31,1047,178,1110,226
31,889,208,1032,311
31,1410,172,1485,235
31,1251,179,1367,276
31,1141,183,1203,226
31,705,205,884,362
31,1327,121,1381,170
32,1532,187,1715,335
32,1251,179,1367,275
32,885,209,1030,311
32,1046,177,1108,225
32,1409,172,1484,234
32,704,204,880,361
32,1132,178,1205,227
32,1327,121,1382,170
32,1159,126,1221,181
33,1529,184,1711,333
33,1251,178,1367,274
33,1047,178,1108,225
33,1409,169,1484,234
33,882,209,1029,310
33,1326,119,1381,169
33,1128,178,1207,227
33,696,203,876,360
33,1162,128,1223,179
34,1409,170,1484,234
34,1525,182,1708,333
34,1251,177,1368,274
34,1048,178,1109,224
34,878,209,1029,309
34,1128,173,1208,226
34,407,236,681,480
34,1326,118,1381,169
34,691,202,873,365
34,1165,129,1223,176
35,1522,182,1703,331
35,1409,170,1483,234
35,1047,178,1109,225
35,1251,176,1367,274
35,876,209,1026,311
35,1132,174,1211,226
35,398,232,672,482
35,686,204,864,366
35,63,984,851,1073
35,1326,118,1381,170
35,1163,129,1223,175
36,1520,182,1698,328
36,202,928,1054,1069
36,1409,170,1483,234
36,1047,178,1108,225
36,1251,176,1367,274
36,386,235,662,487
36,1136,173,1211,226
36,870,208,1026,312
36,680,204,862,370
36,1326,118,1381,169
37,1517,182,1692,327
37,336,878,1336,1071
37,1047,178,1108,225
37,1409,170,1485,234
37,1251,176,1366,274
37,1139,172,1211,226
37,676,205,861,372
37,1327,119,1381,170
37,868,208,1027,314
37,376,244,655,492
37,1160,126,1223,177
38,461,826,1422,1068
38,1514,186,1688,325
38,1047,178,1109,225
38,1252,178,1368,275
38,1409,170,1484,234
38,674,205,859,374
38,867,210,1023,312
38,1327,120,1382,170
38,1141,170,1213,227
38,361,243,646,497
38,1515,227,1687,326
39,474,780,1504,1071
39,1047,178,1109,225
39,1512,183,1685,323
39,1251,178,1366,274
39,352,251,640,502
39,1408,170,1484,234
39,664,205,855,378
39,1327,120,1382,170
39,861,212,1007,320
39,1142,170,1213,227
39,294,325,370,413
39,961,209,1026,300
40,470,731,1574,1072
40,1046,178,1109,225
40,1252,178,1367,274
40,1511,183,1679,322
40,1410,170,1484,234
40,861,212,1000,319
40,1327,119,1381,170
40,335,248,630,507
40,1144,170,1213,226
40,661,206,853,378
40,959,206,1025,298
40,1163,121,1220,162
41,579,690,1625,1070
41,1047,178,1109,224
41,1508,181,1677,321
41,1251,178,1366,274
41,1410,169,1483,234
41,856,210,1006,319
41,321,249,623,515
41,1326,119,1381,170
41,1145,169,1213,227
41,1508,223,1676,323
41,655,207,851,381
41,955,205,1022,298
41,1163,121,1220,162
42,698,649,1673,1070
42,1047,177,1109,223
42,1251,178,1365,274
42,1409,168,1483,233
42,1505,208,1671,319
42,855,210,1008,319
42,648,208,846,386
42,1326,118,1381,170
42,1145,168,1213,226
42,954,205,1022,301
43,806,617,1720,1071
43,1047,177,1109,223
43,1251,177,1365,274
43,1500,182,1666,318
43,1409,168,1482,234
43,854,210,1006,320
43,1326,118,1381,170
43,1145,169,1213,227
43,952,207,1021,302
43,643,208,845,387
44,1046,177,1109,224
44,1251,177,1365,274
44,896,579,1753,1073
44,849,211,995,320
44,1498,208,1660,317
44,1409,168,1483,235
44,951,207,1022,306
44,281,252,595,534
44,1326,119,1381,170
44,1145,168,1215,227
45,979,545,1788,1071
45,846,210,984,325
45,1046,177,1109,224
45,1251,177,1364,274
45,1496,221,1657,317
45,1409,168,1483,234
45,630,210,837,390
45,949,209,1021,302
45,266,257,585,540
45,1326,119,1381,170
45,1145,170,1216,228
46,845,211,979,326
46,1046,177,1110,224
46,628,211,832,395
46,1251,177,1364,274
46,1494,221,1652,316
46,1058,520,1839,1067
46,251,267,574,548
46,1410,170,1482,234
46,941,210,1021,305
46,1326,120,1382,170
46,1145,172,1213,228
47,841,212,980,328
47,1045,177,1110,224
47,1252,178,1364,274
47,622,213,830,400
47,1123,487,1850,1071
47,938,210,1020,303
47,1410,169,1481,234
47,1489,185,1649,313
47,1326,121,1382,171
47,237,255,564,553
47,1145,171,1214,228
48,839,212,979,330
48,1253,177,1364,274
48,616,212,824,401
48,1046,177,1109,224
48,939,210,1019,302
48,1176,460,1862,1029
48,1487,182,1646,313
48,1409,169,1483,233
48,1326,120,1382,170
48,220,260,555,556
48,1144,171,1213,229
49,834,212,982,330
49,1046,177,1109,224
49,606,214,819,402
49,1253,177,1364,273
49,1483,186,1642,311
49,940,208,1017,300
49,1231,441,1886,987
49,1409,162,1486,234
49,1326,120,1381,170
49,1144,173,1213,228
49,205,269,545,566
50,1253,176,1364,271
50,1045,177,1110,224
50,829,213,972,333
50,602,212,815,405
50,1483,190,1638,309
50,1326,119,1382,169
50,1408,167,1481,234
50,936,209,1018,303
50,1274,421,1901,946
50,1143,173,1213,229
50,1135,95,1183,129
50,1501,183,1633,236
51,1045,178,1110,224
51,1255,176,1363,272
51,596,215,813,409
51,1484,184,1638,310
51,1408,168,1481,233
51,1318,401,1898,912
51,1326,120,1382,170
51,1143,177,1214,231
51,826,213,975,331
51,1484,222,1637,310
51,1136,96,1182,130
51,173,277,525,582
51,545,279,604,366
51,1171,126,1222,173
52,1253,175,1364,272
52,1045,178,1111,224
52,1409,168,1482,233
52,1356,382,1919,872
52,593,217,809,413
52,1326,120,1382,170
52,822,213,989,334
52,155,278,511,587
52,1143,178,1214,233
52,1476,184,1635,310
52,547,279,601,365
52,1137,97,1182,130
53,1253,175,1364,272
53,1045,177,1111,225
53,818,215,966,335
53,1475,182,1632,309
53,582,217,803,414
53,1409,168,1483,234
53,1326,121,1382,170
53,1389,362,1919,840
53,132,283,502,598
53,1143,182,1213,234
53,1138,99,1187,131
53,941,209,1017,304
53,1167,127,1222,178
54,814,215,963,335
54,1253,175,1363,272
54,1045,177,1111,225
54,1474,185,1628,309
54,579,218,798,419
54,1326,121,1384,170
54,1409,168,1480,232
54,1142,179,1213,234
54,1419,344,1919,808
54,1138,100,1187,133
54,928,209,1013,307
55,1474,185,1623,307
55,1045,178,1110,224
55,1253,175,1362,272
55,811,215,959,334
55,1326,119,1383,170
55,104,285,479,608
55,1142,175,1216,235
55,1445,323,1919,777
55,572,218,794,424
55,927,209,1011,305
55,1139,100,1188,133
55,1409,166,1484,235
55,1431,191,1507,243
56,1472,186,1619,306
56,1045,178,1110,224
56,1254,177,1361,270
56,561,218,790,425
56,808,215,956,338
56,1325,118,1382,170
56,926,208,1012,305
56,1467,305,1919,748
56,1142,177,1215,234
56,808,253,954,337
56,1406,167,1489,243
56,1413,172,1485,228
56,1427,183,1491,244
56,1473,220,1618,306
57,1471,184,1616,303
57,803,215,953,338
57,1254,177,1359,270
57,1045,178,1111,224
57,551,219,787,430
57,924,208,1011,305
57,1141,176,1212,234
57,1486,297,1919,719
57,1325,118,1381,170
57,1377,205,1427,245
57,1472,220,1616,304
57,1173,130,1222,176
57,1424,206,1495,246
58,801,215,949,339
58,1254,176,1359,269
58,548,222,780,431
58,1045,178,1111,224
58,1472,185,1612,300
58,921,208,1011,306
58,1140,177,1212,234
58,1390,176,1492,244
58,35,400,81,438
58,1471,221,1613,300
58,915,218,985,308
58,1141,103,1188,137
59,1254,177,1359,270
59,795,215,950,338
59,1044,178,1110,225
59,540,221,776,438
59,1469,186,1611,300
59,1523,275,1918,667
59,915,210,1010,306
59,1139,178,1212,236
59,1365,179,1484,246
59,1325,119,1382,169
59,1470,221,1612,299
59,1412,176,1479,207
59,911,215,986,309
59,1142,103,1190,138
60,1046,177,1110,225
60,792,214,951,339
60,1254,177,1359,270
60,534,223,774,442
60,1469,185,1609,299
60,1350,188,1466,250
60,1538,263,1919,651
60,917,211,1006,306
60,1140,183,1214,235
60,1470,220,1610,299
60,1144,102,1191,140
60,912,217,987,308
61,1046,177,1110,225
61,1468,184,1612,299
61,789,215,942,341
61,1254,178,1360,270
61,1346,188,1441,249
61,1139,181,1214,235
61,528,224,769,444
61,1549,252,1919,632
61,928,211,1007,306
61,912,217,980,308
61,1145,105,1193,141
61,1325,121,1383,173
62,1047,177,1110,225
62,1466,185,1610,297
62,781,214,935,344
62,1254,177,1359,269
62,1138,181,1212,235
62,932,212,1006,306
62,517,225,762,452
62,1417,168,1486,228
62,1334,185,1417,249
62,908,217,980,306
62,1326,122,1381,170
62,1145,104,1195,141
62,955,218,1005,306
63,1466,180,1607,296
63,1046,178,1109,224
63,508,224,759,451
63,774,215,933,344
63,1238,177,1360,267
63,1137,180,1211,235
63,1571,239,1919,592
63,905,214,980,305
63,1411,166,1486,230
63,926,208,1006,307
63,1326,119,1381,170
64,1464,181,1605,295
64,1046,178,1110,224
64,502,228,752,452
64,1253,175,1364,266
64,771,213,932,344
64,1137,178,1208,237
64,904,210,1003,308
64,1410,166,1487,230
64,1580,234,1919,575
64,1208,191,1261,254
64,1326,119,1381,169
65,769,213,928,345
65,1047,178,1109,223
65,1464,181,1604,294
65,1251,177,1359,267
65,494,228,747,458
65,1137,178,1208,235
65,1409,167,1487,233
65,900,213,981,307
65,1586,230,1920,564
65,908,207,1002,306
65,1326,118,1381,169
65,902,234,973,310
65,1193,199,1259,250
66,765,214,927,345
66,1460,181,1601,294
66,1046,178,1110,224
66,1175,199,1254,258
66,483,231,739,461
66,1250,176,1359,267
66,1138,179,1205,236
66,1410,167,1487,231
66,1461,214,1600,294
66,895,215,989,308
66,1326,119,1381,169
66,921,212,1002,307
67,765,215,923,347
67,1459,182,1598,293
67,1045,178,1110,224
67,1253,177,1359,268
67,474,232,736,472
67,1411,168,1485,230
67,893,220,967,313
67,1326,121,1381,170
67,1160,210,1243,260
67,1597,221,1919,538
67,892,214,998,307
67,1153,195,1252,260
67,928,212,999,308
68,1461,181,1595,293
68,1045,178,1110,224
68,758,214,921,349
68,1255,176,1358,267
68,462,232,731,477
68,1411,169,1484,230
68,891,216,994,311
68,1326,121,1381,170
68,917,213,998,307
68,888,216,965,314
68,1138,214,1222,264
69,1458,179,1590,292
69,1245,176,1358,266
69,1046,177,1109,224
69,755,213,917,351
69,455,232,728,479
69,1410,169,1485,230
69,900,212,995,308
69,886,217,964,316
69,1326,120,1381,170
69,1607,218,1918,518
69,1198,200,1255,254
69,892,252,961,317
70,1457,179,1588,291
70,751,215,913,351
70,1045,178,1109,225
70,1253,176,1358,267
70,1411,169,1486,231
70,1610,217,1917,507
70,446,235,719,482
70,1108,193,1244,263
70,883,214,987,316
70,1326,120,1381,170
70,908,213,993,309
71,1046,178,1111,224
71,1456,180,1586,289
71,743,215,911,350
71,1253,175,1357,267
71,1409,167,1487,232
71,435,236,709,484
71,1096,186,1231,260
71,876,215,956,316
71,1613,214,1915,501
71,1326,118,1381,169
71,918,209,990,307
71,885,212,990,312
72,740,215,907,353
72,1454,183,1584,289
72,1045,178,1111,226
72,1253,176,1357,266
72,1613,213,1915,493
72,1410,168,1488,233
72,875,214,956,319
72,0,383,270,818
72,875,212,987,317
72,919,208,990,307
72,1326,118,1381,169
72,1133,192,1215,259
72,1079,217,1162,265
72,1079,53,1136,98
73,1455,182,1583,289
73,735,214,904,355
73,1254,177,1357,267
73,1613,214,1909,489
73,1410,172,1484,232
73,1046,178,1109,226
73,407,240,695,493
73,868,214,963,321
73,1326,120,1382,169
73,1067,216,1146,268
73,1128,201,1202,263
73,912,210,988,310
73,1886,226,1919,454
73,1066,204,1173,267
73,1086,52,1137,93
74,1452,183,1579,289
74,731,214,902,357
74,1253,177,1357,267
74,1410,172,1482,233
74,1617,213,1908,483
74,398,243,688,498
74,866,215,958,321
74,0,416,244,850
74,1054,203,1188,269
74,1327,122,1381,169
74,1048,177,1110,225
74,905,212,986,311
74,1078,50,1138,98
74,1130,178,1211,247
74,1132,198,1195,254
75,1453,183,1577,289
75,730,215,900,357
75,386,244,682,504
75,1254,177,1357,267
75,1410,172,1483,233
75,1617,208,1900,475
75,864,215,954,321
75,1327,121,1381,170
75,1042,211,1151,275
75,901,212,983,311
75,867,212,984,313
75,1042,216,1123,272
75,1047,176,1111,222
75,1887,226,1919,293
75,0,407,229,876
75,1078,52,1138,102
75,1127,181,1209,241
76,1451,182,1575,289
76,722,215,895,361
76,1614,206,1898,468
76,1030,206,1156,272
76,1253,177,1357,267
76,381,244,675,512
76,1410,171,1481,232
76,1327,121,1381,169
76,865,211,981,313
76,1127,180,1208,239
76,1888,223,1919,288
76,1051,176,1112,216
77,720,215,888,362
77,1614,203,1891,460
77,1448,187,1573,288
77,1254,176,1357,266
77,1410,170,1480,232
77,365,245,662,517
77,859,212,979,323
77,1021,205,1145,274
77,1327,120,1382,168
77,1883,220,1919,291
77,1131,183,1213,238
77,859,215,941,323
77,1022,222,1102,274
78,713,215,886,362
78,1450,184,1572,286
78,1254,176,1356,266
78,1409,170,1479,232
78,357,247,658,525
78,1611,203,1885,454
78,1884,218,1919,295
78,856,212,978,322
78,1449,215,1571,287
78,1326,121,1381,168
78,1129,182,1212,238
78,1014,210,1132,273
78,855,215,940,324
78,1012,220,1103,274
78,1076,47,1140,99
79,1448,185,1570,285
79,705,214,882,364
79,0,374,171,952
79,1254,175,1356,266
79,1004,215,1087,278
79,1408,170,1485,230
79,347,253,651,529
79,1608,201,1878,446
79,1126,178,1206,241
79,1327,121,1381,168
79,1884,220,1919,296
79,849,210,974,320
79,1077,50,1142,98
79,851,213,940,323
79,1589,245,1628,282
79,1048,177,1111,217
80,1448,186,1569,285
80,1254,176,1357,266
80,703,214,881,365
80,1448,216,1567,286
80,997,215,1085,281
80,1410,170,1479,231
80,1327,120,1382,169
80,1050,176,1108,223
80,846,208,970,313
80,1124,180,1205,243
80,1885,218,1919,295
80,0,362,156,976
80,846,215,936,326
80,1079,51,1141,99
81,1447,188,1566,285
81,1254,177,1356,266
81,989,216,1094,280
81,843,215,934,327
81,1447,216,1564,286
81,1050,176,1107,224
81,698,215,878,368
81,1409,172,1478,231
81,1127,180,1206,243
81,1327,119,1381,170
81,1886,218,1919,295
81,846,211,966,323
82,1445,187,1565,284
82,695,215,877,369
82,1253,177,1356,267
82,982,215,1088,286
82,1050,177,1109,224
82,841,217,934,326
82,1327,120,1382,169
82,1410,172,1480,231
82,1125,180,1205,243
82,1605,195,1861,427
82,844,212,965,322
82,1886,218,1919,295
82,1080,53,1142,98
82,1835,226,1918,300
83,1444,187,1563,284
83,977,212,1084,288
83,691,215,873,373
83,0,493,105,927
83,1253,177,1356,267
83,1049,178,1109,225
83,1327,120,1382,171
83,838,216,934,327
83,1410,172,1479,232
83,842,211,962,322
83,1121,180,1202,246
83,1886,215,1919,293
83,1082,54,1144,95
83,842,247,924,329
84,1443,186,1560,284
84,974,215,1077,288
84,1253,177,1356,266
84,838,209,960,324
84,682,213,866,376
84,1049,178,1109,224
84,1327,120,1382,169
84,280,256,610,556
84,1120,181,1202,247
84,1409,170,1477,232
85,1439,185,1559,283
85,1253,176,1356,265
85,965,216,1069,286
85,1047,177,1110,224
85,0,521,73,968
85,1597,191,1846,412
85,1327,119,1382,169
85,679,214,864,378
85,1409,169,1479,232
85,1122,182,1205,245
85,837,210,958,320
85,1086,54,1148,97
85,839,258,920,330
85,834,218,925,328
86,1438,186,1557,284
86,963,216,1065,286
86,1254,177,1356,265
86,676,213,861,381
86,1048,178,1110,225
86,832,210,954,319
86,251,267,594,575
86,1326,119,1382,170
86,1409,170,1478,231
86,1120,182,1201,247
86,1594,191,1841,407
86,827,222,921,330
87,1254,176,1356,265
87,1434,185,1556,283
87,666,213,858,385
87,1046,178,1110,224
87,961,218,1053,288
87,829,209,953,320
87,1434,218,1555,283
87,1593,191,1829,402
87,1327,119,1382,169
87,237,270,586,580
87,1409,169,1478,231
87,1119,183,1200,247
87,826,221,915,330
88,1433,186,1554,284
88,1254,176,1356,266
88,663,215,856,386
88,955,218,1055,289
88,826,210,950,324
88,1047,178,1110,225
88,820,221,908,331
88,1587,191,1822,396
88,1327,120,1381,170
88,225,273,576,583
88,1410,171,1480,230
88,1121,187,1197,247
88,1887,218,1919,291
89,953,220,1050,289
89,1254,178,1356,267
89,659,216,852,387
89,1432,187,1553,284
89,1046,179,1110,226
89,821,211,946,323
89,817,223,906,332
89,1434,221,1550,283
89,1581,188,1817,393
89,1121,191,1195,249
89,1327,121,1381,172
89,207,274,569,591
89,1409,172,1484,231
89,1887,221,1919,291
89,1090,59,1151,99
90,948,219,1048,290
90,1255,177,1356,266
90,1432,188,1549,283
90,196,277,559,599
90,1046,176,1109,225
90,812,223,905,334
90,1120,191,1195,249
90,820,212,944,322
90,1327,120,1381,170
90,650,217,848,393
90,1434,220,1547,283
90,1582,187,1811,388
90,1409,173,1486,232
90,1082,47,1151,99
90,1887,216,1919,291
90,1566,209,1601,244
91,947,220,1042,290
91,1255,177,1356,266
91,182,280,551,603
91,1428,193,1545,283
91,1047,176,1109,226
91,1579,187,1805,380
91,1327,120,1381,171
91,1119,191,1195,249
91,646,219,845,395
91,812,245,902,336
91,1409,173,1488,232
91,816,212,943,322
91,1562,208,1596,246
91,809,216,912,329
91,626,287,657,353
91,1886,211,1919,293
92,946,221,1042,290
92,1255,176,1356,266
92,1430,193,1542,282
92,165,280,541,608
92,1046,176,1109,225
92,1327,119,1382,170
92,1120,190,1195,248
92,809,247,899,338
92,1574,184,1801,377
92,808,212,938,325
92,1409,172,1485,232
92,1556,208,1595,247
92,454,268,559,353
92,623,281,651,354
92,638,217,840,396
93,632,223,838,400
93,150,282,532,615
93,944,221,1039,290
93,1255,176,1356,266
93,1426,205,1538,282
93,1045,177,1109,224
93,797,228,895,340
93,1119,190,1195,248
93,1327,119,1381,170
93,1409,170,1482,233
93,799,216,933,333
93,1552,209,1595,247
94,943,221,1036,290
94,1254,176,1356,265
94,627,223,837,401
94,1428,218,1537,282
94,1044,176,1109,224
94,132,282,523,622
94,1118,191,1195,248
94,1326,120,1381,170
94,792,226,893,339
94,793,222,928,336
94,110,373,162,425
94,1409,169,1482,234
94,1104,61,1155,100
94,814,211,934,326
94,1087,58,1154,100
95,939,222,1032,291
95,1254,177,1356,265
95,1425,213,1535,281
95,1044,177,1109,224
95,114,286,514,629
95,1327,119,1382,170
95,1117,190,1195,248
95,788,227,890,341
95,1104,62,1154,101
95,625,222,848,401
95,789,223,928,336
95,1410,170,1484,233
95,1087,59,1153,101
96,1319,943,1918,1071
96,937,223,1033,292
96,1254,176,1356,265
96,1424,204,1534,281
96,1044,177,1109,223
96,616,224,827,403
96,786,226,888,343
96,104,285,504,634
96,1115,189,1195,250
96,1563,175,1777,362
96,1110,64,1154,101
96,1327,120,1381,169
96,1093,61,1154,101
96,1409,167,1493,234
96,821,215,931,330
97,89,292,491,641
97,1403,887,1918,1069
97,1254,177,1356,265
97,934,223,1029,294
97,1423,201,1533,281
97,1045,175,1109,225
97,1109,64,1155,102
97,1114,186,1198,250
97,1326,120,1381,170
97,1089,61,1155,104
97,772,219,884,340
97,1409,168,1489,233
97,830,215,927,331
98,1383,836,1918,1080
98,1254,177,1355,265
98,932,225,1028,296
98,69,296,481,655
98,1422,202,1531,281
98,1045,175,1109,225
98,1114,187,1195,250
98,1327,121,1381,169
98,605,229,819,414
98,1105,63,1156,103
98,1409,165,1492,232
98,768,217,899,340
98,1554,172,1762,355
98,1091,60,1158,105
98,777,232,883,342
98,820,214,924,334
99,1386,785,1919,1078
99,1419,199,1529,281
99,1253,177,1356,265
99,932,225,1031,295
99,1114,190,1192,251
99,1046,174,1109,225
99,1106,64,1158,104
99,1326,122,1381,172
99,767,220,888,341
99,51,300,472,656
99,1410,163,1493,232
99,1088,61,1158,105
99,35,397,89,442
100,1407,743,1918,1069
100,1254,177,1355,265
100,1418,198,1527,280
100,928,225,1028,297
100,1112,189,1191,251
100,1045,177,1111,226
100,759,219,879,343
100,1325,120,1381,171
100,592,230,809,420
100,1101,61,1157,105
100,1547,174,1755,348
100,1168,180,1217,233
101,1416,198,1526,279
101,1254,176,1355,264
101,929,224,1026,298
101,23,306,451,677
101,1111,189,1191,251
101,1045,177,1111,226
101,587,231,806,422
101,1326,120,1381,170
101,1508,696,1918,1070
101,1544,173,1746,346
101,758,219,875,343
101,1103,60,1159,105
101,548,288,595,363
101,1085,57,1160,107
101,1167,180,1217,233
101,1411,167,1484,233
102,1253,176,1355,264
102,1599,661,1919,1062
102,1414,196,1525,278
102,928,225,1025,298
102,1045,177,1111,226
102,1111,191,1191,251
102,579,230,804,426
102,744,220,868,346
102,1326,120,1382,170
102,4,309,445,685
102,1105,59,1159,106
102,1543,173,1739,343
102,1084,57,1159,106
102,1164,180,1217,234
102,802,213,910,332
103,1253,176,1355,264
103,1415,193,1525,276
103,926,225,1023,298
103,1111,189,1191,251
103,1045,177,1111,226
103,1541,170,1735,339
103,572,233,794,426
103,736,217,864,346
103,1088,56,1159,107
103,1326,119,1381,170
103,0,310,431,697
103,1168,181,1218,233
103,783,213,909,329
104,925,225,1023,299
104,1253,176,1355,264
104,1416,193,1524,277
104,1111,187,1190,251
104,1045,176,1112,226
104,1539,170,1730,335
104,0,318,424,700
104,740,227,862,351
104,1087,58,1160,107
104,1326,120,1381,170
104,560,234,791,429
104,1173,184,1219,233
104,1742,673,1918,1072
104,774,215,910,338
105,923,226,1023,299
105,1253,176,1355,264
105,0,321,407,711
105,1416,195,1520,277
105,735,228,859,352
105,1537,172,1725,334
105,1045,175,1112,225
105,550,234,788,434
105,1110,188,1190,252
105,1326,120,1381,171
105,1170,182,1220,236
105,1099,64,1161,106
105,791,217,907,334
105,1798,652,1919,1070
106,922,225,1021,300
106,1253,176,1354,264
106,1045,176,1112,225
106,1415,192,1519,276
106,548,236,781,436
106,0,328,399,707
106,1535,171,1718,333
106,1326,120,1381,171
106,728,222,856,357
106,1171,183,1219,236
106,811,218,902,334
106,1109,206,1188,253
106,1109,190,1190,251
106,1101,64,1161,106
106,1847,617,1919,1071
106,782,214,905,339
106,0,529,41,728
107,921,225,1021,301
107,1252,176,1354,264
107,1413,191,1517,275
107,1045,176,1111,225
107,1109,197,1188,254
107,1326,120,1381,171
107,1171,183,1219,234
107,718,225,854,353
107,1089,61,1163,108
107,1533,172,1710,332
107,538,238,777,442
107,791,219,894,338
107,1886,212,1919,291
108,921,225,1020,301
108,1253,176,1354,264
108,1044,176,1111,226
108,1414,189,1515,274
108,1529,173,1704,330
108,713,226,848,355
108,1108,190,1189,254
108,1326,121,1381,171
108,533,238,771,448
108,1170,183,1220,234
108,789,216,895,334
108,1886,213,1919,291
108,1093,61,1164,108
109,918,225,1019,303
109,1252,177,1354,264
109,1044,177,1112,225
109,1413,189,1516,273
109,707,229,843,357
109,1108,187,1189,253
109,1326,120,1381,170
109,528,240,766,447
109,1168,182,1219,233
109,1524,172,1702,326
109,1108,205,1190,257
109,703,221,884,349
109,786,214,895,334
110,917,225,1018,302
110,1252,177,1354,263
110,1045,178,1111,224
110,697,230,837,359
110,0,350,354,750
110,1414,190,1514,273
110,1108,188,1187,253
110,1169,183,1220,234
110,1327,119,1381,170
110,1519,171,1698,324
110,780,215,889,337
110,1102,63,1168,109
110,514,240,760,452
110,864,229,906,294
111,915,226,1020,304
111,1253,176,1354,263
111,1045,178,1110,224
111,0,361,345,767
111,1107,188,1187,253
111,1415,190,1512,273
111,1521,172,1693,324
111,694,229,836,362
111,507,244,753,457
111,1328,120,1382,169
111,1168,183,1220,234
111,1103,63,1167,109
111,749,209,888,336
111,858,227,899,295
112,0,365,335,776
112,919,225,1020,303
112,1045,178,1110,225
112,1253,177,1354,263
112,1517,173,1690,323
112,689,230,834,363
112,1105,191,1187,259
112,498,247,746,463
112,1412,186,1510,273
112,1327,121,1382,170
112,1167,181,1220,234
112,1107,66,1170,110
112,731,209,887,336
112,1887,212,1919,293
113,0,365,321,793
113,913,226,1018,304
113,1252,177,1353,263
113,1103,193,1185,260
113,1046,179,1109,225
113,1409,180,1511,273
113,683,229,829,366
113,486,249,740,464
113,1326,121,1381,171
113,1169,184,1221,234
113,730,213,886,333
113,1110,69,1170,112
113,1886,210,1919,292
114,912,227,1018,303
114,0,369,312,802
114,1253,177,1354,263
114,1046,179,1109,225
114,672,227,826,368
114,1409,177,1510,271
114,1102,191,1182,260
114,1327,122,1381,172
114,1507,175,1682,321
114,1171,184,1221,235
114,481,250,736,474
114,756,215,884,341
114,1114,70,1171,112
115,913,227,1017,305
115,0,383,302,820
115,1253,178,1353,263
115,1046,179,1109,225
115,1408,175,1509,271
115,666,233,821,370
115,1101,195,1180,260
115,1506,175,1678,319
115,472,251,729,475
115,1327,122,1381,172
115,1161,182,1221,236
115,763,217,882,346
116,0,389,292,827
116,910,224,1017,305
116,660,234,818,372
116,1253,177,1351,263
116,1046,178,1110,225
116,1506,175,1671,316
116,1100,194,1181,259
116,1408,179,1509,271
116,462,253,720,482
116,1327,123,1381,172
116,743,215,876,344
116,1160,184,1220,236
116,1886,210,1919,291
116,1114,69,1170,112
117,0,396,284,840
117,910,225,1018,303
117,1045,179,1109,225
117,651,232,815,373
117,1100,193,1182,260
117,1253,175,1350,262
117,453,254,717,482
117,1408,183,1510,270
117,1327,121,1382,171
117,1505,174,1668,316
117,1122,70,1170,112
117,726,211,876,343
117,1161,184,1220,236
117,1886,211,1919,289
118,0,398,272,849
118,913,225,1019,302
118,647,230,810,377
118,1046,179,1108,224
118,444,255,711,486
118,1254,174,1350,261
118,1407,181,1507,268
118,1098,191,1182,258
118,1327,120,1382,170
118,1123,68,1173,113
118,741,213,870,344
118,1502,174,1662,313
118,1161,183,1220,236
118,1885,210,1919,291
118,853,236,895,293
118,1101,63,1170,112
119,0,408,262,860
119,641,233,806,378
119,912,224,1019,302
119,1407,178,1506,267
119,1046,178,1108,222
119,1098,201,1179,260
119,1254,174,1350,261
119,434,255,703,487
119,1327,119,1381,170
119,731,211,867,346
119,1123,68,1173,112
119,503,979,1216,1075
119,1823,236,1919,667
119,1152,179,1220,237
119,1501,175,1659,310
120,0,420,250,874
120,906,224,1019,307
120,1252,174,1352,261
120,1405,179,1503,268
120,587,932,1434,1071
120,637,231,803,382
120,1046,178,1109,225
120,1098,193,1180,260
120,421,255,697,491
120,1496,174,1655,311
120,1327,121,1381,170
120,728,208,863,349
120,1810,228,1919,648
120,1158,180,1220,238
120,1117,74,1173,114
121,0,430,239,891
121,667,889,1519,1071
121,910,226,1020,305
121,1251,175,1352,261
121,634,232,801,378
121,1406,178,1502,268
121,1045,177,1108,226
121,1098,201,1179,261
121,412,258,689,497
121,1327,121,1380,173
121,1495,175,1649,311
121,1124,73,1172,115
121,1803,234,1918,655
121,721,214,864,354
121,1150,178,1221,239
122,740,842,1586,1068
122,910,227,1020,304
122,625,236,793,387
122,0,433,230,903
122,1251,175,1350,261
122,1406,181,1499,267
122,1045,178,1108,225
122,1097,202,1180,261
122,1491,176,1645,310
122,1784,239,1918,633
122,1327,122,1380,172
122,706,210,858,352
122,403,259,683,501
122,1124,73,1172,116
122,1145,179,1221,242
123,802,801,1632,1072
123,0,443,218,915
123,911,226,1020,304
123,1251,175,1350,261
123,616,238,794,390
123,1405,184,1497,266
123,1045,176,1107,225
123,1096,202,1178,261
123,1327,122,1380,172
123,702,212,856,351
123,390,264,676,506
123,1119,74,1173,116
123,1771,232,1918,609
123,1490,175,1640,309
123,1146,179,1220,241
124,883,766,1672,1073
124,0,450,208,927
124,908,224,1020,305
124,1251,174,1350,260
124,1045,177,1106,225
124,1405,181,1497,266
124,704,211,852,352
124,1095,200,1178,260
124,609,238,790,388
124,1326,121,1381,172
124,1116,71,1173,116
124,1152,176,1220,240
124,1486,175,1637,308
124,1739,225,1919,579
125,963,725,1701,1073
125,907,224,1019,304
125,0,459,198,941
125,1045,177,1106,224
125,1251,173,1350,260
125,604,241,784,389
125,1404,185,1493,266
125,1094,202,1178,260
125,1486,176,1632,306
125,1326,120,1381,171
125,712,213,847,352
125,1120,71,1173,116
125,1153,172,1220,241
125,1748,221,1918,578
126,1033,693,1726,1074
126,0,464,187,956
126,907,224,1020,305
126,1403,178,1495,264
126,1251,174,1350,260
126,600,242,778,391
126,1044,177,1106,226
126,1093,204,1176,261
126,1485,176,1630,304
126,1326,120,1381,171
126,1122,71,1177,116
126,689,214,843,355
126,1146,176,1221,243
127,1093,660,1739,1076
127,908,225,1019,308
127,1404,176,1491,264
127,0,473,174,967
127,1252,175,1349,260
127,592,242,776,394
127,1044,177,1105,226
127,1482,177,1627,301
127,1093,200,1174,264
127,351,270,651,527
127,686,213,842,357
127,1327,121,1381,171
127,1125,71,1177,116
127,1106,67,1177,113
128,1150,633,1750,1072
128,908,225,1019,309
128,585,243,770,399
128,1045,178,1105,226
128,1091,205,1175,264
128,1403,202,1491,265
128,1251,174,1349,260
128,684,214,839,359
128,342,273,643,532
128,1403,175,1494,265
128,0,477,162,990
128,1483,177,1622,302
128,1326,123,1380,173
128,1127,72,1176,117
128,1142,177,1220,245
129,1190,608,1759,1057
129,908,226,1017,311
129,582,244,767,402
129,1402,178,1489,265
129,332,276,637,539
129,1255,177,1346,260
129,1045,174,1104,226
129,1477,177,1620,301
129,678,214,836,361
129,1090,208,1172,266
129,1120,72,1177,118
129,1326,122,1380,174
129,0,491,151,1006
129,1149,167,1220,244
130,1221,582,1760,1021
130,1477,175,1616,299
130,908,226,1016,312
130,1402,177,1487,263
130,1250,174,1347,259
130,672,213,830,361
130,576,244,763,404
130,1046,177,1105,226
130,1089,191,1172,266
130,1326,122,1381,173
130,317,278,630,543
130,1124,75,1178,117
130,1151,166,1220,246
131,1247,557,1760,978
131,901,225,1016,308
131,1476,176,1614,298
131,1250,174,1347,258
131,1402,174,1488,260
131,569,242,758,405
131,665,213,827,364
131,1088,186,1171,267
131,1045,177,1104,226
131,1151,167,1219,245
131,1326,123,1381,173
131,1124,74,1178,117
131,307,281,622,549
131,1705,210,1920,514
131,0,551,124,995
132,1268,533,1760,947
132,903,223,1014,309
132,560,241,753,404
132,1401,173,1483,260
132,664,214,824,364
132,295,281,615,553
132,1251,173,1348,256
132,1472,173,1613,296
132,1698,206,1920,499
132,1088,186,1172,266
132,1046,177,1103,226
132,1151,165,1219,246
132,0,559,111,958
132,1123,73,1179,118
132,1325,124,1381,172
132,1104,70,1180,114
133,1281,511,1751,910
133,900,223,1014,310
133,558,244,749,406
133,662,216,818,366
133,1400,173,1485,260
133,0,571,94,946
133,1251,172,1348,256
133,288,280,609,555
133,1087,185,1171,268
133,1150,165,1219,245
133,1045,176,1105,226
133,1473,173,1608,296
133,1325,122,1381,171
133,1122,71,1180,118
133,1686,200,1918,492
134,1286,489,1745,882
134,552,245,747,408
134,897,224,1014,313
134,657,216,820,369
134,0,572,82,960
134,1400,175,1482,261
134,1251,174,1346,256
134,273,284,598,557
134,1087,191,1174,269
134,1149,167,1220,244
134,1471,174,1610,296
134,1045,176,1104,226
134,1115,72,1182,122
134,1326,123,1381,173
135,1289,466,1738,852
135,899,226,1011,314
135,545,245,745,411
135,654,218,817,371
135,1399,177,1483,260
135,1251,174,1346,255
135,1087,189,1173,271
135,1149,168,1220,245
135,1045,176,1102,226
135,1470,174,1604,296
135,262,288,594,575
135,1326,122,1381,174
135,1122,76,1182,122
135,0,572,69,982
136,1294,456,1732,821
136,531,242,741,417
136,894,225,1009,313
136,641,218,811,372
136,252,290,586,579
136,1398,175,1482,261
136,1086,189,1173,272
136,1150,168,1219,246
136,1251,174,1345,255
136,1326,122,1381,174
136,1046,176,1103,226
136,1468,175,1603,295
136,1119,73,1184,124
136,1669,201,1919,478
137,1294,435,1729,793
137,524,248,736,424
137,643,218,806,375
137,892,226,1006,313
137,1150,168,1219,247
137,238,294,579,583
137,1250,175,1345,255
137,1398,178,1479,261
137,1085,188,1175,272
137,1326,122,1381,174
137,1045,176,1102,226
137,1467,176,1602,293
137,1398,200,1477,261
137,1124,74,1184,125
138,1294,419,1727,769
138,891,224,1005,312
138,521,249,731,423
138,1149,167,1218,246
138,632,217,804,377
138,1398,173,1480,258
138,223,295,573,589
138,1250,174,1343,254
138,1082,188,1175,272
138,1325,124,1381,173
138,1462,179,1596,292
138,1046,178,1105,226
138,1126,75,1184,124
138,1397,197,1478,260
138,1654,197,1919,461
139,1283,403,1712,742
139,891,223,1006,312
139,514,249,726,431
139,1149,167,1218,246
139,1252,173,1344,250
139,633,217,802,376
139,1399,173,1481,258
139,210,299,564,593
139,1080,188,1176,273
139,1046,179,1106,226
139,1325,124,1381,171
139,1463,184,1593,290
139,1127,75,1186,125
139,1398,198,1477,259
140,1285,388,1696,724
140,883,224,1007,311
140,632,220,800,379
140,508,247,724,429
140,1399,172,1483,255
140,1253,172,1342,251
140,1152,168,1219,246
140,1080,189,1177,272
140,197,301,557,599
140,1122,75,1186,125
140,1325,121,1381,170
140,1046,180,1103,228
140,1463,180,1587,291
140,1084,212,1176,273
141,1282,376,1687,700
141,882,224,1001,314
141,1400,172,1482,255
141,628,218,798,381
141,496,253,718,437
141,1253,172,1341,251
141,188,305,548,605
141,1150,169,1218,246
141,1081,201,1176,273
141,1460,176,1583,287
141,1120,75,1187,126
141,1326,122,1381,170
141,1046,180,1117,230
141,1084,221,1175,273
142,1287,366,1690,680
142,881,226,1001,315
142,623,220,794,382
142,495,256,715,442
142,1400,173,1484,255
142,1150,171,1216,247
142,1251,174,1340,251
142,172,306,543,614
142,1079,195,1175,275
142,1458,178,1583,291
142,1326,121,1381,172
142,1046,180,1116,229
142,1138,80,1188,130
142,1083,218,1173,274
143,1289,355,1669,658
143,878,227,999,317
143,489,258,709,445
143,614,222,790,385
143,1401,172,1486,254
143,1251,173,1340,252
143,1151,171,1217,250
143,160,307,530,622
143,1456,177,1582,290
143,1077,193,1173,275
143,1326,120,1380,173
143,1123,77,1189,127
143,1048,182,1114,231
144,1279,341,1660,640
144,875,228,996,316
144,480,260,704,447
144,1401,171,1487,254
144,613,222,788,386
144,146,309,527,623
144,1252,173,1340,251
144,1150,172,1217,249
144,1451,176,1580,291
144,1078,205,1171,277
144,1118,74,1189,128
144,1887,231,1919,287
144,1326,120,1381,173
144,1047,181,1114,235
145,1276,331,1661,623
145,472,263,698,451
145,871,227,996,314
145,1453,190,1578,288
145,607,222,786,389
145,134,311,518,630
145,1252,172,1339,250
145,1401,171,1484,252
145,1077,208,1170,277
145,1149,172,1216,250
145,1326,121,1381,172
145,1119,75,1193,128
145,1045,180,1117,236
145,1883,219,1919,294
146,1282,325,1642,608
146,464,263,697,453
146,600,223,784,391
146,1453,183,1577,286
146,114,312,510,637
146,1252,172,1340,250
146,865,227,993,313
146,1077,215,1169,278
146,1150,172,1216,250
146,1402,170,1480,253
146,1326,121,1381,171
146,1125,77,1194,128
146,1046,179,1118,239
146,1885,215,1919,297
146,1141,82,1196,130
147,1280,315,1625,593
147,460,263,693,453
147,1452,183,1574,286
147,596,224,783,393
147,109,314,502,643
147,859,227,991,315
147,1076,214,1170,278
147,1251,172,1339,250
147,1148,171,1216,248
147,1402,169,1490,252
147,1123,77,1194,128
147,1326,121,1381,171
147,1046,179,1117,241
147,1885,210,1919,297
148,1286,306,1617,579
148,453,263,686,454
148,596,224,780,395
148,1448,186,1573,286
148,97,316,494,651
148,854,227,988,317
148,1077,207,1171,277
148,1252,172,1339,250
148,1326,121,1382,171
148,1406,172,1483,251
148,1124,78,1194,129
148,1145,173,1216,248
148,1046,177,1115,240
148,1885,212,1919,295
149,1281,300,1607,567
149,439,267,682,465
149,592,224,777,399
149,85,321,481,657
149,1077,200,1171,278
149,1447,189,1568,284
149,1253,172,1338,250
149,847,228,982,321
149,1147,174,1216,251
149,1326,121,1382,172
149,1146,84,1197,132
149,1407,170,1498,251
149,1048,177,1113,224
149,1886,215,1919,294
150,1281,298,1601,560
150,434,269,674,465
150,1446,188,1565,283
150,1075,210,1166,281
150,843,231,983,317
150,589,224,772,405
150,60,324,478,665
150,1252,175,1339,249
150,1327,120,1382,172
150,1146,174,1216,251
150,1122,78,1196,132
150,1886,215,1919,292
150,1407,172,1495,252
150,1049,176,1110,210
151,1277,292,1592,548
151,838,231,976,322
151,1443,189,1563,282
151,424,270,671,468
151,1073,204,1168,283
151,586,226,771,406
151,51,328,471,672
151,1253,175,1340,249
151,1326,120,1382,172
151,1146,173,1216,254
151,1046,175,1110,227
151,1120,76,1195,130
151,1410,170,1495,251
151,1886,216,1919,291
151,1044,175,1110,249
152,1280,287,1586,534
152,42,329,461,680
152,414,270,663,474
152,828,231,962,323
152,1072,200,1170,283
152,1442,186,1561,283
152,1252,173,1341,247
152,575,225,770,408
152,1326,120,1382,171
152,1144,173,1213,252
152,1122,77,1195,129
152,1046,175,1109,243
152,1140,191,1219,254
152,1411,170,1493,246
152,1887,217,1919,289
153,1275,284,1578,526
153,29,334,452,688
153,401,272,657,472
153,1072,205,1163,282
153,569,224,766,409
153,1252,171,1342,246
153,818,232,961,323
153,1439,185,1558,282
153,1326,120,1382,171
153,1125,80,1195,127
153,1048,175,1110,233
153,1145,86,1199,135
153,1143,174,1216,254
153,1141,195,1220,256
153,1412,169,1495,239
154,1269,282,1567,518
154,14,341,450,698
154,1070,205,1165,283
154,394,273,653,475
154,1437,180,1554,282
154,564,224,765,410
154,1252,170,1341,246
154,810,232,957,322
154,1326,118,1382,171
154,1145,176,1215,253
154,1126,80,1196,133
154,1147,84,1199,135
154,1408,167,1501,235
154,1048,175,1110,216
154,1043,176,1111,247
155,1258,280,1556,509
155,383,273,649,486
155,3,347,436,705
155,560,224,759,412
155,1252,171,1341,245
155,1059,199,1170,282
155,1145,176,1213,252
155,1437,179,1564,281
155,1325,119,1382,171
155,1407,166,1501,232
155,796,234,958,323
155,1149,85,1199,136
155,1126,80,1197,134
155,1049,174,1108,207
155,1549,173,1785,369
155,1041,175,1109,247
155,797,238,915,324
156,1259,279,1552,504
156,372,276,639,488
156,0,352,429,714
156,558,227,756,415
156,1252,171,1341,245
156,1068,206,1164,285
156,789,233,953,320
156,1437,178,1552,281
156,783,234,910,324
156,1326,119,1381,171
156,1142,177,1214,256
156,1408,167,1497,233
156,1039,175,1110,249
156,783,257,905,329
156,1050,175,1108,206
157,1260,275,1545,496
157,0,355,421,723
157,362,278,630,492
157,771,235,945,324
157,557,227,752,419
157,1253,171,1340,245
157,1068,204,1166,285
157,1436,179,1552,281
157,1543,171,1771,363
157,1139,177,1213,253
157,1326,119,1381,172
157,1407,169,1496,232
157,1039,175,1110,250
158,1255,272,1540,487
158,552,229,748,423
158,356,280,624,498
158,0,361,411,726
158,1436,178,1555,282
158,1252,172,1339,246
158,781,235,938,318
158,1062,202,1166,286
158,1408,171,1485,230
158,754,266,871,327
158,1137,178,1212,253
158,1325,119,1381,172
158,1131,85,1201,138
158,1541,169,1761,357
159,1261,267,1528,482
159,0,362,404,737
159,547,229,747,427
159,342,282,620,501
159,768,235,932,321
159,1433,176,1546,280
159,1064,207,1167,287
159,1253,171,1339,246
159,741,265,861,330
159,1326,118,1381,171
159,1137,179,1212,254
159,1409,172,1480,230
159,1538,167,1757,355
159,1129,84,1203,138
159,1033,176,1109,253
160,1258,264,1522,476
160,0,368,393,747
160,544,228,742,429
160,325,282,614,507
160,729,237,918,329
160,1254,171,1341,246
160,1064,206,1164,287
160,1434,179,1544,280
160,1326,120,1382,171
160,1409,173,1480,230
160,1141,182,1211,254
160,1130,83,1205,138
160,1885,212,1919,294
160,1148,94,1205,139
161,1255,263,1517,468
161,0,369,383,739
161,314,285,607,510
161,536,229,740,432
161,728,238,911,327
161,1254,169,1339,246
161,1434,177,1545,279
161,1053,202,1166,287
161,1325,119,1382,171
161,1410,172,1479,231
161,1139,181,1210,256
161,1134,84,1206,140
161,1032,177,1109,251
161,1885,209,1919,295
162,1259,258,1510,461
162,314,287,603,516
162,716,239,900,329
162,0,372,378,757
162,533,231,740,436
162,1255,169,1339,246
162,1060,203,1167,289
162,1133,84,1207,140
162,1325,119,1382,170
162,1409,171,1480,232
162,1434,180,1536,277
162,1136,182,1210,254
162,1030,178,1109,254
162,1886,211,1919,293
163,1258,253,1505,455
163,704,240,889,329
163,305,287,594,521
163,525,231,734,436
163,0,373,369,768
163,1058,201,1174,288
163,1254,169,1339,245
163,1434,184,1534,280
163,1134,179,1210,254
163,1325,119,1382,170
163,1148,91,1205,141
163,1132,81,1202,121
163,1132,84,1204,141
163,1409,173,1479,232
163,1025,183,1107,258
163,1886,213,1919,292
164,1259,251,1501,452
164,695,241,871,335
164,0,382,363,778
164,295,291,587,526
164,517,234,729,438
164,1055,202,1169,286
164,1254,169,1339,246
164,1134,181,1210,255
164,1325,119,1381,171
164,1516,167,1719,339
164,1022,188,1107,259
164,1133,82,1203,118
164,1143,92,1207,145
164,1886,213,1919,292
164,1435,181,1529,264
164,1409,172,1481,234
165,1260,249,1496,443
165,681,244,870,334
165,0,386,355,784
165,284,294,578,532
165,1059,204,1166,288
165,508,234,728,443
165,1254,168,1340,247
165,1134,182,1210,254
165,1514,167,1709,336
165,1434,180,1525,267
165,1325,120,1381,170
165,1021,194,1107,263
165,1132,82,1203,118
165,1022,216,1062,264
165,1886,213,1919,292
165,1145,89,1207,142
166,1260,242,1490,437
166,671,244,853,336
166,278,297,575,535
166,505,239,721,446
166,0,390,344,794
166,1053,203,1164,289
166,1257,167,1340,244
166,1132,181,1208,252
166,1431,180,1524,265
166,1326,120,1380,170
166,1064,176,1108,203
166,1886,213,1919,292
166,1021,225,1060,262
167,1262,242,1487,430
167,266,303,565,534
167,666,246,821,335
167,499,241,718,449
167,0,387,338,808
167,1432,181,1521,269
167,1053,203,1162,291
167,1257,167,1340,242
167,1132,181,1209,252
167,1325,119,1381,170
167,1020,220,1062,263
167,1019,198,1111,262
167,1062,175,1108,203
168,1263,243,1484,426
168,252,305,557,541
168,0,405,329,818
168,664,246,809,336
168,486,240,713,449
168,1055,203,1166,289
168,1256,166,1339,242
168,1134,182,1211,256
168,1428,181,1518,265
168,1325,120,1381,170
168,1019,190,1112,264
168,1019,214,1067,266
169,1264,242,1481,421
169,242,305,552,544
169,651,245,796,338
169,480,241,708,449
169,1255,166,1339,241
169,1055,212,1167,291
169,1,410,319,823
169,1133,182,1210,251
169,1018,189,1114,264
169,1325,120,1381,170
169,1424,181,1514,266
169,1145,94,1208,147
169,1136,82,1203,118
170,1264,240,1478,413
170,649,247,784,338
170,235,305,545,544
170,473,243,702,458
170,1054,203,1166,292
170,1255,166,1338,242
170,0,420,311,830
170,1015,192,1115,265
170,1133,183,1210,259
170,1325,120,1381,169
170,1136,83,1205,120
170,1015,211,1069,266
170,1425,183,1512,265
170,1135,85,1207,148
170,1886,211,1919,292
170,1412,176,1490,242
171,1267,237,1475,409
171,460,245,700,459
171,225,308,537,550
171,1054,203,1166,294
171,0,426,302,840
171,1137,84,1205,116
171,1256,166,1337,243
171,647,251,759,339
171,1325,122,1380,171
171,1138,89,1208,150
171,1014,217,1065,269
171,1133,185,1211,270
171,1886,218,1919,290
171,1014,202,1109,267
171,1414,175,1493,244
171,1060,174,1107,204
172,1270,235,1475,404
172,0,432,294,851
172,454,250,693,461
172,214,312,531,560
172,1053,204,1170,296
172,1257,166,1338,241
172,1137,84,1204,119
172,1013,213,1059,271
172,1326,122,1380,171
172,643,256,745,338
172,1139,88,1208,152
172,1012,206,1089,268
172,1133,185,1212,267
172,1886,217,1919,291
172,1059,173,1106,203
172,1430,182,1506,259
172,1416,172,1488,236
172,1156,109,1208,154
173,1270,232,1472,399
173,0,439,287,861
173,201,313,521,561
173,451,248,686,464
173,1050,202,1165,295
173,1257,166,1337,238
173,1326,122,1381,170
173,1010,214,1058,273
173,656,211,841,274
173,1009,206,1124,271
173,1139,84,1200,119
173,1133,185,1210,267
173,1012,207,1065,269
173,1433,186,1496,265
173,1886,216,1919,289
173,1137,86,1206,153
173,1418,173,1490,236
173,1058,174,1106,202
174,0,445,278,866
174,188,314,514,575
174,1272,230,1471,392
174,435,245,682,468
174,1048,200,1167,295
174,1010,205,1060,267
174,1007,205,1078,269
174,1257,166,1337,236
174,1131,183,1208,261
174,1326,122,1381,170
174,1139,84,1197,117
174,1433,184,1494,275
174,1420,172,1482,231
174,1138,87,1206,154
175,0,450,270,878
175,175,316,509,579
175,1273,226,1471,387
175,425,250,675,474
175,1256,165,1338,234
175,1048,201,1163,294
175,1007,203,1119,268
175,1140,84,1203,115
175,1133,186,1209,268
175,1326,120,1381,170
175,1006,211,1058,272
175,1009,203,1069,266
175,1428,178,1493,237
175,1053,177,1108,204
175,1138,86,1207,153
176,0,456,263,885
176,1274,222,1469,383
176,163,316,501,575
176,419,246,669,475
176,1048,199,1167,295
176,1256,165,1337,233
176,1005,210,1058,272
176,1005,203,1118,269
176,1417,170,1492,233
176,1134,187,1209,270
176,1326,120,1382,170
176,1140,85,1199,114
176,1054,176,1108,203
177,151,320,493,577
177,1278,223,1469,378
177,0,458,254,894
177,410,253,663,477
177,1046,198,1171,298
177,1256,165,1337,232
177,1003,210,1058,272
177,1002,204,1099,269
177,1134,186,1208,270
177,1326,121,1382,171
177,1419,176,1491,270
177,1415,169,1490,238
177,1049,178,1108,204
178,0,466,248,905
178,144,324,487,586
178,1280,222,1469,375
178,408,254,658,483
178,0,960,279,1069
178,1043,199,1168,300
178,1256,164,1337,232
178,1001,216,1056,273
178,1001,206,1068,271
178,1133,188,1209,272
178,1418,172,1488,248
178,1326,123,1382,171
178,1424,178,1488,268
179,1281,222,1470,372
179,132,326,479,592
179,0,475,241,875
179,401,254,651,486
179,1,868,529,1068
179,1043,201,1159,299
179,1256,164,1337,232
179,999,221,1054,276
179,1415,172,1487,255
179,1132,187,1209,276
179,1326,124,1380,171
179,998,206,1124,275
179,1144,96,1209,152
180,117,328,472,601
180,1284,220,1468,370
180,392,253,644,490
180,0,773,751,1071
180,0,479,236,819
180,1257,163,1337,232
180,998,216,1055,275
180,1044,199,1161,297
180,1412,172,1486,247
180,1326,121,1380,171
180,1133,187,1210,274
180,1142,90,1202,124
180,1144,95,1211,153
180,1322,155,1371,174
181,108,328,462,602
181,1287,217,1469,365
181,383,253,638,494
181,1257,162,1336,230
181,1043,199,1171,298
181,996,211,1054,274
181,1410,169,1489,254
181,0,484,223,789
181,1134,187,1210,273
181,1326,120,1381,171
181,1146,99,1212,153
181,1143,90,1191,120
182,1290,214,1470,361
182,97,331,457,608
182,369,253,634,499
182,1043,199,1171,297
182,1256,163,1337,229
182,1411,171,1487,256
182,995,211,1053,274
182,0,490,216,759
182,1136,187,1208,272
182,1146,97,1211,154
182,994,204,1116,274
182,1469,169,1631,309
182,1326,119,1381,170
183,86,330,449,614
183,1295,214,1469,356
183,360,256,627,502
183,0,499,202,785
183,1042,198,1171,297
183,1257,162,1334,231
183,996,213,1053,275
183,1135,187,1208,272
183,1408,171,1487,255
183,1466,169,1628,308
183,1146,98,1212,154
183,995,207,1127,276
183,1325,119,1381,170
183,1048,177,1109,202
183,699,208,841,267
184,78,337,443,617
184,1297,214,1471,355
184,351,257,621,505
184,995,213,1052,278
184,1257,162,1334,232
184,1043,198,1167,297
184,1134,188,1208,274
184,1409,171,1487,261
184,1467,172,1617,307
184,1324,119,1382,172
184,0,497,195,779
184,1048,177,1107,203
185,1299,213,1473,351
185,61,340,435,630
185,0,506,192,966
185,342,259,611,512
185,992,215,1048,279
185,1258,163,1334,232
185,1039,201,1166,300
185,1466,172,1614,305
185,1135,191,1207,274
185,1326,121,1380,171
185,1406,172,1484,258
185,1886,212,1919,293
186,1305,212,1474,348
186,52,343,428,633
186,0,508,189,980
186,333,260,608,514
186,991,215,1049,279
186,1465,172,1612,301
186,1260,163,1333,232
186,1036,200,1163,301
186,1135,191,1208,277
187,45,347,422,637
187,1305,212,1475,345
187,319,264,600,517
187,985,213,1046,281
187,1461,172,1607,301
187,1259,163,1333,231
187,1034,198,1168,301
187,1136,193,1207,274
187,1326,122,1380,172
187,1886,216,1919,292
187,1057,177,1105,202
188,37,348,415,642
188,1308,210,1476,343
188,314,263,594,528
188,984,214,1044,282
188,1459,170,1606,298
188,1258,163,1333,230
188,1034,198,1165,300
188,1136,193,1207,277
188,1324,121,1381,172
189,27,349,409,645
189,1313,209,1476,337
189,307,264,587,529
189,981,216,1042,283
189,1257,162,1333,229
189,0,497,168,1003
189,1032,197,1164,299
189,1137,192,1207,278
189,1459,169,1604,297
190,10,352,402,650
190,295,268,581,534
190,1319,206,1475,334
190,981,216,1043,284
190,1258,161,1332,229
190,1033,195,1160,300
190,1455,168,1598,298
190,0,473,162,1011
190,1136,195,1206,279
190,1051,177,1108,200
191,6,354,396,661
191,1319,202,1480,333
191,288,273,570,536
191,978,225,1037,286
191,1031,196,1169,302
191,1259,160,1332,228
191,1452,168,1594,295
191,1136,199,1205,277
191,0,457,155,1018
191,1048,178,1108,203
192,2,358,389,667
192,274,275,568,538
192,1325,206,1486,332
192,975,219,1037,286
192,0,459,151,1026
192,1449,169,1591,292
192,1030,195,1165,307
192,1259,161,1333,229
192,1134,194,1205,279
193,2,361,383,674
193,265,274,561,541
193,1330,204,1490,330
193,974,225,1035,289
193,1453,169,1588,292
193,1027,197,1158,310
193,1259,164,1331,228
193,0,467,145,1033
193,1129,193,1205,281
193,1325,120,1382,172
194,1,363,373,682
194,257,275,553,546
194,1333,204,1493,332
194,1025,198,1165,310
194,973,225,1033,288
194,1453,169,1584,287
194,1259,163,1332,227
194,1127,195,1205,281
194,0,405,142,1039
194,1326,122,1382,171
195,1,366,364,688
195,250,275,549,550
195,0,541,133,940
195,973,225,1032,288
195,1340,203,1493,316
195,1024,199,1164,310
195,1453,171,1579,277
195,1259,163,1332,228
195,1128,198,1204,280
195,1055,174,1106,201
196,0,368,360,693
196,241,277,541,549
196,972,225,1029,288
196,0,543,126,949
196,1019,198,1157,310
196,1454,171,1578,284
196,1345,199,1485,298
196,1259,163,1331,225
196,1133,212,1204,280
196,1348,199,1477,274
196,1055,176,1107,201
196,1122,195,1203,282
197,0,371,351,700
197,235,277,536,553
197,0,541,120,949
197,970,225,1025,289
197,1018,198,1159,309
197,1356,196,1486,276
197,1453,173,1576,280
197,1260,163,1331,226
197,1145,217,1203,281
197,1124,195,1202,282
197,1055,176,1108,201
198,0,372,346,707
198,228,281,530,556
198,966,221,1026,289
198,1453,174,1573,263
198,0,543,115,961
198,1017,199,1152,309
198,1361,200,1490,269
198,1260,163,1331,226
198,1054,177,1107,202
198,1885,208,1919,295
199,0,376,342,714
199,224,281,525,561
199,0,561,113,962
199,1446,174,1565,247
199,964,220,1023,291
199,1015,201,1155,311
199,1259,162,1331,224
199,1371,201,1484,253
199,1146,220,1202,281
199,1886,211,1919,295
199,1054,176,1107,202
199,965,241,1018,293
199,1124,198,1200,284
200,0,379,336,721
200,216,283,519,567
200,0,592,106,968
200,1443,174,1562,239
200,1012,200,1150,318
200,961,220,1024,295
200,1259,159,1332,224
200,1136,209,1202,281
200,1122,199,1200,285
200,1055,174,1109,203
200,1377,200,1488,236
200,1325,122,1381,171
201,0,382,328,727
201,206,285,514,576
201,0,630,98,972
201,1443,174,1558,224
201,1011,204,1150,322
201,961,223,1021,296
201,1259,158,1331,225
201,1124,202,1203,283
201,1375,194,1482,229
201,1055,174,1107,203
201,1325,123,1381,172
202,0,386,320,736
202,198,287,509,578
202,1010,204,1151,323
202,958,227,1019,299
202,0,637,94,977
202,1452,174,1544,207
202,1259,158,1332,222
202,1121,201,1202,285
202,1055,174,1108,202
203,0,395,314,741
203,188,284,506,579
203,0,640,90,987
203,1009,204,1150,323
203,959,227,1018,298
203,1260,157,1332,221
203,1447,173,1543,202
203,1118,200,1200,286
203,1053,174,1107,201
203,1139,208,1203,286
203,1230,394,1271,475
204,0,398,306,748
204,181,286,502,575
204,1007,200,1149,323
204,952,222,1017,298
204,0,640,82,992
204,1260,156,1330,219
204,1053,174,1108,201
204,1116,199,1199,287
204,1324,120,1383,174
204,1139,203,1203,285
205,0,405,300,755
205,175,283,492,581
205,1260,155,1332,218
205,1007,200,1145,323
205,950,232,1014,299
205,1119,200,1201,288
205,1325,120,1381,170
205,1052,174,1107,200
206,0,408,294,765
206,161,287,491,586
206,1260,156,1331,219
206,947,222,1013,298
206,1004,200,1148,326
206,1117,201,1199,292
206,1053,174,1106,200
206,1325,121,1382,172
206,951,240,1012,297
207,0,410,289,773
207,158,287,486,592
207,1004,198,1151,326
207,1260,155,1328,218
207,946,221,1012,298
207,1138,207,1202,290
207,1118,200,1200,295
207,950,247,1011,297
207,1054,174,1106,200
208,0,415,285,778
208,149,288,479,594
208,1003,198,1152,327
208,1260,155,1331,218
208,942,220,1013,299
208,1121,202,1203,290
208,1142,217,1203,291
208,949,247,1012,298
208,1055,174,1107,201
208,1321,120,1378,164
208,1325,122,1380,155
208,1886,217,1919,293
209,0,414,277,785
209,145,290,473,596
209,1001,197,1155,328
209,940,221,1011,301
209,1261,154,1330,217
209,1149,231,1201,292
209,1119,202,1200,292
209,1055,174,1107,201
209,1244,324,1288,395
210,0,416,271,792
210,113,292,471,599
210,998,197,1155,327
210,937,220,1010,300
210,1260,155,1327,217
210,1119,202,1198,293
210,1154,232,1199,291
210,1140,220,1199,291
210,1242,320,1290,384
211,0,422,266,797
211,70,292,466,599
211,935,220,1007,300
211,994,196,1158,329
211,1260,153,1318,215
211,1118,201,1197,292
211,1246,309,1288,376
211,1153,232,1198,291
211,1140,209,1199,292
212,109,293,460,603
212,0,424,260,807
212,933,223,1004,300
212,992,196,1159,331
212,1123,206,1198,292
212,1260,152,1320,217
212,1147,225,1197,293
213,0,432,254,820
213,71,296,457,605
213,928,224,1002,301
213,990,196,1157,334
213,1121,205,1197,293
213,1260,153,1315,217
213,1054,171,1106,198
214,0,437,249,821
214,925,222,1001,305
214,63,297,450,613
214,986,195,1157,336
214,1119,206,1195,297
214,1260,152,1306,219
215,0,444,243,825
215,63,298,446,614
215,922,223,998,305
215,984,195,1156,339
215,1119,206,1194,298
215,1261,150,1309,217
216,0,446,239,833
216,68,298,443,620
216,983,197,1156,335
216,920,223,995,306
216,1118,206,1195,296
216,1260,152,1301,213
217,0,451,234,839
217,69,298,438,622
217,916,222,991,306
217,982,196,1153,342
217,1117,206,1195,294
218,0,455,229,844
218,914,223,990,309
218,65,301,428,625
218,974,196,1153,337
218,1118,207,1195,295
219,0,459,221,849
219,55,303,425,629
219,913,223,988,311
219,1113,206,1194,294
219,973,199,1149,346
220,0,462,213,856
220,51,302,420,633
220,906,221,985,311
220,1112,207,1193,295
220,968,198,1143,348
220,1260,149,1301,212
221,0,466,209,864
221,40,306,423,637
221,964,198,1143,349
221,1111,204,1191,296
221,903,221,982,308
221,1057,175,1105,201
221,1260,149,1301,211
222,0,469,205,870
222,963,200,1143,350
222,903,221,980,315
222,38,307,412,643
222,1110,206,1190,298
222,1260,149,1301,211
223,0,476,200,875
223,32,311,407,648
223,960,201,1141,351
223,902,222,976,314
223,1110,207,1191,297
223,1578,174,1614,242
223,0,419,37,480
224,0,483,195,882
224,18,313,401,651
224,897,221,971,315
224,950,199,1137,356
224,1110,207,1191,296
224,901,239,966,318
225,0,483,191,888
225,15,312,396,655
225,1107,207,1188,297
225,894,222,968,317
225,946,199,1138,357
226,0,484,186,893
226,8,313,391,656
226,941,199,1136,360
226,889,225,960,316
226,1102,207,1187,299
226,1053,175,1110,210
227,0,481,181,902
227,1,315,384,661
227,935,200,1129,364
227,1098,206,1187,301
227,887,225,957,318
227,1052,176,1110,209
228,934,202,1129,362
228,0,486,176,912
228,1099,208,1186,301
228,5,315,377,669
228,881,224,953,317
228,1054,175,1111,212
229,932,203,1123,368
229,0,466,169,916
229,1,318,376,669
229,1097,210,1187,303
229,879,226,948,317
229,1053,175,1111,213
229,1085,214,1142,323
230,0,318,371,676
230,924,204,1124,374
230,0,487,163,919
230,875,225,948,320
230,1093,210,1187,306
230,1053,177,1110,219
230,1089,214,1145,323
230,711,211,841,269
231,0,318,368,680
231,921,204,1121,375
231,875,225,944,319
231,0,478,157,927
231,1090,210,1185,305
231,1057,177,1110,215
231,1084,216,1145,324
232,0,322,364,687
232,914,206,1119,378
232,0,487,153,938
232,1087,210,1184,305
232,874,227,940,322
232,1052,177,1110,213
232,1083,217,1140,325
232,1256,143,1306,208
233,0,326,359,691
233,0,502,148,942
233,911,210,1114,380
233,1086,211,1184,307
233,867,223,941,321
233,1051,178,1110,213
233,1080,220,1137,325
234,0,507,143,947
234,0,326,352,695
234,909,210,1109,385
234,861,225,937,322
234,1089,210,1183,307
234,1050,177,1110,214
235,0,325,347,701
235,0,492,138,954
235,900,210,1107,389
235,859,225,931,324
235,1079,213,1182,312
235,1053,177,1111,214
235,1886,216,1919,293
236,0,507,132,963
236,0,327,347,704
236,896,209,1107,397
236,853,224,925,326
236,1085,212,1181,312
236,1052,176,1110,216
236,1886,216,1919,291
237,0,329,343,708
237,890,210,1102,400
237,0,518,128,969
237,848,226,922,330
237,1085,211,1180,315
237,1050,176,1110,216
237,1885,215,1919,292
238,0,328,341,711
238,886,214,1101,406
238,0,520,120,987
238,850,226,917,329
238,1086,211,1180,316
238,1047,176,1111,220
238,1886,215,1919,293
238,1059,223,1128,337
239,0,330,339,719
239,883,214,1099,408
239,0,533,114,991
239,843,228,912,330
239,1084,211,1178,316
239,1058,223,1127,337
239,1046,177,1111,219
239,1886,211,1919,292
240,0,337,334,723
240,877,217,1104,414
240,0,542,107,990
240,841,228,908,331
240,1083,208,1180,324
240,1045,174,1111,220
240,1057,224,1122,338
241,0,337,327,726
241,870,219,1104,419
241,0,552,103,978
241,840,228,905,330
241,1082,210,1176,318
241,1046,174,1111,219
241,1057,222,1121,340
242,0,343,323,729
242,867,220,1095,420
242,1082,210,1173,319
242,0,565,96,992
242,830,230,901,334
242,1052,222,1120,341
242,1047,175,1110,219
243,857,222,1092,426
243,0,347,320,733
243,0,582,88,941
243,827,231,899,334
243,1077,213,1172,320
243,1049,223,1117,346
243,1047,176,1110,220
244,854,224,1087,433
244,0,345,316,740
244,0,600,82,948
244,821,231,897,336
244,1048,224,1116,349
244,1079,215,1170,320
244,1048,174,1110,221
244,1094,251,1166,318
245,851,225,1084,436
245,0,350,313,743
245,817,233,900,338
245,0,610,73,958
245,1072,215,1170,319
245,1051,223,1115,352
245,1049,174,1110,220
245,1081,244,1165,318
246,844,229,1086,443
246,0,347,309,749
246,0,637,62,963
246,1056,215,1168,320
246,813,234,891,338
246,1048,174,1109,221
246,1044,227,1111,356
247,0,347,303,754
247,837,232,1083,446
247,1063,215,1167,321
247,810,230,916,341
247,0,684,56,968
247,1049,174,1109,219
247,810,235,873,340
247,1031,222,1110,357
247,994,221,1116,355
248,828,235,1077,451
248,0,351,301,757
248,1065,217,1165,322
248,805,229,914,338
248,1048,175,1110,219
248,1027,223,1108,358
248,0,700,48,978
248,1075,247,1162,319
248,805,247,869,336
249,821,237,1073,455
249,0,351,299,758
249,1069,221,1162,322
249,1048,175,1110,218
249,1010,226,1108,363
249,801,233,905,339
249,800,234,866,339
249,1142,146,1209,214
249,0,703,42,989
249,801,270,859,339
250,0,353,296,763
250,816,239,1070,457
250,1019,225,1105,364
250,1067,225,1161,323
250,1048,176,1109,216
250,794,235,855,341
250,795,233,901,342
250,973,219,1109,366
251,0,352,291,771
251,811,242,1068,466
251,976,224,1103,366
251,1062,218,1159,323
251,793,229,913,346
251,1048,177,1109,215
251,792,231,876,345
251,793,227,912,288
251,1017,229,1100,367
251,792,234,849,345
252,0,357,288,771
252,802,243,1066,474
252,983,224,1100,370
252,1055,215,1157,324
252,785,226,910,347
252,1049,178,1109,215
252,1012,231,1097,369
252,788,226,909,284
252,1143,139,1210,216
253,795,243,1062,479
253,0,359,284,774
253,986,223,1096,373
253,774,225,908,348
253,1042,212,1156,329
253,1047,178,1109,219
253,1459,208,1506,277
254,788,244,1060,484
254,0,361,281,780
254,770,226,910,351
254,985,228,1094,378
254,1042,211,1156,331
254,1452,196,1504,276
254,1051,177,1109,214
254,1142,139,1210,217
255,0,363,277,785
255,784,248,1055,487
255,767,225,905,348
255,1040,213,1154,332
255,970,236,1094,381
255,1048,177,1109,215
255,1452,188,1504,273
255,1453,211,1501,273
256,0,364,276,788
256,774,247,1053,497
256,970,236,1096,383
256,762,225,897,341
256,1025,214,1155,331
256,1048,177,1110,215
256,1445,175,1504,275
257,0,366,274,793
257,763,247,1049,503
257,974,237,1091,386
257,1023,217,1154,333
257,751,223,893,358
257,1446,214,1502,272
257,1048,177,1110,214
257,1114,218,1170,288
257,761,225,892,307
258,0,367,272,797
258,757,251,1047,513
258,978,241,1087,391
258,1026,224,1152,334
258,745,228,891,361
258,1043,249,1150,334
258,1444,191,1501,271
258,1048,177,1111,215
258,1114,219,1169,288
259,0,369,267,802
259,750,255,1045,522
259,999,218,1150,334
259,953,244,1086,400
259,737,228,887,367
259,896,241,1089,397
259,1443,178,1502,271
259,997,249,1085,399
259,1026,247,1150,336
259,1050,176,1110,215
259,1445,176,1554,261
259,1114,217,1168,288
260,0,370,262,803
260,743,261,1043,527
260,1003,216,1156,336
260,908,246,1085,405
260,733,232,878,373
260,742,229,881,300
260,972,247,1081,402
260,1441,179,1497,270
260,1051,176,1109,213
261,0,373,260,807
261,734,262,1040,534
261,1011,214,1161,335
261,919,246,1085,407
261,1438,213,1497,271
261,719,236,873,372
261,1050,175,1107,213
261,741,234,873,288
262,0,371,257,810
262,727,262,1037,540
262,1016,212,1170,338
262,922,246,1080,409
262,722,233,880,378
262,724,233,880,327
262,1437,203,1495,269
262,1046,177,1109,220
262,978,254,1075,408
262,730,235,874,293
263,0,371,256,814
263,714,265,1033,547
263,1022,213,1179,340
263,919,248,1080,413
263,722,232,866,349
263,1432,209,1493,269
263,1047,177,1109,220
263,1236,120,1288,185
263,973,253,1074,410
264,0,380,253,818
264,705,268,1030,557
264,1430,205,1493,266
264,1021,213,1192,342
264,915,261,1074,414
264,715,230,865,343
264,975,265,1073,414
264,1048,177,1108,221
264,1039,251,1192,343
264,718,231,863,310
264,1236,118,1290,185
265,0,383,249,821
265,1027,215,1209,347
265,701,268,1026,566
265,1426,199,1491,266
265,902,255,1069,423
265,707,233,860,342
265,701,237,860,396
265,950,261,1071,420
265,1049,177,1109,221
265,1137,149,1210,223
265,1479,190,1550,250
266,0,389,243,826
266,691,276,1025,574
266,1054,215,1225,345
266,884,256,1070,424
266,702,235,853,337
266,1422,183,1489,265
266,699,236,854,391
266,949,266,1070,427
266,1046,177,1109,226
266,1138,155,1210,221
267,0,391,239,831
267,681,281,1024,587
267,883,260,1063,425
267,697,236,850,356
267,697,235,847,307
267,1060,232,1250,348
267,1421,178,1487,266
267,1421,203,1486,267
267,1045,178,1108,227
267,1034,216,1199,333
267,1886,216,1919,294
268,0,395,234,837
268,673,285,1019,601
268,874,265,1061,434
268,1097,216,1266,349
268,688,239,850,376
268,1418,175,1486,263
268,689,238,845,320
268,1046,178,1106,226
268,1044,252,1113,345
269,0,399,231,842
269,874,265,1058,439
269,666,290,1017,614
269,1067,217,1290,348
269,1417,174,1487,263
269,675,238,842,350
269,1123,229,1289,347
269,680,238,841,317
269,1046,177,1109,224
270,0,399,227,844
270,867,263,1059,446
270,654,294,1014,626
270,1080,215,1317,348
270,670,239,845,386
270,1417,179,1484,261
270,1036,223,1142,308
270,1414,200,1483,264
270,1048,178,1109,218
270,680,239,840,298
271,0,403,223,851
271,628,299,1012,637
271,864,265,1057,450
271,1148,213,1348,346
271,663,240,830,373
271,1034,215,1142,299
271,1415,203,1482,263
271,1097,255,1250,351
271,1414,181,1485,263
271,1048,178,1107,216
271,1098,230,1337,349
272,0,408,217,855
272,858,267,1055,453
272,617,304,1010,650
272,1031,213,1134,299
272,655,241,825,368
272,1115,244,1289,350
272,1172,214,1375,346
272,1412,206,1481,262
272,1416,193,1483,256
272,1048,179,1107,217
272,1135,152,1210,227
272,664,241,824,322
273,0,405,211,864
273,606,308,1006,668
273,853,267,1052,457
273,1136,225,1258,351
273,646,244,825,352
273,1214,211,1406,347
273,1029,214,1133,303
273,1411,200,1479,263
273,660,244,828,319
273,1133,153,1206,202
274,0,412,206,869
274,603,318,1002,685
274,838,272,1049,462
274,1024,213,1144,305
274,637,246,820,372
274,1159,213,1438,352
274,1242,213,1437,349
274,1413,194,1480,258
274,642,246,820,335
274,1132,154,1209,227
274,1133,154,1207,207
274,1234,115,1286,176
274,1412,176,1482,253
275,593,322,1002,704
275,0,416,203,880
275,631,248,815,375
275,1182,214,1471,351
275,827,275,1044,470
275,1020,213,1147,307
275,1132,157,1211,228
275,1234,114,1286,177
275,1411,195,1479,250
275,1405,203,1477,261
276,0,418,197,886
276,576,333,998,722
276,821,278,1040,477
276,627,248,808,393
276,1019,216,1143,305
276,1207,216,1503,349
276,1134,160,1211,227
276,1333,222,1503,350
276,1233,114,1292,175
277,0,421,191,891
277,571,342,998,739
277,1232,215,1542,349
277,618,248,807,392
277,817,280,1039,483
277,1016,219,1141,308
277,1131,159,1211,226
277,1233,110,1287,176
277,1411,173,1480,226
278,0,427,187,895
278,556,354,1005,758
278,808,280,1037,481
278,613,250,804,384
278,1259,215,1574,351
278,1013,217,1142,309
278,1131,162,1210,226
278,1234,110,1287,172
278,1411,172,1482,221
278,1050,178,1107,214
279,0,432,184,904
279,536,361,1005,779
279,801,282,1035,484
279,608,250,801,382
279,1288,215,1610,353
279,1009,217,1140,312
279,1128,161,1211,228
279,1234,110,1289,171
279,1051,177,1106,210
279,1411,175,1480,217
280,516,366,994,800
280,0,437,180,909
280,791,286,1028,492
280,1308,214,1647,354
280,1006,217,1137,314
280,596,255,795,415
280,1126,159,1211,227
280,1233,110,1291,169
280,1404,177,1481,217
280,1051,176,1108,213
281,504,382,997,823
281,0,438,172,916
281,1334,213,1678,355
281,768,288,1028,500
281,1006,220,1136,316
281,589,257,785,418
281,1234,110,1290,169
281,1126,160,1212,230
281,1050,177,1107,219
281,1409,177,1481,219
282,492,397,994,845
282,0,441,167,920
282,766,290,1025,509
282,1365,214,1712,356
282,1004,220,1136,318
282,579,260,780,430
282,1125,162,1211,231
282,1050,176,1107,219
282,1234,109,1288,169
282,1411,174,1482,218
283,477,404,987,870
283,753,292,1021,517
283,0,444,158,927
283,1386,214,1743,356
283,999,220,1132,319
283,571,262,772,437
283,1234,108,1286,166
283,1124,160,1212,232
283,1048,177,1110,223
283,1412,172,1483,221
284,458,415,980,891
284,748,294,1018,520
284,1409,214,1769,356
284,0,444,155,934
284,993,219,1131,320
284,559,262,764,443
284,1122,162,1211,232
284,1234,106,1290,164
284,1048,176,1111,227
284,1402,174,1482,240
284,1886,211,1919,293
285,427,429,969,918
285,735,298,1018,527
285,1432,216,1796,357
285,0,443,149,942
285,994,218,1129,320
285,551,264,760,447
285,1118,161,1211,234
285,1235,105,1289,162
285,1405,174,1484,248
285,1049,176,1109,225
285,1886,213,1919,294
286,411,441,962,944
286,724,299,1014,533
286,0,446,143,946
286,1451,217,1817,358
286,989,218,1126,321
286,543,269,750,452
286,1118,162,1211,234
286,1406,175,1488,254
286,1049,176,1111,225
286,1235,105,1286,161
286,1886,216,1919,294
286,1602,217,1818,353
287,397,450,951,965
287,1472,215,1845,358
287,713,301,1013,540
287,0,448,133,954
287,987,218,1125,322
287,531,269,741,455
287,1412,176,1499,256
287,1117,163,1210,235
287,1048,176,1113,227
287,1886,219,1919,291
288,374,466,942,989
288,705,305,1014,546
288,1488,216,1863,361
288,0,450,131,959
288,986,218,1124,322
288,524,270,736,464
288,1418,183,1497,254
288,1047,176,1112,226
288,1110,166,1210,237
288,1885,223,1919,290
289,348,483,935,1015
289,697,307,1010,552
289,1501,216,1883,361
289,0,468,122,965
289,984,218,1123,324
289,510,273,727,468
289,1426,198,1540,256
289,1110,167,1210,236
289,1235,104,1288,160
289,1048,177,1115,222
289,1422,195,1512,251
289,1414,173,1498,231
289,1875,224,1919,296
289,1841,223,1919,298
289,1044,176,1123,235
290,314,496,920,1042
290,686,309,1005,565
290,1519,215,1896,360
290,498,275,721,474
290,0,475,115,971
290,982,217,1120,325
290,1435,193,1518,253
290,1236,104,1291,159
290,1103,169,1209,234
290,1049,177,1112,220
290,1410,173,1486,229
291,285,512,911,1063
291,488,278,717,481
291,681,313,999,574
291,1532,215,1914,362
291,976,218,1121,328
291,0,481,107,899
291,1445,192,1564,251
291,1105,168,1210,236
291,1236,104,1291,158
291,1049,176,1113,221
291,1410,172,1489,229
291,1256,132,1394,294
291,1045,176,1117,239
291,1842,227,1919,292
292,247,525,897,1070
292,672,320,993,580
292,1546,216,1918,363
292,0,493,102,905
292,474,281,706,482
292,1454,190,1583,251
292,972,218,1118,326
292,1411,173,1485,228
292,1840,226,1919,302
292,1113,169,1210,236
292,1452,191,1550,241
292,1049,177,1112,220
293,202,540,882,1071
293,662,322,989,585
293,461,285,695,491
293,1556,221,1915,362
293,0,496,92,911
293,970,215,1116,330
293,1411,170,1477,227
293,1465,189,1598,252
293,1237,103,1289,154
293,1106,169,1210,237
293,1841,226,1919,277
293,1048,177,1113,222
293,1837,226,1919,322
294,159,556,857,1072
294,652,324,986,597
294,1567,219,1918,362
294,969,216,1115,332
294,0,514,83,917
294,447,286,686,497
294,1475,189,1614,251
294,1412,169,1480,231
294,1237,103,1288,154
294,1113,170,1210,239
294,1049,180,1099,225
294,1089,186,1148,243
295,116,573,835,1070
295,1578,221,1919,363
295,641,336,981,604
295,0,531,78,926
295,962,216,1113,332
295,436,290,682,504
295,1488,188,1615,250
295,1411,172,1480,233
295,1085,171,1210,241
295,1047,179,1096,225
295,1236,103,1289,157
296,63,587,812,1068
296,1594,221,1920,362
296,631,343,974,617
296,0,551,68,935
296,963,218,1113,332
296,423,291,667,512
296,1496,188,1619,250
296,1410,173,1481,233
296,1047,179,1095,225
296,1124,170,1210,241
296,1880,203,1919,252
297,8,600,792,1071
297,1604,222,1920,363
297,623,350,972,626
297,408,293,663,518
297,961,216,1112,334
297,1411,173,1483,233
297,1514,184,1616,249
297,1126,169,1212,243
297,1876,200,1919,231
297,1238,101,1291,152
298,0,617,761,1070
298,1618,221,1918,365
298,611,355,967,634
298,960,215,1109,334
298,390,298,665,526
298,1410,174,1481,234
298,1539,185,1612,248
298,1129,171,1212,243
298,1866,198,1919,239
298,1837,199,1919,268
298,1250,138,1378,290
298,1238,99,1291,153
298,1069,183,1143,240
298,1046,181,1113,231
299,0,628,734,1069
299,603,361,963,648
299,1626,222,1918,365
299,957,216,1110,335
299,1409,173,1480,233
299,377,301,639,530
299,1840,194,1919,267
299,1548,198,1608,247
299,1074,173,1210,243
299,1237,100,1292,151
299,1118,172,1210,242
300,0,637,705,1069
300,589,369,959,679
300,1638,220,1918,364
300,361,309,629,543
300,952,214,1105,335
300,1409,174,1482,233
300,1837,196,1919,260
300,1094,170,1208,243
300,1237,98,1293,150
300,1054,181,1142,245
301,0,652,680,1069
301,578,374,953,695
301,1646,218,1918,363
301,344,307,620,548
301,949,214,1106,338
301,1410,175,1483,233
301,1051,179,1137,242
301,1100,171,1209,245
302,567,376,948,710
302,0,647,649,1072
302,1661,216,1919,362
302,945,215,1102,339
302,328,311,613,555
302,1410,175,1483,234
302,1053,181,1138,248
302,1106,172,1209,247
303,556,387,939,724
303,0,689,626,1072
303,942,215,1102,344
303,1671,220,1919,360
303,309,313,608,567
303,1411,175,1483,234
303,1120,173,1208,248
303,1050,180,1139,247
303,1238,95,1294,152
304,0,704,596,1072
304,543,397,936,739
304,939,215,1101,347
304,1690,215,1919,361
304,1410,173,1485,233
304,294,314,598,571
304,1047,185,1133,249
304,1121,173,1208,248
304,1052,202,1132,250
305,532,412,932,749
305,1705,217,1918,362
305,0,717,567,1071
305,937,216,1100,346
305,1614,195,1848,295
305,273,323,592,581
305,1410,173,1485,234
305,1043,192,1127,250
305,1237,94,1292,149
306,0,727,534,1070
306,521,417,927,763
306,1722,214,1918,364
306,933,217,1099,349
306,1584,194,1840,294
306,258,326,587,589
306,1409,172,1482,234
306,1123,174,1207,248
306,1044,179,1122,246
306,1238,94,1292,149
307,510,424,921,776
307,1557,195,1813,292
307,1741,214,1919,364
307,0,738,506,1072
307,935,218,1099,349
307,242,330,575,594
307,1409,170,1483,234
307,1045,178,1120,248
307,1046,203,1122,250
308,0,758,478,1072
308,498,432,913,794
308,1759,216,1919,367
308,933,221,1094,351
308,1526,196,1816,295
308,223,334,568,604
308,1410,173,1483,234
308,1043,200,1123,254
308,1237,93,1291,147
308,1109,174,1207,251
309,486,445,907,808
309,0,768,447,1071
309,930,222,1093,352
309,203,336,554,613
309,1785,217,1918,364
309,1501,196,1784,296
309,1410,174,1482,234
309,1125,174,1207,251
309,1042,195,1129,252
310,472,452,902,822
310,0,780,413,1071
310,187,341,547,621
310,930,222,1094,356
310,1471,197,1778,296
310,1807,214,1919,366
310,1412,173,1485,234
311,460,461,900,840
311,173,345,537,628
311,0,792,383,1071
311,1443,196,1760,298
311,927,222,1094,358
311,1832,215,1919,365
311,1411,172,1486,232
311,1122,178,1205,254
311,1038,204,1118,262
312,446,472,893,851
312,153,349,525,640
312,1420,197,1721,297
312,0,804,356,1069
312,924,222,1092,359
312,1857,208,1919,359
312,1410,171,1482,231
312,1028,195,1105,258
312,1119,179,1204,253
313,423,477,889,863
313,135,355,513,647
313,1389,198,1691,298
313,923,223,1093,360
313,0,817,325,1074
313,1409,169,1482,231
313,1120,178,1205,253
313,1887,230,1919,333
313,1023,206,1105,263
313,1046,174,1132,233
313,1026,215,1101,271
314,416,490,881,878
314,1361,198,1656,299
314,0,829,301,1071
314,122,357,504,656
314,920,224,1093,363
314,1125,176,1204,254
314,1022,201,1104,265
314,1038,173,1132,247
315,406,499,872,898
315,107,366,490,664
315,0,840,272,1073
315,1331,197,1633,300
315,916,224,1093,364
315,1120,177,1203,255
315,1019,197,1102,268
315,1019,194,1101,242
315,1051,175,1130,231
316,389,508,866,911
316,90,369,481,676
316,1301,202,1593,301
316,917,225,1093,370
316,1,857,242,1076
316,1120,176,1201,255
316,1018,195,1100,256
317,379,519,862,925
317,75,375,475,682
317,917,227,1095,373
317,1275,203,1568,303
317,0,865,217,1076
317,1115,177,1201,259
317,1233,86,1288,143
317,1047,176,1125,234
317,1018,198,1093,235
317,1017,197,1106,242
318,366,528,854,939
318,57,376,466,695
318,914,229,1095,376
318,0,879,192,1075
318,1251,201,1537,304
318,1114,178,1200,258
318,1232,88,1288,143
318,1010,198,1095,267
318,1011,198,1089,236
319,351,535,849,951
319,41,380,454,706
319,914,229,1097,377
319,1228,201,1503,303
319,0,883,166,1074
319,1111,178,1200,258
319,1009,197,1122,263
319,1009,200,1084,238
319,1231,85,1286,142
320,338,540,842,963
320,26,387,443,713
320,913,230,1096,378
320,1208,201,1476,305
320,0,890,146,1075
320,1108,179,1199,258
320,1411,170,1484,229
320,1006,200,1121,262
321,324,550,837,971
321,9,394,436,722
321,912,232,1096,381
321,1180,202,1447,303
321,1107,176,1198,257
321,0,896,121,1073
321,1413,169,1483,232
321,984,204,1089,270
321,1003,200,1119,263
321,993,203,1082,256
321,981,214,1077,273
322,314,556,829,987
322,1,399,426,733
322,908,233,1095,383
322,1159,208,1422,309
322,1105,178,1198,255
322,1412,169,1482,232
322,0,912,104,1075
322,981,202,1086,271
323,296,565,823,1001
323,0,406,421,746
323,906,235,1097,389
323,1410,172,1483,234
323,1104,179,1196,258
323,1147,205,1396,308
323,1046,185,1120,256
323,990,203,1072,240
323,1321,121,1383,170
323,980,206,1078,259
323,0,921,82,1074
324,284,574,817,1012
324,1134,207,1361,310
324,0,413,411,741
324,904,238,1094,391
324,1411,174,1484,235
324,1103,178,1195,256
324,1321,120,1383,170
324,983,205,1073,258
324,0,939,67,1075
324,986,204,1070,241
325,272,581,809,1026
325,2,417,401,744
325,903,240,1094,396
325,1109,208,1347,315
325,1410,174,1483,235
325,1103,179,1194,257
325,1265,154,1371,272
325,1320,120,1382,170
325,978,209,1091,258
325,0,558,76,762
325,1106,198,1192,252
326,252,590,808,1040
326,0,412,391,765
326,900,241,1095,397
326,1102,209,1320,311
326,1411,174,1483,235
326,1320,120,1382,170
326,1105,180,1194,249
326,1265,150,1370,269
326,0,571,65,775
326,979,209,1071,253
327,243,597,800,1046
327,0,416,385,768
327,896,241,1093,402
327,1409,173,1482,234
327,1088,208,1298,312
327,1320,120,1384,170
327,1267,152,1371,269
327,1222,82,1280,135
327,1109,178,1192,216
328,228,602,792,1056
328,0,426,375,768
328,891,244,1093,407
328,1409,170,1483,233
328,1092,208,1276,313
328,1268,151,1368,267
328,1323,118,1383,169
328,1221,79,1279,133
328,1103,178,1191,213
328,1051,178,1107,223
328,973,210,1099,253
328,1045,181,1107,243
329,216,610,785,1057
329,887,245,1093,411
329,0,436,366,780
329,1409,170,1482,234
329,1076,207,1257,316
329,1263,151,1367,266
329,1323,119,1383,170
329,1218,80,1279,132
329,1043,183,1109,246
329,1052,179,1110,236
329,974,205,1046,246
330,199,615,782,1047
330,0,443,365,792
330,888,247,1092,412
330,1062,212,1244,314
330,1410,171,1484,235
330,1321,119,1383,169
330,1035,182,1111,246
330,108,1001,904,1078
330,1262,155,1366,266
330,971,207,1046,247
330,1219,80,1280,131
330,1052,181,1111,222
330,1057,214,1198,316
331,185,620,774,1039
331,881,249,1094,420
331,0,443,355,801
331,1411,173,1483,235
331,134,961,1086,1072
331,1059,215,1220,316
331,1263,153,1365,265
331,1320,121,1381,171
331,967,210,1043,251
331,1036,185,1109,248
331,1037,182,1110,233
331,1218,82,1277,131
331,1054,180,1110,215
332,171,627,763,1044
332,876,250,1094,426
332,0,451,351,808
332,1053,216,1213,319
332,116,916,1384,1073
332,1412,173,1484,235
332,1320,121,1381,171
332,1263,154,1365,265
332,1217,83,1276,131
332,1035,185,1109,248
332,1054,180,1109,215
332,967,212,1041,251
333,164,638,756,1063
333,0,451,345,815
333,875,252,1094,431
333,1411,172,1483,235
333,1051,216,1199,319
333,183,871,1522,1080
333,1264,154,1364,263
333,1320,122,1381,171
333,1215,82,1275,130
333,1056,179,1107,215
333,1026,187,1105,233
334,154,638,749,1073
334,870,254,1092,433
334,0,453,336,819
334,1411,172,1483,235
334,1041,217,1188,318
334,1262,152,1361,262
334,254,834,1580,1074
334,1323,122,1381,171
334,1214,80,1273,130
334,1057,177,1110,214
335,148,642,743,1074
335,0,461,329,820
335,867,253,1090,437
335,1411,173,1483,235
335,1036,213,1181,317
335,1259,152,1359,260
335,1323,120,1381,171
335,1219,81,1273,127
335,375,795,1632,1074
335,958,212,1039,255
335,1110,181,1193,262
335,1052,175,1109,210
336,134,645,736,1072
336,861,252,1087,441
336,0,463,325,827
336,1037,215,1174,318
336,1411,172,1483,234
336,1216,79,1272,128
336,1111,180,1192,267
336,1323,120,1382,170
336,511,757,1700,1071
336,1052,177,1112,211
336,955,213,1029,253
337,123,652,731,1074
337,855,257,1085,443
337,0,469,325,831
337,1034,215,1166,318
337,1411,173,1484,234
337,625,717,1725,1072
337,1210,78,1270,128
337,1107,181,1193,269
337,1322,120,1381,171
337,1056,176,1110,211
337,950,211,1041,258
338,113,658,735,1075
338,852,259,1084,448
338,0,473,316,832
338,1411,173,1484,234
338,1211,79,1269,127
338,1014,214,1164,322
338,721,690,1753,1072
338,1109,182,1191,272
338,1324,121,1381,172
338,1056,176,1108,210
339,102,660,730,1076
339,845,261,1082,456
339,0,477,314,830
339,1411,173,1485,234
339,1020,215,1161,322
339,1259,151,1356,258
339,1112,183,1190,270
339,1207,79,1267,127
339,1326,123,1380,175
339,945,214,1034,267
340,96,666,726,1076
340,838,262,1080,459
340,1411,174,1484,235
340,0,479,310,839
340,1014,212,1156,323
340,1260,150,1356,257
340,1327,121,1381,173
340,1101,185,1189,273
340,940,213,1026,272
340,1205,79,1267,126
340,876,636,1807,1072
341,87,669,720,1075
341,834,264,1080,463
341,0,479,308,848
341,1411,174,1483,235
341,1011,212,1155,323
341,941,611,1800,1070
341,1259,149,1356,256
341,938,212,1022,273
341,1099,183,1189,275
341,1325,122,1380,172
341,1203,75,1265,125
342,82,671,719,1076
342,828,264,1077,468
342,0,481,304,842
342,1410,173,1484,234
342,1012,210,1152,324
342,1008,583,1806,1071
342,1260,148,1356,255
342,937,210,1025,273
342,1327,122,1380,170
342,1105,185,1188,273
342,1203,77,1265,125
343,76,673,715,1076
343,822,266,1074,470
343,0,481,301,845
343,1410,171,1484,234
343,1013,211,1152,325
343,1201,74,1265,123
343,1260,147,1354,252
343,1326,121,1381,169
343,934,211,1026,274
343,1108,187,1188,272
344,70,673,712,1076
344,815,269,1071,475
344,0,482,298,847
344,1411,171,1483,234
344,1007,213,1149,322
344,1198,73,1263,122
344,925,212,1025,272
344,1326,121,1381,168
344,1085,185,1187,274
344,1053,173,1107,208
345,63,677,710,1076
345,809,276,1068,483
345,0,486,300,850
345,1411,173,1483,234
345,1003,216,1150,325
345,921,214,1024,278
345,1080,185,1187,276
345,1035,182,1187,277
345,1199,71,1262,122
345,1327,123,1381,170
345,1259,149,1353,254
346,57,681,708,1076
346,803,276,1068,485
346,0,487,296,849
346,1411,173,1483,235
346,1001,214,1150,325
346,925,215,1020,279
346,1072,187,1186,277
346,1034,183,1187,279
346,1328,123,1381,170
346,1197,72,1260,122
346,1260,148,1353,250
347,53,684,704,1073
347,795,280,1060,492
347,1002,217,1151,330
347,0,489,296,850
347,1412,174,1484,235
347,918,213,1016,284
347,1328,124,1381,170
347,1094,188,1186,278
347,1195,71,1259,122
347,1061,185,1187,280
348,46,683,703,1075
348,789,282,1059,497
348,1004,217,1151,330
348,0,491,293,851
348,1411,174,1483,235
348,914,215,1012,287
348,1104,190,1186,280
348,1329,123,1381,170
348,1195,73,1258,121
348,1074,184,1188,281
349,45,684,699,1073
349,784,282,1054,504
349,0,490,293,851
349,1002,217,1152,329
349,1411,171,1484,235
349,914,214,1010,288
349,1191,72,1256,119
349,1329,123,1381,169
349,1086,190,1187,280
349,1259,145,1352,249
349,1053,183,1188,282
350,42,687,697,1074
350,776,284,1052,510
350,1004,217,1153,331
350,0,491,294,852
350,1411,172,1484,235
350,910,214,1009,289
350,1047,187,1186,280
350,1258,145,1351,249
350,1329,122,1381,169
350,1191,72,1254,118
351,39,689,696,1074
351,772,287,1052,514
351,0,490,292,859
351,1003,217,1152,331
351,905,214,1010,293
351,1410,171,1484,235
351,1047,187,1186,281
351,1259,144,1351,249
351,1191,72,1252,118
351,1329,121,1380,169
352,36,690,695,1073
352,764,290,1050,518
352,999,218,1152,332
352,0,493,291,855
352,1410,172,1484,235
352,904,213,1010,294
352,1053,188,1186,282
352,1190,74,1253,118
352,1328,121,1381,169
353,34,692,693,1073
353,757,290,1045,524
353,996,220,1152,334
353,0,492,290,854
353,1411,172,1484,235
353,897,214,1007,296
353,1062,187,1186,282
353,1189,75,1250,117
353,1327,121,1381,171
354,32,692,691,1074
354,750,292,1047,528
354,997,220,1152,334
354,4,493,288,864
354,1411,172,1484,235
354,888,216,1007,298
354,1069,186,1186,283
354,1187,75,1250,117
354,1328,122,1381,170
354,1260,145,1349,248
355,29,694,689,1073
355,744,295,1042,532
355,996,220,1151,336
355,889,216,1004,299
355,1411,173,1484,235
355,0,495,287,861
355,1063,186,1186,283
355,1187,74,1248,116
355,1,493,287,742
355,1328,123,1380,171
356,23,693,688,1075
356,738,298,1042,538
356,996,220,1150,339
356,887,216,1004,300
356,4,496,285,869
356,1410,172,1484,235
356,1060,186,1186,283
356,1187,70,1247,116
356,1328,122,1380,170
356,1,492,286,744
356,1259,149,1346,248
357,20,693,685,1074
357,732,297,1037,541
357,994,220,1149,339
357,886,214,1000,299
357,4,496,284,874
357,1409,171,1483,235
357,1050,185,1185,283
357,1327,122,1381,169
357,1187,69,1246,115
357,1259,146,1348,246
357,1,492,285,738
358,20,695,683,1072
358,725,299,1034,548
358,994,221,1148,341
358,2,497,284,873
358,885,214,1000,300
358,1409,172,1483,235
358,1046,183,1185,284
358,1184,68,1244,114
358,1259,146,1348,244
358,1327,121,1381,169
359,13,697,682,1073
359,722,302,1033,552
359,990,220,1149,344
359,2,498,283,876
359,885,213,1001,303
359,1411,172,1483,234
359,1048,181,1186,287
359,1184,68,1244,115
359,1326,122,1380,169
359,1,494,284,742
359,1259,149,1344,245
