0,1401,341,1528,463
0,313,601,370,644
0,568,537,663,592
0,219,622,251,654
0,0,705,63,751
0,239,608,275,637
1,1398,345,1529,473
1,314,602,373,644
1,567,536,663,593
1,219,622,251,654
1,237,609,278,637
1,0,703,65,750
2,1394,349,1535,483
2,567,536,663,593
2,316,601,374,645
2,219,623,251,654
2,0,704,63,751
2,235,609,279,637
3,1391,356,1535,496
3,567,536,663,593
3,320,600,375,646
3,219,624,250,654
3,0,703,65,750
3,228,609,280,639
4,1391,362,1556,507
4,567,536,663,593
4,320,601,381,646
4,219,624,250,654
4,0,703,65,750
4,226,608,281,642
5,1386,367,1552,516
5,567,536,663,592
5,321,600,383,647
5,219,625,250,654
5,0,703,65,750
5,227,608,283,642
6,1386,374,1559,527
6,567,536,663,593
6,323,600,384,647
6,219,625,250,654
6,0,704,63,751
6,230,609,282,640
7,1386,379,1574,534
7,567,536,663,593
7,325,600,385,648
7,219,625,250,654
7,0,703,65,750
8,1390,383,1591,541
8,567,536,663,593
8,327,600,390,648
8,219,626,250,653
8,0,704,63,752
9,1397,384,1598,552
9,567,536,663,593
9,330,601,393,649
9,219,625,250,653
9,0,704,63,752
10,331,600,397,649
10,1395,384,1599,563
10,567,536,663,593
10,219,626,249,654
10,0,705,63,751
10,252,609,289,635
11,1401,384,1599,576
11,334,599,400,649
11,567,536,663,593
11,219,625,249,654
11,252,608,291,635
11,0,705,63,751
12,1406,383,1599,593
12,337,598,402,650
12,568,536,663,593
12,599,536,663,589
12,251,608,291,635
12,219,625,249,653
12,0,705,63,752
13,1416,382,1599,609
13,338,598,405,650
13,568,536,663,593
13,599,536,663,589
13,219,625,249,653
13,254,607,294,635
13,0,705,63,752
14,1429,386,1599,630
14,340,598,407,650
14,568,536,663,593
14,599,536,663,590
14,254,607,295,635
14,219,625,249,653
14,0,705,63,752
14,243,607,296,641
15,1445,392,1599,655
15,341,599,409,651
15,568,536,663,593
15,599,536,663,590
15,219,625,249,654
15,251,607,295,635
15,0,705,63,752
15,243,607,297,641
16,1467,403,1599,617
16,342,600,414,653
16,568,536,663,593
16,600,536,663,590
16,252,608,297,635
16,220,626,249,654
16,0,705,63,752
16,244,608,299,642
17,1497,414,1599,624
17,343,600,415,653
17,568,536,663,593
17,598,536,663,590
17,251,610,299,636
17,219,626,248,654
17,0,705,63,752
17,243,609,300,642
18,1531,437,1599,641
18,345,600,418,654
18,568,536,663,593
18,599,536,663,590
18,255,609,300,636
18,220,625,249,654
18,0,705,63,752
18,244,609,301,642
19,348,600,422,654
19,568,536,663,593
19,600,536,663,589
19,254,609,302,636
19,240,608,303,643
19,220,625,249,654
19,0,705,63,752
19,1572,474,1599,587
20,350,597,427,656
20,568,536,663,593
20,594,536,664,590
20,253,608,303,636
20,241,606,304,644
20,0,706,62,752
20,219,625,247,654
21,352,597,429,657
21,568,536,663,593
21,593,536,664,590
21,0,706,62,752
21,253,608,303,635
21,219,625,248,654
21,243,607,304,644
22,354,597,434,658
22,568,536,663,593
22,593,536,664,590
22,0,706,62,752
22,259,608,305,635
22,234,606,305,645
22,219,624,247,654
23,356,598,435,658
23,568,536,663,593
23,594,536,664,590
23,0,706,62,752
23,219,622,250,654
23,262,607,307,638
24,360,597,437,658
24,568,537,662,593
24,261,607,309,636
24,0,706,61,752
24,219,620,250,654
25,362,597,441,659
25,568,537,662,593
25,592,536,663,590
25,261,608,312,636
25,220,621,250,653
25,0,706,61,752
26,364,597,445,660
26,568,537,662,593
26,266,606,314,638
26,220,622,250,653
26,0,706,61,752
27,568,537,662,593
27,365,594,449,661
27,263,606,315,639
27,0,706,61,752
27,220,623,249,653
28,368,592,455,662
28,568,537,662,593
28,592,536,663,590
28,261,607,317,637
28,0,706,61,752
28,220,622,250,653
29,568,537,662,593
29,369,590,457,661
29,260,607,319,638
29,220,620,250,653
29,0,706,61,752
30,568,536,663,593
30,263,608,321,636
30,371,590,460,664
30,220,618,250,653
30,0,705,62,752
31,568,537,663,593
31,266,607,323,637
31,371,589,467,664
31,220,619,251,653
31,0,705,62,752
32,568,537,663,593
32,266,607,324,637
32,375,590,471,666
32,220,619,250,653
32,0,705,62,752
33,568,537,663,593
33,379,591,475,668
33,269,607,326,638
33,220,620,250,654
33,0,705,62,752
34,568,537,663,593
34,381,590,480,668
34,269,607,326,639
34,220,621,251,654
34,0,705,62,752
35,568,537,663,593
35,384,590,485,669
35,269,608,329,638
35,220,619,251,654
35,0,705,62,752
36,387,591,488,669
36,567,536,663,593
36,269,607,333,638
36,221,617,251,654
36,0,705,62,753
37,390,590,496,671
37,567,536,663,593
37,270,607,334,638
37,221,617,251,654
37,0,705,62,753
38,392,588,502,673
38,567,536,663,593
38,271,607,334,638
38,221,619,251,654
38,0,705,62,753
39,392,590,505,672
39,567,536,663,593
39,592,536,663,589
39,269,607,340,638
39,288,607,340,637
39,221,620,252,654
39,0,706,62,753
40,398,589,510,674
40,568,536,663,592
40,605,536,663,589
40,292,606,342,639
40,276,605,343,641
40,220,618,252,654
40,0,705,63,752
41,401,589,517,675
41,568,536,663,592
41,605,536,663,589
41,287,607,344,639
41,220,618,252,654
41,0,705,63,752
42,403,587,520,676
42,568,536,663,592
42,288,606,345,639
42,606,536,663,589
42,221,617,253,654
42,0,706,63,752
43,408,587,525,677
43,292,605,348,640
43,568,536,663,593
43,606,536,663,589
43,221,620,253,654
43,0,706,63,752
43,236,609,286,643
44,410,586,532,678
44,293,606,353,641
44,569,536,663,593
44,607,536,663,589
44,221,619,253,654
44,280,610,329,641
44,0,706,63,752
44,239,609,284,642
45,413,586,538,679
45,300,606,354,641
45,569,536,663,593
45,607,536,663,589
45,282,606,351,641
45,221,621,253,654
45,280,611,312,640
45,0,705,63,752
46,418,585,544,679
46,569,537,663,593
46,607,536,663,589
46,299,606,356,642
46,221,619,253,654
46,283,609,353,642
46,0,705,63,752
47,422,586,550,680
47,569,537,663,593
47,607,536,663,589
47,302,606,359,643
47,221,619,253,654
47,284,609,356,643
47,569,541,638,593
47,0,705,63,752
48,425,585,559,680
48,308,606,363,643
48,608,536,664,589
48,572,537,663,592
48,221,619,254,654
48,286,612,339,642
48,569,542,621,593
48,0,704,64,750
49,430,584,564,682
49,608,536,664,589
49,308,607,363,643
49,571,537,663,592
49,221,619,255,654
49,287,613,324,642
49,0,705,63,752
49,569,542,625,593
49,287,608,345,640
50,431,583,572,686
50,568,537,664,593
50,606,537,664,590
50,294,606,364,643
50,319,608,364,642
50,287,611,326,643
50,222,619,255,653
50,0,706,63,751
50,228,609,287,644
51,570,537,664,592
51,607,537,664,590
51,438,582,580,687
51,318,608,366,642
51,302,607,367,643
51,222,619,255,653
51,288,613,325,643
51,0,706,63,751
51,569,541,632,593
52,441,582,586,688
52,608,537,664,589
52,574,537,664,592
52,320,610,370,643
52,289,613,327,643
52,221,623,251,654
52,0,706,63,752
52,569,541,621,592
52,258,609,289,636
52,228,610,291,644
53,608,537,664,589
53,577,537,664,592
53,291,612,328,643
53,443,582,594,693
53,322,611,373,644
53,221,624,251,654
53,0,705,63,752
53,226,609,290,645
53,258,608,289,637
54,450,580,603,695
54,291,612,329,642
54,607,537,664,588
54,324,606,377,643
54,221,624,251,654
54,0,705,63,752
55,293,612,331,641
55,455,579,610,698
55,607,537,664,588
55,329,608,380,645
55,221,624,251,654
55,0,705,63,752
55,226,611,288,645
56,608,537,664,587
56,460,579,620,699
56,296,611,330,640
56,330,608,382,646
56,221,624,251,654
56,0,705,63,752
57,465,578,630,698
57,608,536,664,586
57,330,607,385,647
57,297,611,331,640
57,221,624,250,654
57,0,705,63,752
57,226,611,291,646
58,469,576,641,700
58,608,536,664,586
58,334,608,391,646
58,299,612,338,641
58,221,624,250,654
58,314,606,391,646
58,0,706,62,752
58,225,611,294,646
59,477,574,653,703
59,607,536,664,586
59,338,607,396,647
59,300,610,341,641
59,221,622,251,654
59,583,537,664,588
59,0,706,63,752
60,341,606,399,648
60,605,537,663,585
60,301,609,340,640
60,481,573,662,706
60,220,625,249,654
60,0,704,65,749
61,489,573,676,709
61,342,604,403,649
61,604,536,663,585
61,301,609,342,640
61,578,535,663,585
61,220,625,248,654
61,0,704,65,750
62,497,572,691,713
62,345,605,405,649
62,595,536,664,582
62,303,609,344,639
62,220,625,248,654
62,0,705,63,751
62,221,622,256,653
62,223,616,260,648
63,505,570,710,718
63,349,605,410,651
63,306,609,347,639
63,586,536,664,579
63,0,704,65,749
63,220,625,249,654
63,264,608,300,636
63,222,618,259,649
64,512,569,726,720
64,351,605,413,651
64,309,610,350,639
64,265,608,303,637
64,592,535,663,579
64,0,704,65,749
64,220,626,249,654
65,522,566,748,726
65,352,604,418,654
65,309,612,351,640
65,595,536,663,577
65,265,608,303,637
65,0,704,65,750
65,220,626,248,654
65,573,536,663,582
65,1514,249,1553,274
66,532,565,768,729
66,355,603,425,654
66,313,610,352,640
66,1567,432,1599,586
66,265,608,304,637
66,605,536,663,577
66,0,704,65,750
66,580,536,663,583
66,220,625,248,654
66,1514,249,1552,273
67,547,562,793,734
67,359,603,429,654
67,1499,427,1599,631
67,315,609,356,640
67,265,609,304,637
67,600,536,661,583
67,571,536,662,586
67,0,704,65,750
67,220,625,247,654
67,1513,249,1552,274
68,560,560,822,740
68,1440,413,1599,632
68,362,603,435,656
68,315,606,359,640
68,569,537,662,591
68,266,610,303,638
68,0,704,65,750
68,1513,249,1553,274
68,220,626,247,654
69,571,558,852,746
69,367,604,438,657
69,1385,378,1599,633
69,317,608,362,640
69,569,537,662,590
69,266,610,304,638
69,0,704,65,750
69,1512,249,1552,275
69,220,626,247,654
70,590,553,886,754
70,1331,352,1599,631
70,372,601,444,658
70,569,537,663,592
70,319,606,365,643
70,595,538,663,589
70,266,611,302,639
70,0,705,62,752
70,221,627,248,654
71,608,548,926,763
71,1273,347,1599,632
71,373,601,451,658
71,570,537,662,593
71,320,606,368,643
71,603,538,662,590
71,269,611,303,639
71,0,704,65,750
72,625,547,973,771
72,381,602,456,658
72,1226,341,1599,631
72,324,608,372,641
72,578,537,663,593
72,608,537,663,589
72,263,610,303,640
72,569,545,614,593
72,0,705,63,753
72,241,608,304,645
73,647,541,1026,780
73,384,602,464,659
73,1184,344,1600,633
73,325,607,372,641
73,571,537,662,593
73,607,537,662,589
73,266,610,304,640
73,569,543,621,593
73,0,705,63,753
74,673,539,1088,795
74,392,602,469,660
74,327,607,376,643
74,570,537,663,593
74,1143,362,1598,632
74,607,537,663,588
74,268,610,304,642
74,569,542,625,594
74,0,705,63,753
74,1512,250,1552,276
74,236,608,305,645
74,220,627,249,653
75,702,528,1161,804
75,393,600,477,662
75,569,537,663,593
75,329,607,379,642
75,267,611,305,643
75,599,536,664,589
75,234,609,306,645
75,1511,253,1552,278
75,221,628,250,653
75,0,705,63,753
76,734,524,1247,822
76,400,601,486,663
76,568,537,662,593
76,330,607,382,643
76,594,536,663,590
76,271,613,306,644
76,233,609,306,646
76,221,628,250,653
76,0,705,63,753
77,775,515,1354,843
77,405,598,498,665
77,568,537,662,593
77,331,606,385,643
77,594,536,663,590
77,266,613,306,645
77,1510,254,1548,278
77,0,705,63,752
77,220,628,250,653
77,249,611,305,646
78,819,499,1483,868
78,409,600,505,667
78,1045,417,1505,588
78,568,537,663,593
78,333,605,388,642
78,268,613,306,646
78,598,537,663,590
78,1509,255,1550,278
78,0,705,63,753
78,220,628,250,653
78,1041,410,1315,517
79,874,475,1599,898
79,414,599,515,669
79,569,537,663,593
79,264,610,306,647
79,333,605,392,643
79,598,537,663,590
79,1508,254,1551,279
79,0,705,63,753
79,221,628,250,653
79,244,609,305,648
80,938,471,1599,939
80,420,597,524,671
80,261,610,306,647
80,336,605,394,644
80,569,536,663,594
80,597,536,664,590
80,1508,252,1553,278
80,220,628,250,653
80,0,706,62,752
81,426,595,536,673
81,1018,461,1599,909
81,342,606,399,646
81,570,536,663,593
81,261,611,307,648
81,602,536,664,589
81,1507,253,1552,279
81,220,628,249,653
81,0,706,62,752
82,435,593,545,674
82,344,606,403,646
82,261,611,307,648
82,570,536,663,593
82,603,536,664,589
82,220,628,249,653
82,1507,253,1552,280
82,0,706,63,752
83,1258,447,1599,932
83,442,594,560,677
83,347,604,405,647
83,260,611,307,650
83,569,536,663,593
83,600,536,664,590
83,1508,253,1552,280
83,220,628,249,654
83,0,706,62,752
84,1434,475,1599,917
84,451,589,572,678
84,349,603,410,647
84,259,611,306,650
84,569,536,663,593
84,601,537,664,590
84,1508,250,1553,280
84,220,628,249,654
84,0,706,62,752
85,461,590,586,681
85,260,611,307,650
85,351,603,415,650
85,570,536,663,592
85,598,536,665,591
85,1507,252,1552,281
85,220,628,249,654
85,0,706,62,752
85,570,539,628,593
86,355,603,421,651
86,261,612,308,651
86,470,590,604,683
86,607,537,664,589
86,576,537,663,591
86,1507,253,1551,283
86,0,706,62,752
86,221,628,249,654
87,481,590,620,686
87,359,602,426,651
87,261,614,309,652
87,607,537,664,588
87,1506,253,1551,283
87,0,706,62,752
88,363,604,433,652
88,490,590,641,689
88,262,615,310,653
88,609,537,664,586
88,1506,250,1551,285
88,0,706,62,752
88,220,628,249,654
89,502,589,660,694
89,366,604,436,653
89,263,614,311,654
89,605,536,664,586
89,577,535,663,589
89,1505,249,1552,285
89,220,627,249,654
89,0,706,62,752
90,1425,403,1599,631
90,371,602,444,655
90,515,586,683,698
90,263,616,313,655
90,608,537,663,584
90,1504,251,1550,287
90,220,627,249,654
90,0,706,62,752
91,1350,341,1599,633
91,534,584,707,700
91,375,600,452,655
91,263,614,313,657
91,607,537,662,583
91,1503,250,1552,288
91,583,536,662,587
91,220,627,249,654
91,0,706,62,752
92,1284,347,1599,633
92,547,578,738,707
92,380,598,457,656
92,263,615,314,658
92,569,537,661,593
92,594,537,661,590
92,680,502,909,628
92,1502,249,1552,287
92,220,626,249,654
92,0,706,62,752
93,566,578,769,711
93,385,599,465,657
93,263,614,317,659
93,569,537,665,595
93,1226,342,1599,633
93,1501,248,1554,289
93,672,509,881,622
93,0,706,62,752
93,220,626,249,654
94,585,575,805,716
94,391,597,474,657
94,264,614,318,661
94,1172,348,1600,633
94,655,510,858,615
94,572,537,662,593
94,605,538,663,591
94,1501,248,1553,290
94,0,706,62,752
94,221,626,250,654
95,607,572,848,723
95,395,597,482,658
95,1122,365,1598,635
95,265,616,319,663
95,1500,248,1554,291
95,578,536,659,592
95,636,517,838,608
95,0,706,62,752
95,609,537,658,587
95,220,626,250,655
95,571,543,633,594
96,633,564,896,732
96,400,597,493,659
96,266,613,323,664
96,627,517,796,620
96,1499,250,1552,291
96,0,705,62,752
96,595,536,658,592
96,221,626,249,655
96,570,546,618,594
97,663,561,954,739
97,409,596,501,661
97,267,615,324,667
97,614,520,764,627
97,1498,249,1554,293
97,0,705,62,752
97,221,626,250,655
97,570,546,619,594
98,692,558,1019,749
98,415,596,511,664
98,607,523,774,630
98,267,616,325,670
98,1497,248,1555,294
98,569,543,618,593
98,0,705,62,752
98,220,626,250,655
99,729,552,1099,762
99,424,593,524,665
99,269,616,328,672
99,594,527,757,629
99,1497,250,1551,296
99,0,705,62,753
99,220,626,250,654
100,774,549,1194,779
100,431,592,536,666
100,269,617,333,674
100,575,528,737,628
100,1495,253,1551,296
100,0,703,65,750
100,220,626,250,654
101,828,532,1314,795
101,440,590,549,669
101,570,532,721,628
101,1494,253,1551,297
101,270,617,335,676
101,0,705,62,752
101,220,626,250,655
102,884,526,1462,820
102,451,590,565,671
102,1494,254,1550,298
102,271,619,336,679
102,562,534,708,628
102,0,705,62,752
102,220,626,250,655
103,965,517,1599,847
103,461,590,582,675
103,1493,251,1551,299
103,272,620,342,681
103,220,626,250,655
103,553,535,692,628
103,0,705,62,752
104,1065,497,1599,891
104,472,586,600,677
104,554,538,679,620
104,273,617,346,682
104,1492,252,1550,299
104,0,705,62,752
104,220,626,250,655
105,1188,484,1599,847
105,484,581,620,680
105,559,536,666,614
105,274,618,350,685
105,1492,263,1544,300
105,0,704,62,752
105,1492,250,1548,300
105,220,626,250,655
106,1355,518,1599,881
106,500,580,641,680
106,1492,267,1542,300
106,274,617,354,686
106,0,703,64,750
106,220,626,251,655
106,1492,254,1548,299
106,596,536,667,586
106,556,538,659,611
107,606,536,664,583
107,515,584,667,685
107,277,622,359,690
107,1491,264,1542,302
107,0,703,64,750
107,220,626,251,654
107,1491,251,1550,302
108,609,536,664,583
108,534,578,696,688
108,282,627,362,694
108,1491,265,1542,303
108,513,547,615,625
108,220,626,251,654
108,0,705,63,751
108,1490,250,1550,303
109,550,574,728,691
109,284,626,369,697
109,606,536,663,579
109,502,552,598,627
109,1491,258,1544,304
109,710,490,962,630
109,220,626,251,654
109,0,703,65,750
110,572,571,765,697
110,599,537,662,587
110,288,629,376,700
110,280,608,318,644
110,1489,250,1549,305
110,497,552,608,625
110,219,625,250,652
110,0,705,62,751
110,533,566,609,625
111,598,568,808,702
111,280,610,321,644
111,605,537,663,588
111,293,629,383,704
111,1488,255,1549,307
111,219,625,250,652
111,488,554,598,625
111,0,705,62,751
112,624,561,853,708
112,281,611,322,644
112,293,628,391,708
112,606,538,663,588
112,1488,274,1544,308
112,757,525,873,606
112,219,625,250,653
112,482,555,587,624
112,0,705,62,751
113,656,561,912,717
113,282,613,323,645
113,295,628,399,713
113,477,555,578,624
113,608,539,663,588
113,1487,260,1548,309
113,218,625,251,653
113,0,705,62,751
113,570,551,614,592
114,694,553,979,722
114,468,555,569,625
114,283,613,324,644
114,298,630,405,716
114,630,515,813,629
114,218,625,251,653
114,1487,253,1551,310
114,0,705,62,751
114,607,538,658,589
114,581,538,659,591
115,735,543,1061,733
115,305,631,417,719
115,463,557,559,625
115,284,613,328,644
115,616,522,802,632
115,218,625,251,653
115,0,705,62,751
115,1485,252,1553,311
116,786,537,1158,745
116,309,632,427,724
116,285,611,330,645
116,458,559,550,625
116,1485,253,1553,311
116,218,625,251,652
116,0,705,62,751
117,846,526,1278,759
117,313,633,441,732
117,287,612,333,645
117,453,563,542,625
117,1484,252,1554,313
117,218,625,251,652
117,0,705,62,751
118,920,514,1437,777
118,321,631,451,738
118,288,611,335,646
118,448,565,535,622
118,573,529,741,628
118,217,624,251,652
118,0,705,62,751
118,1483,250,1558,312
119,1013,496,1599,802
119,328,631,466,745
119,290,610,336,646
119,442,565,528,622
119,572,536,722,628
119,217,624,250,653
119,0,705,62,750
119,1482,261,1546,315
120,1133,478,1599,830
120,333,634,481,752
120,439,565,521,623
120,293,611,339,646
120,562,535,709,630
120,216,623,252,652
120,1483,259,1545,316
120,0,705,62,752
120,1483,251,1561,315
121,1289,462,1599,804
121,342,634,501,762
121,434,565,513,621
121,294,609,342,646
121,552,537,692,627
121,1481,260,1545,318
121,216,623,251,652
121,0,705,62,752
122,349,636,519,773
122,297,610,345,646
122,433,568,508,622
122,540,538,678,625
122,1502,500,1599,823
122,1481,264,1543,318
122,217,623,251,652
122,0,705,62,752
122,1537,258,1560,282
123,359,636,547,783
123,426,567,500,621
123,300,609,347,647
123,1481,264,1544,319
123,219,623,251,652
123,0,705,62,752
123,1531,255,1560,282
123,535,537,665,623
124,373,637,572,798
124,423,570,496,621
124,302,610,351,648
124,1479,264,1544,320
124,218,623,251,652
124,604,536,663,584
124,523,547,649,625
124,1481,252,1560,305
124,0,705,62,752
124,1521,254,1560,283
125,383,640,604,813
125,420,573,489,622
125,607,536,663,583
125,303,611,353,647
125,1478,255,1558,320
125,515,547,639,625
125,218,623,251,652
125,1485,253,1559,292
125,0,705,62,752
125,1477,266,1543,322
125,552,553,639,617
125,1516,254,1559,284
126,399,642,648,834
126,413,575,484,623
126,608,537,663,584
126,304,609,355,649
126,1479,254,1560,323
126,218,623,251,652
126,511,550,624,622
126,1481,252,1560,303
126,0,705,62,752
127,416,645,693,857
127,409,572,480,621
127,306,610,362,651
127,609,537,664,585
127,501,555,616,625
127,218,623,252,652
127,1477,257,1545,325
127,0,705,62,752
128,436,643,753,889
128,310,608,365,652
128,609,537,663,585
128,406,575,471,620
128,495,554,601,626
128,1474,270,1541,328
128,218,623,251,652
128,1516,253,1561,289
128,1475,255,1552,326
128,0,705,62,752
128,404,578,446,623
129,461,645,831,930
129,312,609,370,652
129,402,575,468,620
129,487,553,593,623
129,608,537,663,587
129,1473,267,1540,329
129,218,623,251,652
129,1516,253,1561,289
129,0,705,62,752
129,588,538,663,589
130,489,648,935,980
130,398,575,463,621
130,315,610,375,653
130,608,537,663,586
130,482,554,584,626
130,1472,267,1541,330
130,0,705,63,751
130,1512,251,1559,291
130,219,623,250,654
131,528,652,1086,1057
131,318,610,378,654
131,396,577,459,619
131,608,537,663,587
131,1471,267,1538,332
131,479,555,572,623
131,0,705,63,751
131,1509,251,1559,291
131,219,623,250,654
131,589,538,662,590
131,1471,253,1557,330
131,568,553,615,594
132,580,656,1311,1169
132,394,578,453,619
132,321,609,381,654
132,608,537,663,587
132,468,556,566,626
132,1471,268,1537,333
132,1506,250,1560,292
132,588,538,663,590
132,0,705,62,751
132,219,624,250,654
133,651,666,1598,1199
133,393,579,447,619
133,325,607,388,655
133,463,561,554,623
133,608,537,663,588
133,1468,269,1537,334
133,1506,252,1561,292
133,579,538,663,591
133,0,705,62,751
133,219,625,250,654
133,570,548,614,592
134,758,674,1599,1199
134,329,608,391,654
134,388,579,445,619
134,1468,268,1538,335
134,608,537,663,589
134,458,561,547,622
134,1508,253,1561,293
134,574,538,663,592
134,570,545,615,593
134,0,705,62,751
134,220,624,250,654
135,934,692,1598,1198
135,331,607,398,655
135,387,578,443,617
135,1467,269,1540,337
135,1508,253,1561,293
135,570,538,663,592
135,602,538,664,590
135,453,567,538,623
135,0,705,62,751
135,569,542,622,593
135,220,624,250,654
136,383,578,443,617
136,336,606,404,658
136,1509,253,1561,295
136,1465,271,1539,337
136,450,567,531,622
136,570,538,663,592
136,602,538,664,590
136,1250,784,1599,1198
136,570,543,622,593
136,0,705,62,751
137,340,608,410,656
137,443,568,524,621
137,1465,271,1538,338
137,382,580,434,617
137,1509,254,1560,296
137,570,538,663,592
137,601,538,664,590
137,570,542,631,593
137,0,705,62,751
138,346,606,416,661
138,1508,253,1561,297
138,1463,273,1539,341
138,446,570,517,621
138,603,538,664,590
138,570,538,663,592
138,381,581,423,618
138,570,543,624,593
138,0,705,62,751
139,1508,252,1560,298
139,350,606,423,662
139,1463,273,1538,343
139,434,570,510,621
139,570,538,663,592
139,602,538,664,590
139,570,542,630,593
139,0,705,62,750
140,1507,255,1560,299
140,1462,274,1538,344
140,355,603,432,662
140,438,568,505,619
140,568,537,663,593
140,595,537,664,590
140,0,705,62,751
141,1508,255,1559,301
141,1461,274,1539,348
141,431,568,499,618
141,360,596,438,664
141,568,537,663,593
141,607,537,664,588
141,0,705,62,751
142,1460,275,1539,349
142,1509,255,1560,300
142,362,597,448,666
142,569,537,664,593
142,425,568,493,618
142,606,537,664,589
142,0,705,62,751
143,1458,277,1539,352
143,1508,256,1560,300
143,420,573,487,618
143,568,537,664,593
143,363,597,456,667
143,603,537,665,589
143,0,705,62,752
144,1508,255,1561,301
144,1459,278,1538,353
144,372,604,463,666
144,417,572,481,617
144,567,537,664,593
144,606,538,664,589
144,358,588,404,624
144,0,706,62,752
145,384,601,475,669
145,1506,256,1561,302
145,1456,278,1538,357
145,567,537,664,593
145,355,587,404,626
145,604,537,664,589
145,0,706,62,752
145,412,573,473,607
146,1506,257,1561,302
146,1455,279,1539,359
146,353,587,400,625
146,567,537,664,593
146,595,537,665,590
146,391,599,486,672
146,0,706,62,752
147,1506,257,1560,303
147,352,587,398,624
147,1456,282,1539,360
147,567,537,664,592
147,595,537,665,590
147,396,592,502,675
147,0,706,62,752
148,1453,283,1537,362
148,404,601,514,678
148,350,588,395,623
148,1505,258,1561,305
148,567,537,664,592
148,599,537,665,590
148,394,579,459,625
148,0,706,62,752
149,412,599,526,679
149,1450,283,1538,364
149,1503,258,1561,306
149,349,589,391,622
149,568,537,664,593
149,602,538,665,590
149,390,578,456,624
149,0,706,62,752
150,421,597,542,680
150,1450,283,1538,367
150,1503,258,1561,307
150,348,592,389,622
150,390,575,451,622
150,568,537,664,593
150,607,537,664,588
150,569,541,638,593
150,0,706,62,752
151,1448,283,1538,369
151,432,597,560,684
151,1501,259,1561,308
151,390,575,447,622
151,569,537,664,593
151,345,594,387,622
151,608,537,664,588
151,0,706,62,752
151,569,542,624,593
152,1446,284,1538,371
152,444,594,579,686
152,1500,259,1561,309
152,384,576,446,621
152,341,592,382,622
152,568,537,664,593
152,604,537,664,589
152,0,706,62,752
153,1444,284,1538,374
153,458,591,600,690
153,1500,259,1561,310
153,340,592,378,621
153,387,578,442,619
153,608,537,664,588
153,572,537,664,592
153,0,706,62,752
154,1442,284,1538,377
154,1499,259,1562,310
154,468,590,621,693
154,339,593,376,620
154,608,537,664,588
154,382,580,435,619
154,0,706,62,752
155,1441,285,1537,377
155,485,589,646,698
155,1499,260,1563,312
155,336,595,375,621
155,609,536,664,586
155,378,580,427,620
155,0,706,62,752
156,501,586,673,702
156,1440,284,1534,380
156,1500,260,1562,313
156,332,595,370,621
156,608,537,664,585
156,375,583,425,620
156,573,537,664,587
156,0,706,62,753
156,333,589,376,622
157,518,584,704,707
157,1437,285,1536,384
157,1499,261,1561,314
157,603,536,663,582
157,374,582,422,619
157,331,594,371,622
157,571,536,663,589
157,0,706,62,752
158,541,581,743,712
158,1500,261,1562,315
158,1437,289,1535,387
158,330,594,368,622
158,371,581,419,619
158,569,537,662,595
158,604,536,663,590
158,570,541,637,596
158,0,706,62,752
159,564,577,786,720
159,1499,262,1562,316
159,1434,286,1537,389
159,569,537,663,594
159,367,583,416,620
159,328,595,367,622
159,594,536,663,592
159,0,706,62,752
160,589,571,838,729
160,1496,262,1563,317
160,569,537,663,592
160,367,585,414,620
160,1434,290,1536,393
160,326,596,366,621
160,605,537,662,589
160,0,705,62,752
161,618,565,898,739
161,1496,262,1563,317
161,1432,298,1536,396
161,569,537,662,592
161,366,586,408,619
161,608,537,663,588
161,323,595,364,621
161,0,705,62,752
162,649,561,969,750
162,1430,296,1535,398
162,568,537,662,593
162,1496,265,1563,317
162,361,586,405,619
162,599,537,663,590
162,322,596,362,621
162,0,705,62,752
163,692,555,1057,763
163,568,537,663,593
163,1428,298,1536,401
163,1495,266,1562,318
163,594,537,663,589
163,359,586,402,619
163,320,598,359,621
163,0,705,62,752
164,740,546,1163,779
164,568,537,663,593
164,1494,265,1562,320
164,1427,299,1534,404
164,358,587,399,619
164,320,596,360,621
164,0,705,62,752
165,802,538,1301,800
165,568,537,663,593
165,1494,263,1562,320
165,1424,301,1533,407
165,356,587,396,621
165,334,586,397,623
165,0,705,62,753
165,319,595,355,622
166,877,524,1488,829
166,568,537,663,593
166,1424,304,1532,409
166,1494,265,1562,325
166,354,587,394,621
166,318,596,353,621
166,317,592,364,622
166,0,705,62,753
167,968,506,1599,869
167,568,537,663,593
167,1420,303,1534,412
167,1491,265,1563,325
167,350,589,390,621
167,314,596,350,622
167,0,705,62,753
168,1099,498,1599,847
168,1422,305,1533,415
168,567,537,663,593
168,1491,265,1563,328
168,311,594,349,621
168,349,589,389,620
168,604,537,663,589
168,0,706,62,752
169,1269,490,1599,875
169,1421,305,1533,417
169,567,537,663,593
169,1491,265,1563,330
169,604,537,663,589
169,311,593,349,621
169,349,589,386,620
169,0,706,62,752
170,1421,305,1531,418
170,567,536,663,593
170,1517,561,1599,828
170,1492,265,1564,331
170,311,594,346,620
170,342,588,383,620
170,0,705,62,752
171,1418,307,1529,418
171,567,536,663,593
171,1492,266,1564,332
171,340,588,380,619
171,309,593,344,620
171,0,705,62,752
172,1417,305,1527,423
172,1492,267,1565,332
172,567,536,663,593
172,340,588,379,619
172,307,593,343,619
172,0,705,62,752
173,1414,307,1531,423
173,1490,268,1565,333
173,567,536,663,593
173,307,593,341,620
173,0,705,62,752
173,341,587,376,619
174,1414,309,1529,424
174,1489,267,1564,332
174,567,536,663,593
174,0,705,62,752
174,304,594,338,620
174,339,582,375,619
175,1412,309,1528,426
175,567,536,663,593
175,1489,267,1564,335
175,592,536,663,589
175,302,593,335,620
175,0,705,62,752
175,329,581,372,621
176,1411,311,1529,427
176,567,536,663,593
176,1487,267,1564,335
176,302,595,335,620
176,0,705,62,752
177,1410,313,1529,429
177,567,536,663,593
177,1486,267,1564,335
177,593,536,663,589
177,301,594,333,620
177,0,705,62,752
178,1410,312,1528,429
178,1487,268,1564,338
178,567,536,663,593
178,594,536,663,589
178,301,595,333,620
178,301,592,356,621
178,0,705,62,752
178,325,590,365,619
179,1408,312,1529,430
179,567,536,663,593
179,1488,268,1565,339
179,594,536,663,589
179,0,705,62,752
179,299,595,331,621
179,303,593,355,622
180,1489,267,1564,340
180,1408,314,1528,431
180,568,537,663,593
180,597,537,663,590
180,307,590,358,622
180,320,590,358,620
180,297,592,337,621
180,0,706,62,752
181,568,537,663,593
181,1488,268,1564,341
181,1407,314,1528,431
181,595,537,663,590
181,320,589,357,620
181,311,590,359,623
181,295,592,331,621
181,0,706,62,752
182,1488,268,1564,341
182,1406,313,1528,432
182,568,537,663,593
182,593,537,663,590
182,320,590,356,619
182,0,706,62,752
182,221,620,252,653
183,1406,314,1529,433
183,1489,269,1565,342
183,568,536,662,593
183,593,537,663,590
183,320,589,353,619
183,0,706,62,752
183,289,591,330,620
184,1405,313,1529,434
184,1484,270,1565,343
184,568,536,662,593
184,593,537,663,590
184,313,590,350,620
184,293,590,348,620
184,0,706,62,752
185,1405,313,1529,434
185,1484,269,1565,346
185,568,536,663,593
185,599,537,663,590
185,317,590,349,620
185,291,591,342,620
185,0,706,62,752
185,301,590,348,623
185,224,605,279,640
186,1405,314,1528,434
186,1485,269,1564,347
186,568,536,663,593
186,599,537,663,590
186,316,590,346,620
186,287,592,338,621
186,0,706,62,752
186,225,606,280,640
186,305,590,345,623
187,1405,314,1528,433
187,1486,270,1565,347
187,568,536,663,593
187,312,590,345,619
187,598,537,663,590
187,288,591,342,621
187,0,705,62,752
187,229,607,279,639
188,1405,315,1529,433
188,568,536,663,593
188,1486,270,1564,348
188,598,537,663,590
188,314,589,343,619
188,0,706,62,752
188,227,606,280,639
188,286,591,329,621
188,220,623,250,654
189,1405,314,1529,433
189,568,536,663,593
189,1486,270,1564,349
189,599,537,663,590
189,312,590,342,619
189,0,705,62,752
189,220,623,250,654
189,229,607,280,639
189,284,591,328,621
190,567,537,663,594
190,1405,314,1530,433
190,1488,271,1564,349
190,311,589,340,619
190,285,589,335,620
190,0,705,62,752
191,567,537,663,594
191,1405,315,1530,433
191,1487,270,1565,350
191,308,588,339,619
191,287,588,339,620
191,0,705,62,752
192,567,537,664,594
192,1405,314,1529,434
192,1485,276,1564,352
192,308,588,338,618
192,0,705,63,753
192,290,588,339,620
193,567,537,664,594
193,1485,277,1564,353
193,1406,314,1529,434
193,305,589,337,618
193,287,589,337,620
193,0,705,63,753
194,567,537,664,594
194,1485,277,1565,353
194,1406,314,1529,434
194,298,589,336,618
194,0,705,63,753
195,567,537,664,594
195,1485,277,1565,354
195,1406,315,1529,434
195,291,590,334,619
195,0,705,63,753
195,221,619,252,654
196,567,537,664,594
196,1406,315,1529,434
196,1485,277,1565,354
196,288,591,332,619
196,0,705,63,753
197,567,537,664,594
197,1406,315,1529,434
197,1485,275,1565,353
197,286,592,330,620
197,0,705,63,753
198,567,537,664,594
198,1406,315,1529,434
198,1485,276,1565,354
198,285,593,328,619
198,0,705,63,753
198,281,594,324,625
199,567,537,664,594
199,1406,315,1529,434
199,1485,276,1566,355
199,284,593,325,619
199,0,705,63,753
200,567,537,664,594
200,1406,315,1529,434
200,1485,276,1566,354
200,286,591,324,618
200,0,705,63,753
201,567,537,664,594
201,1406,315,1529,434
201,1485,277,1566,355
201,0,705,63,753
201,288,592,322,617
202,567,537,664,594
202,1406,315,1529,434
202,1485,277,1566,355
202,0,705,63,753
203,567,537,664,594
203,1406,316,1528,434
203,1485,277,1566,355
203,0,705,63,753
204,567,537,664,594
204,1406,316,1528,433
204,1486,277,1565,356
204,0,705,63,753
205,567,537,664,594
205,1406,316,1529,433
205,1486,278,1565,356
205,0,705,63,753
206,567,537,664,594
206,1485,278,1566,354
206,1406,316,1529,433
206,0,705,63,753
207,567,537,664,594
207,1485,278,1566,354
207,1405,316,1529,433
207,0,705,63,753
208,567,537,664,594
208,1405,317,1529,433
208,1485,278,1566,354
208,0,705,63,753
209,567,537,664,594
209,1485,279,1566,354
209,1405,317,1529,433
209,0,705,63,753
210,567,537,664,594
210,1485,279,1566,354
210,1405,316,1529,433
210,0,705,63,753
211,567,537,664,594
211,1485,279,1566,354
211,1405,316,1529,433
211,0,705,63,753
212,567,537,664,594
212,1485,279,1565,355
212,1405,316,1529,433
212,0,705,63,753
212,266,601,315,634
213,567,537,664,594
213,1485,278,1565,354
213,1405,316,1529,433
213,267,601,316,635
213,0,705,63,753
214,567,537,664,594
214,1486,278,1565,354
214,1406,316,1529,433
214,269,600,317,636
214,0,705,63,752
215,567,537,664,594
215,1486,278,1565,354
215,1406,316,1529,433
215,0,705,63,753
215,256,601,320,638
215,279,605,318,637
216,567,537,663,595
216,1485,278,1566,354
216,1406,316,1529,433
216,0,705,63,752
217,567,537,664,595
217,1485,278,1566,354
217,1406,317,1529,433
217,0,705,63,753
217,244,598,321,642
218,567,537,663,595
218,1406,317,1529,433
218,1485,278,1566,355
218,243,598,323,641
218,280,601,322,638
218,0,705,63,753
218,246,603,300,641
219,567,537,663,595
219,1406,317,1529,433
219,1485,278,1565,355
219,243,599,324,641
219,283,601,324,638
219,0,705,63,753
219,246,601,300,641
219,220,627,249,654
219,267,598,324,638
220,567,537,663,595
220,1406,317,1529,433
220,1485,278,1566,354
220,248,599,326,641
220,269,600,327,638
220,0,705,63,752
220,220,627,250,654
220,233,602,329,645
221,567,537,664,595
221,1406,317,1529,433
221,1485,278,1566,355
221,247,599,329,641
221,276,600,329,638
221,0,705,63,752
221,220,627,250,654
222,567,537,663,595
222,1406,317,1529,433
222,1485,278,1566,355
222,247,600,332,641
222,281,603,332,638
222,0,705,63,752
222,220,627,250,654
223,567,537,664,595
223,1406,317,1529,433
223,1485,278,1566,355
223,247,600,332,641
223,0,705,63,752
223,287,606,334,639
223,220,627,250,654
224,568,537,664,595
224,1406,317,1529,433
224,1485,277,1566,355
224,245,600,331,641
224,289,603,337,640
224,220,627,250,654
224,0,705,63,753
224,247,602,296,640
225,567,537,664,595
225,1406,317,1529,433
225,1485,278,1566,355
225,291,604,340,641
225,246,600,329,641
225,247,602,297,639
225,0,705,63,753
225,220,627,250,654
225,274,599,341,641
226,567,537,664,595
226,1406,317,1529,433
226,1485,278,1566,355
226,296,600,344,638
226,248,600,324,642
226,291,605,342,642
226,249,604,299,640
226,0,705,63,752
226,220,627,250,654
226,266,599,344,641
227,568,537,664,595
227,1406,317,1529,433
227,1486,277,1566,354
227,298,596,346,640
227,250,600,303,640
227,0,705,63,752
227,220,627,249,654
228,568,537,664,595
228,1486,278,1566,354
228,1406,317,1529,433
228,300,597,347,641
228,255,600,303,640
228,0,705,63,752
228,220,627,249,654
229,568,537,664,595
229,1486,278,1566,354
229,1405,317,1529,433
229,299,598,352,642
229,253,600,304,640
229,0,705,63,752
229,221,625,252,653
230,568,537,664,595
230,1486,278,1566,355
230,1405,317,1529,433
230,300,599,355,642
230,252,600,305,641
230,0,705,63,752
230,221,625,252,653
231,568,537,664,595
231,300,599,358,644
231,1486,278,1565,355
231,1406,317,1529,433
231,257,600,305,641
231,0,705,63,752
231,220,628,249,654
232,568,537,664,595
232,301,597,360,645
232,1485,278,1565,355
232,1406,317,1529,433
232,255,599,305,641
232,0,705,63,753
232,220,628,249,654
233,568,537,664,595
233,305,596,363,645
233,1486,279,1565,355
233,1406,317,1529,433
233,254,600,307,643
233,0,705,63,752
233,220,628,249,654
234,567,537,664,594
234,1486,281,1566,355
234,1406,316,1529,433
234,309,596,367,646
234,259,605,309,644
234,0,705,63,752
234,220,628,247,654
235,567,537,664,594
235,1486,280,1566,355
235,1406,316,1529,433
235,311,597,374,647
235,265,608,311,645
235,0,705,63,752
235,258,601,309,641
235,220,628,247,654
236,567,537,664,594
236,1486,281,1566,355
236,1406,316,1529,433
236,315,595,376,646
236,271,611,315,646
236,0,705,63,752
236,220,627,247,654
237,568,537,664,594
237,1486,281,1566,355
237,1406,316,1529,433
237,316,597,380,647
237,273,613,316,646
237,0,705,63,752
237,220,628,247,654
238,568,537,664,594
238,1486,281,1565,356
238,1406,316,1529,433
238,319,598,384,648
238,273,609,317,647
238,0,705,63,752
238,220,627,247,654
239,568,537,664,594
239,1486,281,1565,356
239,1406,316,1529,433
239,273,609,320,647
239,322,596,388,650
239,0,705,63,752
239,220,627,248,654
240,1486,282,1566,356
240,1405,315,1529,433
240,568,537,663,593
240,326,597,394,651
240,272,608,320,647
240,0,705,63,751
240,220,627,247,654
241,1486,282,1566,355
241,329,595,397,650
241,568,537,663,593
241,1405,315,1529,433
241,270,608,322,649
241,0,705,63,751
241,220,627,247,654
242,330,594,403,652
242,1486,282,1566,355
242,1405,314,1529,433
242,568,537,663,593
242,277,611,324,650
242,0,705,63,751
242,220,628,247,654
242,258,605,322,644
243,1486,282,1566,356
243,1404,314,1529,433
243,568,537,663,593
243,333,592,409,653
243,273,610,324,652
243,0,705,63,751
243,220,627,248,654
244,1486,282,1566,355
244,335,590,415,655
244,568,537,663,593
244,1405,315,1529,433
244,273,613,324,653
244,0,705,63,751
244,220,628,247,654
245,1486,282,1565,355
245,1404,315,1528,433
245,568,537,663,593
245,342,591,421,656
245,273,611,326,654
245,0,705,63,751
246,1485,282,1566,355
246,1405,315,1528,433
246,568,537,663,593
246,276,613,329,657
246,346,590,427,658
246,0,705,63,751
246,220,628,247,654
247,1485,282,1565,355
247,568,537,663,593
247,351,590,434,658
247,1405,315,1528,433
247,277,613,331,657
247,0,705,63,751
248,1485,282,1565,356
248,568,537,663,593
248,1405,315,1528,433
248,352,588,441,658
248,277,611,333,659
248,0,705,63,751
249,1485,282,1566,356
249,568,537,663,593
249,1405,315,1528,433
249,275,610,336,659
249,359,586,449,659
249,0,705,63,751
249,220,627,248,654
250,1485,282,1565,356
250,1405,315,1528,433
250,568,537,663,593
250,265,609,341,658
250,361,585,456,660
250,0,705,63,752
250,220,627,248,654
251,1485,282,1566,356
251,1405,314,1528,433
251,568,537,663,593
251,270,612,343,663
251,365,582,463,661
251,0,705,63,752
251,220,627,247,654
251,259,610,334,655
252,1485,282,1566,356
252,1405,314,1528,433
252,567,537,663,593
252,280,614,345,666
252,370,580,474,662
252,275,612,344,655
252,0,705,62,752
253,1485,282,1566,356
253,1405,315,1529,433
253,567,537,663,593
253,283,614,347,670
253,374,581,480,662
253,0,705,62,752
254,284,613,351,675
254,1485,282,1565,356
254,1405,315,1528,433
254,567,537,663,593
254,381,581,493,667
254,0,705,62,752
255,285,614,355,679
255,1485,282,1565,356
255,1405,315,1528,433
255,567,537,663,593
255,388,580,503,669
255,592,538,663,589
255,0,705,62,752
256,1485,282,1565,356
256,285,617,359,680
256,1405,315,1528,433
256,567,537,663,593
256,591,538,663,589
256,395,579,518,669
256,0,705,62,752
257,289,616,364,684
257,1485,282,1565,355
257,566,537,663,593
257,1406,315,1529,433
257,600,538,663,590
257,0,706,62,752
257,260,609,301,652
257,402,572,528,672
257,221,627,247,654
258,291,617,369,688
258,1485,282,1565,355
258,1406,315,1529,433
258,566,537,663,593
258,411,572,541,674
258,605,538,663,589
258,261,611,300,652
258,0,706,62,752
258,220,627,247,655
259,1485,282,1565,355
259,294,619,374,690
259,1406,316,1528,433
259,566,537,663,593
259,604,538,663,590
259,261,613,301,654
259,0,706,62,752
259,220,628,247,655
259,418,572,560,679
260,297,621,381,697
260,1485,282,1565,355
260,1406,316,1529,433
260,567,537,663,592
260,261,613,304,656
260,602,537,663,590
260,0,706,62,752
260,220,628,248,655
261,1485,282,1566,355
261,300,622,386,699
261,1406,315,1529,433
261,262,612,305,657
261,606,538,663,589
261,585,537,663,591
261,0,706,62,752
261,220,627,248,655
262,1485,282,1566,355
262,262,612,306,658
262,1406,315,1529,433
262,300,623,397,704
262,605,538,663,589
262,447,568,611,685
262,0,706,62,752
262,220,628,248,655
263,1485,282,1566,355
263,1406,315,1529,433
263,263,614,307,659
263,606,538,663,587
263,302,623,403,711
263,0,706,62,752
263,220,627,248,655
263,567,539,663,591
264,1486,282,1565,354
264,263,615,310,660
264,1406,315,1529,433
264,604,536,664,585
264,307,622,413,718
264,220,627,249,655
264,0,706,61,752
265,1485,283,1565,355
265,262,617,312,661
265,1406,315,1529,433
265,485,556,685,696
265,312,623,423,724
265,608,536,663,584
265,0,706,62,752
265,220,627,248,655
266,1486,282,1565,354
266,314,623,437,733
266,1406,315,1529,433
266,263,617,313,662
266,499,547,717,703
266,220,628,248,655
266,0,706,62,751
267,512,538,753,711
267,1486,282,1566,355
267,317,623,448,740
267,263,617,318,666
267,1406,315,1528,433
267,0,706,61,752
267,220,627,248,656
268,320,623,464,752
268,1486,282,1566,354
268,1407,315,1528,433
268,531,539,792,716
268,263,618,322,669
268,220,627,249,656
268,0,706,61,752
269,1486,283,1565,355
269,1407,316,1528,433
269,329,624,483,763
269,264,618,322,670
269,556,533,837,725
269,220,627,249,656
269,0,706,61,752
270,338,625,505,779
270,1487,282,1566,355
270,1407,315,1528,433
270,263,619,323,673
270,585,526,893,735
270,569,546,617,592
270,568,539,656,591
270,220,627,248,656
270,0,706,61,752
271,606,520,956,743
271,343,625,525,794
271,1486,283,1565,355
271,265,618,328,677
271,1407,315,1528,433
271,609,538,660,589
271,575,537,660,591
271,569,543,615,593
271,0,706,61,752
271,220,627,249,656
272,633,508,1030,756
272,356,626,564,813
272,264,618,330,677
272,1486,283,1565,355
272,1407,316,1528,433
272,568,536,663,592
272,605,537,663,589
272,0,706,61,752
273,264,619,332,680
273,367,628,606,839
273,672,498,1126,769
273,1486,283,1565,355
273,1407,316,1528,433
273,567,537,663,593
273,593,537,664,589
273,0,706,61,752
273,220,627,249,655
274,386,631,656,872
274,714,484,1247,790
274,1486,283,1565,355
274,567,537,664,593
274,1407,316,1529,433
274,265,618,335,681
274,0,706,61,752
275,408,634,725,914
275,1486,282,1566,355
275,568,537,664,593
275,769,465,1396,810
275,1406,316,1529,433
275,266,621,339,683
275,0,706,61,752
275,220,627,248,655
276,438,633,823,974
276,829,444,1598,843
276,1487,282,1566,355
276,1407,316,1528,433
276,568,537,664,594
276,268,621,343,688
276,219,628,248,656
276,0,706,62,752
277,474,634,966,1062
277,913,417,1599,891
277,1406,315,1530,426
277,1487,283,1565,355
277,567,537,663,593
277,270,621,347,690
277,0,706,62,752
277,220,627,249,655
278,525,639,1204,1198
278,1010,380,1599,824
278,1406,313,1529,414
278,567,538,663,593
278,1486,284,1566,355
278,270,618,355,692
278,0,706,62,752
278,219,627,249,655
279,608,648,1599,1198
279,1148,370,1599,839
279,1487,283,1565,355
279,567,538,664,593
279,1407,315,1528,435
279,270,620,358,697
279,0,706,62,752
279,219,627,249,655
280,761,658,1599,1198
280,1487,283,1565,355
280,567,538,663,593
280,1407,316,1528,434
280,1330,479,1599,720
280,593,538,664,589
280,271,620,364,701
280,0,706,62,752
280,220,627,250,655
281,1487,283,1565,355
281,1086,685,1597,1198
281,567,538,663,593
281,1407,315,1528,434
281,594,538,664,589
281,274,621,371,706
281,0,705,62,752
281,219,627,250,655
282,1487,283,1565,355
282,567,538,664,593
282,1407,315,1528,433
282,275,621,377,712
282,0,706,62,752
282,219,627,251,655
283,1487,282,1565,355
283,567,538,664,593
283,1407,315,1528,433
283,0,705,62,753
283,219,626,251,655
284,1487,283,1565,355
284,567,538,663,593
284,1407,315,1528,433
284,278,621,393,723
284,0,706,62,753
284,219,626,251,655
285,1486,283,1565,355
285,567,538,663,593
285,1407,315,1528,433
285,285,624,401,728
285,0,705,62,753
285,219,626,252,655
286,1486,283,1565,355
286,567,538,663,593
286,1407,316,1528,433
286,287,624,411,734
286,0,706,62,753
286,219,626,251,655
287,1485,282,1565,355
287,291,624,421,740
287,1407,316,1527,433
287,567,537,663,593
287,0,705,62,752
287,220,627,249,654
288,1485,281,1566,354
288,294,624,434,749
288,568,537,662,593
288,1407,316,1528,433
288,0,705,61,751
288,220,627,249,654
289,1485,282,1565,355
289,298,625,449,759
289,568,537,662,594
289,1407,316,1528,433
289,0,705,62,751
289,219,627,249,654
290,1485,282,1565,355
290,568,537,662,594
290,307,626,467,768
290,1406,316,1527,433
290,0,705,62,751
290,220,627,249,654
291,1485,282,1565,355
291,311,627,487,780
291,568,537,662,594
291,1406,316,1528,433
291,0,705,61,751
292,1485,282,1565,355
292,320,627,514,797
292,568,537,662,594
292,1407,316,1527,433
292,0,705,61,751
292,220,627,249,654
293,331,629,543,812
293,1484,282,1565,355
293,568,536,662,594
293,1406,316,1527,433
293,0,705,62,751
294,340,631,576,832
294,1484,282,1565,355
294,568,536,662,593
294,1406,316,1527,433
294,0,704,61,751
295,353,629,618,857
295,1484,282,1565,355
295,568,536,662,594
295,1406,316,1527,433
295,0,705,61,752
296,369,629,674,893
296,1425,307,1599,624
296,568,536,662,594
296,1484,283,1563,355
296,1407,315,1523,436
296,0,705,61,752
297,388,630,744,934
297,568,536,663,593
297,1290,248,1599,625
297,0,706,62,752
297,219,627,249,655
298,411,632,845,995
298,568,536,663,594
298,0,706,62,752
299,443,632,994,1079
299,567,536,663,593
299,0,705,62,752
300,485,636,1226,1198
300,1485,283,1565,354
300,567,537,663,593
300,1511,251,1559,283
300,0,706,62,752
301,538,638,1597,1199
301,1485,282,1565,355
301,567,537,663,593
301,1406,315,1529,434
301,594,537,664,590
301,1510,251,1559,285
301,0,706,62,752
302,1485,283,1565,355
302,1404,315,1529,435
302,567,537,663,593
302,893,355,1305,631
302,0,705,62,752
302,1510,252,1560,285
302,631,641,1597,1199
303,1485,283,1565,354
303,567,537,663,593
303,1404,315,1529,435
303,592,537,664,590
303,0,705,62,752
303,1511,253,1560,286
303,1154,642,1598,1200
304,1485,283,1565,355
304,567,537,663,593
304,1405,315,1529,435
304,0,706,62,752
304,1510,254,1560,285
305,1485,282,1565,354
305,1407,316,1528,433
305,567,537,663,593
305,1508,250,1562,284
305,0,706,62,752
306,1485,282,1565,354
306,1407,316,1528,433
306,567,537,663,593
306,594,537,664,590
306,0,706,62,752
306,1508,252,1563,284
307,1485,283,1565,355
307,1407,316,1529,433
307,567,537,662,594
307,0,706,62,752
307,1511,253,1561,285
308,1485,282,1565,355
308,1407,315,1529,433
308,568,538,662,593
308,594,538,662,590
308,0,706,62,752
308,1510,254,1560,286
309,1485,282,1565,354
309,1407,315,1529,433
309,569,537,661,594
309,601,537,663,591
309,0,706,62,752
309,1510,254,1561,286
310,1485,282,1565,354
310,1407,315,1529,432
310,569,538,644,593
310,0,706,62,752
310,1511,254,1561,287
311,1485,282,1565,354
311,1407,315,1529,432
311,0,706,62,752
311,1513,251,1563,286
311,569,541,621,594
312,1485,281,1565,354
312,1406,316,1529,433
312,0,706,62,752
312,1511,251,1563,286
313,1485,282,1565,354
313,1406,316,1529,433
313,1510,251,1563,286
313,0,706,62,752
314,1486,282,1565,354
314,1406,316,1529,433
314,0,706,62,752
314,1510,253,1562,287
315,1485,282,1565,354
315,1406,315,1529,433
315,1511,251,1564,288
315,544,504,689,627
315,0,706,62,752
316,1485,281,1565,354
316,1406,315,1529,433
316,1511,250,1564,287
316,0,706,62,752
317,1485,281,1565,355
317,1407,315,1528,433
317,520,510,652,627
317,1512,250,1564,287
317,0,706,62,752
317,220,624,252,653
318,1485,282,1565,354
318,1407,315,1528,433
318,616,537,662,584
318,1511,250,1563,287
318,0,706,62,752
318,220,624,252,653
319,1485,282,1565,354
319,607,536,662,585
319,1407,315,1528,433
319,499,520,617,622
319,1511,251,1564,287
319,0,706,62,752
319,219,625,251,654
320,1485,282,1565,354
320,1407,315,1528,433
320,607,536,662,586
320,1511,251,1565,288
320,0,706,62,752
321,1485,282,1565,354
321,1407,315,1528,433
321,607,537,661,587
321,1511,253,1565,288
321,0,706,62,752
322,1485,282,1565,354
322,1407,315,1528,433
322,608,537,662,587
322,566,548,615,594
322,1511,253,1565,289
322,0,706,62,752
322,219,626,251,654
323,1485,282,1564,354
323,1407,315,1528,433
323,608,537,662,588
323,1511,253,1565,290
323,570,546,612,593
323,0,706,62,752
324,1486,282,1565,354
324,1406,316,1528,433
324,454,538,553,625
324,608,537,662,589
324,588,537,662,591
324,569,546,611,593
324,1512,253,1564,291
324,0,705,62,752
324,220,625,252,653
324,569,541,658,594
325,1486,282,1565,354
325,1406,316,1528,433
325,571,536,662,592
325,605,536,663,590
325,569,543,616,593
325,1511,254,1564,289
325,0,705,62,752
325,220,625,252,653
326,1486,283,1565,354
326,1406,315,1528,433
326,570,537,662,592
326,602,536,663,590
326,569,543,618,593
326,0,705,62,752
326,1510,254,1565,290
326,220,625,252,653
327,1486,282,1565,354
327,1406,316,1528,433
327,570,537,663,592
327,604,538,663,589
327,1509,254,1565,291
327,434,544,519,625
327,0,706,61,752
327,220,625,251,654
328,1486,282,1565,355
328,1406,316,1528,433
328,570,537,663,592
328,595,537,664,590
328,428,547,509,625
328,1510,255,1565,292
328,0,706,61,752
328,220,625,251,654
329,1486,282,1565,355
329,1406,316,1528,433
329,569,537,663,592
329,605,537,663,589
329,1511,256,1564,292
329,0,706,61,752
329,220,625,251,654
330,1486,282,1565,355
330,1406,316,1528,433
330,569,537,663,593
330,604,538,663,589
330,412,549,495,625
330,1511,256,1565,293
330,0,706,61,752
331,1486,283,1565,355
331,1406,316,1529,433
331,568,537,663,593
331,602,537,663,589
331,1511,257,1565,293
331,0,706,61,752
332,1486,283,1565,354
332,1406,316,1529,433
332,569,537,663,593
332,604,537,663,589
332,1511,258,1566,294
332,404,556,477,625
332,0,706,61,752
332,220,624,251,654
333,1486,283,1565,354
333,1406,316,1529,433
333,568,537,663,593
333,598,537,663,589
333,1510,258,1566,294
333,0,706,61,752
334,1486,282,1565,354
334,1406,316,1529,433
334,568,537,663,593
334,394,562,462,623
334,596,537,663,590
334,1511,257,1566,294
334,0,706,61,752
334,220,624,251,654
335,1485,282,1565,354
335,568,537,663,593
335,1406,316,1529,433
335,391,560,458,623
335,593,537,663,590
335,1511,257,1566,296
335,0,706,61,752
335,220,624,251,654
336,1486,283,1565,354
336,567,537,663,593
336,1406,316,1528,433
336,594,538,663,589
336,1510,257,1566,298
336,0,706,61,751
336,220,624,251,654
337,1486,282,1565,354
337,566,537,663,593
337,1405,316,1528,433
337,382,563,446,623
337,1511,257,1566,297
337,0,706,61,751
338,1486,282,1565,354
338,566,537,663,593
338,379,563,445,622
338,1406,316,1528,433
338,1511,257,1566,298
338,0,706,61,751
339,1486,282,1565,354
339,567,537,663,593
339,1405,316,1528,433
339,374,565,440,623
339,1510,257,1566,297
339,0,706,61,751
340,1485,282,1565,355
340,567,537,662,593
340,1405,316,1528,433
340,1509,258,1566,297
340,370,566,428,624
340,0,706,61,751
341,1485,282,1565,355
341,567,537,662,593
341,1405,316,1528,433
341,369,567,423,624
341,1509,258,1566,297
341,0,706,61,751
342,1485,282,1565,354
342,567,537,662,593
342,1405,316,1528,433
342,365,569,420,622
342,1509,258,1567,298
342,0,706,61,751
343,1486,283,1565,354
343,567,537,662,593
343,1405,316,1528,433
343,363,570,413,625
343,1508,258,1567,300
343,0,706,61,751
344,1485,282,1565,354
344,567,537,663,593
344,358,570,411,624
344,1405,316,1528,433
344,1508,258,1567,299
344,0,706,61,751
345,1485,283,1565,354
345,567,537,663,593
345,356,571,406,624
345,1405,316,1528,433
345,1507,258,1566,300
345,0,706,62,751
345,220,624,251,654
346,1486,283,1565,355
346,567,537,663,593
346,352,570,403,624
346,1405,316,1528,433
346,1508,258,1566,298
346,220,624,251,654
346,0,706,62,751
347,1486,284,1565,355
347,350,571,401,624
347,567,537,663,593
347,1405,316,1528,433
347,1509,259,1564,296
348,348,574,395,623
348,1486,283,1565,355
348,566,537,662,592
348,1404,315,1528,433
348,600,538,663,589
348,1508,259,1564,297
348,0,706,62,751
349,1486,283,1565,355
349,347,576,392,623
349,566,537,663,592
349,1404,315,1528,433
349,600,538,663,589
349,0,706,62,751
349,1508,259,1564,299
350,1486,283,1565,354
350,343,577,390,625
350,566,537,662,592
350,1404,315,1528,433
350,601,538,663,589
350,1507,260,1564,300
350,0,706,62,751
350,220,625,251,654
351,339,576,385,623
351,1486,283,1565,355
351,566,537,662,592
351,1404,315,1528,433
351,600,538,663,589
351,1504,260,1567,304
351,0,706,62,751
352,339,578,383,622
352,1486,283,1565,354
352,566,537,663,592
352,1404,315,1528,433
352,604,538,663,589
352,1503,260,1568,304
352,0,706,62,751
352,220,625,251,654
353,339,577,381,621
353,1486,283,1565,354
353,566,537,663,592
353,1404,315,1528,433
353,603,538,663,589
353,1503,261,1568,304
353,0,706,62,751
353,220,625,251,654
354,1486,284,1565,354
354,335,576,377,621
354,566,537,663,592
354,1404,315,1529,433
354,603,538,663,589
354,1503,261,1567,305
354,0,706,62,751
354,220,625,251,654
355,1486,283,1565,354
355,332,578,374,621
355,566,537,663,592
355,1403,315,1529,433
355,604,538,663,589
355,1502,262,1567,305
355,0,706,62,751
356,1486,283,1565,354
356,566,537,663,592
356,1403,315,1529,433
356,329,579,374,621
356,603,538,663,589
356,0,706,62,751
356,1504,262,1567,305
357,1486,283,1565,354
357,566,537,663,592
357,1404,315,1528,433
357,603,538,663,589
357,328,578,371,622
357,0,706,62,751
357,1504,262,1567,305
358,1486,284,1565,354
358,566,537,663,592
358,1404,315,1528,433
358,604,538,663,589
358,325,577,368,619
358,0,706,62,751
358,1503,262,1567,305
358,220,625,252,654
359,1486,284,1565,354
359,566,537,663,592
359,1404,315,1529,433
359,604,538,663,589
359,323,580,367,621
359,1502,261,1566,305
359,0,706,62,751
360,1487,283,1565,354
360,566,537,662,592
360,1404,315,1528,433
360,604,537,663,588
360,321,581,362,618
360,0,706,62,751
361,1487,283,1565,354
361,566,537,662,593
361,1404,315,1528,433
361,604,537,663,588
361,318,583,360,621
361,0,706,62,751
362,1487,283,1565,355
362,566,537,662,593
362,1404,315,1528,433
362,604,537,663,588
362,318,583,357,619
362,0,706,62,751
363,1487,282,1565,354
363,566,537,662,593
363,1404,315,1528,433
363,604,537,663,588
363,317,584,354,619
363,0,706,62,751
364,1487,282,1565,354
364,566,537,662,593
364,1404,315,1528,433
364,315,586,353,619
364,604,537,663,588
364,0,706,62,751
365,1487,280,1565,354
365,566,537,662,593
365,1404,315,1529,433
365,311,585,351,619
365,604,537,663,588
365,0,706,62,751
366,1487,279,1565,354
366,566,537,662,593
366,311,584,348,619
366,1404,315,1528,433
366,604,537,663,588
366,0,706,62,751
367,1487,279,1565,354
367,566,537,662,592
367,1404,314,1528,433
367,309,585,344,619
367,604,537,663,588
367,0,706,62,751
368,1487,278,1565,354
368,566,537,662,592
368,308,585,343,618
368,1404,314,1529,433
368,604,537,663,588
368,0,706,62,751
369,1487,278,1565,354
369,566,537,662,592
369,1404,314,1529,433
369,308,586,341,618
369,604,538,663,588
369,0,706,62,751
370,566,537,662,592
370,1487,278,1565,354
370,1403,314,1529,433
370,306,586,340,617
370,604,538,663,588
370,1498,265,1566,307
370,0,706,62,751
371,1487,277,1565,354
371,566,537,662,592
371,1404,315,1529,433
371,304,586,339,618
371,605,538,663,588
371,0,706,62,751
372,1487,270,1566,355
372,566,537,662,592
372,302,585,339,618
372,1404,314,1529,433
372,603,537,663,588
372,0,706,62,751
373,1487,270,1566,355
373,566,537,662,592
373,1404,314,1529,433
373,300,587,334,618
373,603,537,663,588
373,0,706,62,751
374,567,537,663,593
374,1487,270,1566,355
374,1405,314,1530,432
374,299,588,332,618
374,0,705,62,752
375,567,537,663,593
375,1487,275,1566,356
375,1405,314,1530,432
375,295,587,331,618
375,0,705,62,752
376,567,537,663,593
376,1487,276,1566,355
376,1405,314,1529,433
376,293,586,329,617
376,0,705,62,752
377,567,537,663,593
377,1487,275,1566,355
377,1405,314,1530,433
377,291,587,326,617
377,0,705,62,752
378,567,537,663,593
378,1487,270,1566,355
378,1405,315,1530,433
378,289,588,326,617
378,0,705,62,752
379,567,537,663,593
379,1487,270,1566,355
379,1405,315,1529,433
379,289,588,323,617
379,0,705,62,752
380,567,537,663,593
380,1487,270,1566,355
380,1405,315,1529,433
380,290,588,322,617
380,0,705,62,752
381,1487,269,1566,354
381,567,537,663,593
381,1405,314,1529,433
381,287,588,321,616
381,0,705,62,752
382,1487,269,1566,354
382,567,537,663,593
382,1405,314,1529,433
382,287,588,319,616
382,0,705,62,752
383,1487,270,1566,354
383,567,537,663,593
383,1405,314,1529,433
383,286,588,318,615
383,0,705,62,752
384,1487,269,1566,355
384,1406,315,1530,433
384,568,538,663,593
384,0,705,62,751
384,283,588,317,615
385,1487,269,1566,355
385,1406,315,1530,433
385,568,538,663,593
385,0,705,62,751
386,1487,269,1566,354
386,1406,315,1530,433
386,568,538,663,593
386,0,705,62,751
387,1487,269,1566,354
387,1406,315,1530,433
387,568,538,663,593
387,0,705,62,751
388,1487,269,1566,355
388,1406,315,1530,433
388,568,538,663,593
388,0,705,62,751
389,1487,268,1566,355
389,568,538,663,593
389,1406,314,1530,433
389,0,705,62,751
390,1486,268,1566,355
390,1406,314,1530,433
390,568,538,663,593
390,0,705,62,751
391,1486,269,1566,355
391,568,538,663,593
391,1406,315,1530,433
391,0,705,62,751
392,1487,268,1566,354
392,568,538,663,593
392,1405,315,1529,433
392,0,705,62,751
392,274,589,305,614
393,1486,268,1566,355
393,568,538,663,593
393,1405,315,1529,434
393,0,705,62,751
393,274,589,309,614
394,1486,268,1566,355
394,568,538,663,593
394,1405,315,1529,434
394,0,705,62,751
394,273,589,303,614
395,1486,269,1566,355
395,1404,315,1529,435
395,568,538,663,593
395,0,705,62,751
395,272,590,301,614
396,1485,269,1566,354
396,1405,316,1528,436
396,568,538,663,593
396,0,705,62,751
396,271,589,299,614
397,1406,317,1528,439
397,1485,269,1566,354
397,568,538,663,593
397,270,590,300,614
397,0,705,62,751
398,1405,317,1528,439
398,1485,268,1566,354
398,568,538,663,593
398,0,705,62,751
398,268,589,299,613
399,1485,268,1566,354
399,568,538,663,593
399,1402,319,1528,439
399,267,589,302,613
399,0,705,62,751
400,568,538,663,593
400,1483,268,1566,354
400,1402,317,1526,442
400,0,705,62,751
401,1483,268,1566,354
401,568,538,663,593
401,1400,320,1527,441
401,0,705,62,751
402,1399,322,1527,443
402,568,538,663,593
402,1481,269,1566,354
402,0,705,62,751
403,1397,323,1526,448
403,568,538,663,593
403,1479,270,1566,355
403,0,705,62,751
404,1392,323,1523,450
404,568,537,662,593
404,1479,272,1566,356
404,601,538,663,589
404,0,706,62,751
405,1390,324,1523,454
405,568,537,662,593
405,1479,277,1567,359
405,599,538,663,589
405,0,706,62,751
405,265,592,291,613
406,1383,326,1522,458
406,568,538,662,593
406,1478,276,1567,361
406,599,538,663,589
406,0,706,62,751
406,265,592,290,613
407,1379,328,1522,461
407,568,537,662,593
407,1477,277,1567,362
407,598,538,663,589
407,0,706,62,751
407,264,592,289,612
408,568,537,662,593
408,1376,330,1519,465
408,1476,278,1566,361
408,0,706,62,751
409,568,537,662,593
409,1371,334,1511,471
409,1475,275,1566,359
409,0,706,62,751
410,568,537,662,593
410,1365,335,1509,480
410,1473,277,1565,361
410,0,706,62,751
411,568,537,662,593
411,1357,337,1512,486
411,1472,277,1565,362
411,0,706,62,751
412,568,537,662,593
412,1473,276,1565,364
412,1351,339,1508,493
412,0,706,62,751
413,568,537,662,593
413,1343,347,1503,499
413,1471,273,1566,364
413,0,706,62,751
414,1336,349,1504,509
414,568,537,663,593
414,1470,273,1566,365
414,0,705,63,751
415,1327,353,1497,517
415,568,537,663,593
415,1470,273,1566,372
415,0,705,63,751
416,1319,361,1494,522
416,568,537,663,593
416,1469,278,1565,374
416,0,705,63,751
417,1309,366,1491,530
417,568,537,663,593
417,1466,275,1566,378
417,0,705,63,751
418,1299,369,1488,535
418,1464,275,1566,381
418,568,537,663,593
418,0,705,63,751
419,1291,375,1482,541
419,568,537,663,593
419,1462,275,1566,384
419,0,705,63,751
420,1280,379,1477,549
420,568,537,662,592
420,1463,278,1566,385
420,595,536,663,590
420,0,704,63,751
421,1270,385,1474,555
421,1463,278,1566,389
421,568,537,662,592
421,595,536,663,589
421,0,704,63,751
422,1261,386,1471,566
422,1457,280,1566,390
422,568,537,662,592
422,596,536,663,589
422,0,704,63,751
423,1255,389,1467,577
423,1458,282,1565,391
423,568,537,662,592
423,595,536,663,589
423,0,704,63,751
424,1249,389,1463,586
424,1456,282,1564,396
424,568,537,663,593
424,599,537,663,590
424,0,705,62,751
425,1245,389,1460,596
425,1452,287,1563,399
425,568,537,663,593
425,598,537,663,590
425,0,705,62,751
426,1241,391,1465,606
426,1449,292,1563,401
426,568,537,663,593
426,593,537,663,590
426,0,705,62,751
426,1486,275,1564,333
427,1243,395,1476,619
427,1448,301,1562,407
427,568,537,663,593
427,593,537,663,590
427,1490,276,1565,336
427,0,705,62,751
428,1242,398,1493,632
428,568,537,663,594
428,1445,303,1560,410
428,595,537,663,590
428,1488,276,1567,336
428,0,705,62,751
429,1244,400,1511,646
429,568,537,663,593
429,1445,305,1560,412
429,595,537,663,590
429,1487,275,1565,336
429,0,705,62,751
430,1244,401,1535,661
430,1443,308,1559,418
430,568,537,663,593
430,1488,279,1566,338
430,594,537,663,590
430,0,705,62,751
431,1248,402,1566,682
431,1440,312,1560,420
431,568,537,663,593
431,1485,276,1567,343
431,593,537,663,590
431,0,705,62,751
432,1253,402,1598,706
432,1433,314,1559,424
432,569,538,663,593
432,1485,280,1567,346
432,601,538,663,590
432,0,706,62,751
433,1261,405,1599,733
433,1429,316,1559,420
433,569,538,663,593
433,1485,282,1567,349
433,601,538,663,590
433,0,706,62,751
434,1267,409,1599,761
434,1425,320,1553,423
434,568,538,664,593
434,1485,287,1567,351
434,0,705,63,752
435,1275,407,1599,799
435,568,538,664,593
435,1419,322,1550,421
435,1486,287,1568,353
435,0,705,63,752
436,1289,404,1599,841
436,568,538,663,593
436,1419,326,1541,425
436,1486,289,1567,354
436,0,705,63,752
437,1304,406,1599,893
437,1413,328,1543,440
437,568,538,663,593
437,1483,288,1568,355
437,0,705,62,752
438,1407,332,1543,447
438,1328,403,1599,936
438,568,538,663,593
438,1477,288,1568,356
438,0,705,62,752
439,1356,465,1599,852
439,1404,332,1548,469
439,568,538,663,593
439,1475,287,1569,359
439,0,705,62,752
440,1400,471,1599,842
440,1402,339,1548,485
440,568,537,663,593
440,1476,290,1568,361
440,592,538,663,590
440,0,705,63,752
441,1450,456,1599,889
441,1396,344,1553,493
441,1476,290,1568,363
441,568,537,663,593
441,593,538,663,590
441,0,705,63,752
442,1391,350,1556,501
442,1472,293,1568,365
442,568,537,663,593
442,594,538,663,590
442,1526,490,1599,844
442,0,705,63,752
443,1388,353,1559,510
443,1472,295,1568,372
443,568,537,663,593
443,593,538,663,590
443,0,705,63,752
444,1392,358,1565,516
444,1467,295,1569,378
444,567,538,663,592
444,603,538,663,589
444,0,705,63,752
445,1392,361,1574,522
445,1469,297,1568,378
445,567,538,663,592
445,603,538,663,589
445,0,705,63,752
446,1398,364,1583,530
446,1468,299,1568,377
446,567,538,663,592
446,603,538,663,589
446,0,705,63,752
447,1398,368,1595,536
447,1466,301,1569,377
447,567,538,663,592
447,603,538,663,589
447,0,705,63,752
448,1405,367,1599,542
448,1463,302,1569,378
448,567,538,663,592
448,603,538,663,589
448,0,705,63,752
449,1462,305,1569,380
449,1400,367,1599,552
449,567,538,663,592
449,603,538,663,589
449,0,705,63,752
450,1403,369,1599,563
450,1458,308,1566,382
450,567,538,663,592
450,603,538,663,589
450,0,705,63,752
451,1411,367,1600,575
451,567,538,663,592
451,1454,310,1562,384
451,603,538,663,589
451,0,705,63,752
452,1421,362,1599,586
452,567,538,663,592
452,1453,311,1562,378
452,602,538,663,589
452,0,705,63,752
453,567,538,663,592
453,1438,364,1599,598
453,603,538,663,589
453,0,705,63,752
453,1451,313,1561,393
