536, 22, 893, 96, 45, 46, 1, -1, -1, -1
536, 21, 1178, 104, 48, 59, 1, -1, -1, -1
536, 20, 561, 101, 100, 69, 1, -1, -1, -1
536, 19, 1285, 358, 232, 182, 1, -1, -1, -1
536, 18, 935, 80, 76, 64, 1, -1, -1, -1
536, 17, 1291, 151, 246, 112, 1, -1, -1, -1
536, 16, 664, 193, 137, 112, 1, -1, -1, -1
536, 15, 584, 417, 248, 206, 1, -1, -1, -1
537, 22, 893, 96, 44, 45, 1, -1, -1, -1
537, 21, 1178, 104, 47, 59, 1, -1, -1, -1
537, 20, 555, 92, 108, 76, 1, -1, -1, -1
537, 19, 1284, 357, 232, 183, 1, -1, -1, -1
537, 18, 935, 80, 76, 64, 1, -1, -1, -1
537, 17, 1284, 151, 249, 112, 1, -1, -1, -1
537, 16, 665, 195, 138, 114, 1, -1, -1, -1
537, 15, 577, 427, 252, 208, 1, -1, -1, -1
538, 21, 1177, 104, 49, 59, 1, -1, -1, -1
538, 20, 559, 96, 102, 74, 1, -1, -1, -1
538, 19, 1284, 357, 232, 181, 1, -1, -1, -1
538, 18, 935, 79, 75, 64, 1, -1, -1, -1
538, 17, 1328, 155, 208, 104, 1, -1, -1, -1
538, 16, 665, 197, 139, 114, 1, -1, -1, -1
538, 15, 574, 436, 256, 213, 1, -1, -1, -1
539, 21, 1176, 102, 50, 62, 1, -1, -1, -1
539, 20, 555, 89, 107, 79, 1, -1, -1, -1
539, 19, 1284, 356, 231, 182, 1, -1, -1, -1
539, 18, 935, 79, 76, 63, 1, -1, -1, -1
539, 17, 1336, 156, 192, 102, 1, -1, -1, -1
539, 16, 665, 199, 140, 115, 1, -1, -1, -1
539, 15, 568, 447, 259, 216, 1, -1, -1, -1
540, 21, 1176, 102, 50, 62, 1, -1, -1, -1
540, 20, 555, 88, 107, 79, 1, -1, -1, -1
540, 19, 1284, 356, 231, 182, 1, -1, -1, -1
540, 18, 935, 79, 75, 63, 1, -1, -1, -1
540, 16, 664, 202, 143, 118, 1, -1, -1, -1
540, 15, 564, 459, 263, 219, 1, -1, -1, -1
541, 22, 895, 92, 46, 48, 1, -1, -1, -1
541, 21, 1177, 102, 49, 61, 1, -1, -1, -1
541, 20, 558, 93, 103, 76, 1, -1, -1, -1
541, 19, 1283, 356, 232, 182, 1, -1, -1, -1
541, 18, 935, 79, 75, 64, 1, -1, -1, -1
541, 16, 663, 205, 145, 120, 1, -1, -1, -1
541, 15, 560, 472, 268, 223, 1, -1, -1, -1
542, 23, 1255, 156, 241, 108, 1, -1, -1, -1
542, 22, 895, 92, 46, 48, 1, -1, -1, -1
542, 21, 1177, 103, 48, 60, 1, -1, -1, -1
542, 20, 559, 94, 101, 76, 1, -1, -1, -1
542, 19, 1283, 356, 232, 182, 1, -1, -1, -1
542, 18, 935, 79, 75, 64, 1, -1, -1, -1
542, 16, 662, 208, 148, 123, 1, -1, -1, -1
542, 15, 555, 484, 272, 228, 1, -1, -1, -1
543, 23, 1243, 157, 243, 109, 1, -1, -1, -1
543, 22, 894, 92, 47, 49, 1, -1, -1, -1
543, 21, 1177, 103, 48, 60, 1, -1, -1, -1
543, 20, 560, 96, 99, 74, 1, -1, -1, -1
543, 19, 1283, 356, 232, 182, 1, -1, -1, -1
543, 18, 935, 79, 74, 64, 1, -1, -1, -1
543, 16, 663, 213, 150, 122, 1, -1, -1, -1
543, 15, 547, 496, 276, 233, 1, -1, -1, -1
544, 23, 1228, 159, 247, 111, 1, -1, -1, -1
544, 22, 894, 92, 47, 49, 1, -1, -1, -1
544, 21, 1177, 103, 48, 60, 1, -1, -1, -1
544, 20, 560, 97, 99, 73, 1, -1, -1, -1
544, 19, 1283, 356, 232, 182, 1, -1, -1, -1
544, 18, 935, 79, 75, 64, 1, -1, -1, -1
544, 16, 663, 217, 151, 123, 1, -1, -1, -1
544, 15, 541, 510, 280, 236, 1, -1, -1, -1
545, 23, 1216, 161, 249, 110, 1, -1, -1, -1
545, 22, 894, 92, 47, 49, 1, -1, -1, -1
545, 21, 1177, 103, 48, 60, 1, -1, -1, -1
545, 20, 561, 97, 98, 73, 1, -1, -1, -1
545, 19, 1283, 356, 232, 182, 1, -1, -1, -1
545, 18, 935, 79, 75, 64, 1, -1, -1, -1
545, 16, 664, 220, 152, 125, 1, -1, -1, -1
545, 15, 533, 523, 284, 242, 1, -1, -1, -1
546, 23, 1205, 161, 247, 111, 1, -1, -1, -1
546, 22, 894, 92, 47, 49, 1, -1, -1, -1
546, 21, 1177, 103, 47, 59, 1, -1, -1, -1
546, 20, 561, 97, 98, 72, 1, -1, -1, -1
546, 19, 1283, 356, 232, 182, 1, -1, -1, -1
546, 18, 936, 79, 74, 64, 1, -1, -1, -1
546, 16, 664, 223, 153, 127, 1, -1, -1, -1
546, 15, 526, 538, 291, 248, 1, -1, -1, -1
547, 23, 1193, 162, 247, 110, 1, -1, -1, -1
547, 22, 894, 93, 47, 48, 1, -1, -1, -1
547, 21, 1177, 103, 48, 59, 1, -1, -1, -1
547, 20, 562, 96, 96, 73, 1, -1, -1, -1
547, 19, 1283, 356, 232, 182, 1, -1, -1, -1
547, 18, 936, 78, 74, 65, 1, -1, -1, -1
547, 16, 664, 227, 154, 129, 1, -1, -1, -1
547, 15, 518, 555, 296, 252, 1, -1, -1, -1
548, 23, 1176, 164, 248, 110, 1, -1, -1, -1
548, 22, 891, 90, 50, 50, 1, -1, -1, -1
548, 21, 1177, 102, 49, 60, 1, -1, -1, -1
548, 20, 562, 95, 97, 73, 1, -1, -1, -1
548, 19, 1283, 356, 233, 182, 1, -1, -1, -1
548, 18, 936, 78, 74, 64, 1, -1, -1, -1
548, 16, 663, 232, 155, 130, 1, -1, -1, -1
548, 15, 506, 571, 302, 259, 1, -1, -1, -1
549, 23, 1162, 166, 245, 109, 1, -1, -1, -1
549, 22, 890, 89, 51, 51, 1, -1, -1, -1
549, 21, 1177, 101, 50, 61, 1, -1, -1, -1
549, 20, 562, 94, 96, 74, 1, -1, -1, -1
549, 19, 1283, 355, 233, 183, 1, -1, -1, -1
549, 18, 936, 79, 74, 63, 1, -1, -1, -1
549, 16, 663, 236, 157, 131, 1, -1, -1, -1
549, 15, 496, 589, 308, 263, 1, -1, -1, -1
550, 23, 1147, 168, 245, 109, 1, -1, -1, -1
550, 21, 1177, 102, 50, 60, 1, -1, -1, -1
550, 20, 562, 94, 96, 74, 1, -1, -1, -1
550, 19, 1283, 356, 232, 183, 1, -1, -1, -1
550, 18, 936, 79, 73, 63, 1, -1, -1, -1
550, 16, 663, 240, 158, 132, 1, -1, -1, -1
550, 15, 483, 608, 314, 269, 1, -1, -1, -1
551, 23, 1127, 171, 235, 108, 1, -1, -1, -1
551, 21, 1177, 102, 50, 59, 1, -1, -1, -1
551, 20, 562, 97, 96, 72, 1, -1, -1, -1
551, 19, 1283, 356, 232, 183, 1, -1, -1, -1
551, 18, 936, 79, 73, 63, 1, -1, -1, -1
551, 16, 662, 242, 159, 134, 1, -1, -1, -1
551, 15, 471, 627, 321, 274, 1, -1, -1, -1
552, 23, 1115, 172, 231, 108, 1, -1, -1, -1
552, 21, 1177, 102, 49, 59, 1, -1, -1, -1
552, 20, 562, 97, 96, 73, 1, -1, -1, -1
552, 19, 1283, 356, 232, 183, 1, -1, -1, -1
552, 18, 936, 79, 73, 63, 1, -1, -1, -1
552, 16, 661, 245, 161, 135, 1, -1, -1, -1
552, 15, 458, 647, 328, 282, 1, -1, -1, -1
553, 23, 1102, 172, 232, 109, 1, -1, -1, -1
553, 22, 881, 89, 57, 54, 1, -1, -1, -1
553, 21, 1177, 103, 49, 58, 1, -1, -1, -1
553, 20, 561, 98, 97, 72, 1, -1, -1, -1
553, 19, 1284, 356, 232, 183, 1, -1, -1, -1
553, 18, 936, 79, 73, 63, 1, -1, -1, -1
553, 16, 659, 248, 164, 137, 1, -1, -1, -1
553, 15, 441, 667, 334, 288, 1, -1, -1, -1
554, 23, 1087, 173, 235, 110, 1, -1, -1, -1
554, 22, 882, 91, 57, 52, 1, -1, -1, -1
554, 21, 1177, 103, 49, 59, 1, -1, -1, -1
554, 20, 562, 98, 96, 71, 1, -1, -1, -1
554, 19, 1284, 356, 232, 183, 1, -1, -1, -1
554, 18, 935, 79, 74, 63, 1, -1, -1, -1
554, 16, 659, 252, 167, 139, 1, -1, -1, -1
554, 15, 425, 690, 342, 294, 1, -1, -1, -1
555, 23, 1071, 174, 235, 110, 1, -1, -1, -1
555, 22, 880, 91, 57, 52, 1, -1, -1, -1
555, 21, 1177, 104, 49, 58, 1, -1, -1, -1
555, 20, 562, 99, 97, 70, 1, -1, -1, -1
555, 19, 1284, 356, 232, 183, 1, -1, -1, -1
555, 18, 934, 79, 75, 64, 1, -1, -1, -1
555, 16, 658, 256, 169, 142, 1, -1, -1, -1
555, 15, 408, 714, 349, 300, 1, -1, -1, -1
556, 23, 1056, 175, 235, 110, 1, -1, -1, -1
556, 21, 1177, 103, 50, 60, 1, -1, -1, -1
556, 20, 561, 98, 98, 70, 1, -1, -1, -1
556, 19, 1284, 356, 232, 183, 1, -1, -1, -1
556, 18, 934, 80, 75, 63, 1, -1, -1, -1
556, 16, 656, 258, 172, 145, 1, -1, -1, -1
556, 15, 388, 737, 358, 305, 1, -1, -1, -1
557, 23, 1039, 175, 235, 112, 1, -1, -1, -1
557, 21, 1177, 103, 50, 60, 1, -1, -1, -1
557, 20, 561, 98, 98, 70, 1, -1, -1, -1
557, 19, 1284, 356, 232, 183, 1, -1, -1, -1
557, 18, 934, 80, 75, 63, 1, -1, -1, -1
557, 16, 656, 261, 175, 147, 1, -1, -1, -1
557, 15, 370, 760, 364, 309, 1, -1, -1, -1
558, 23, 1022, 177, 233, 111, 1, -1, -1, -1
558, 21, 1177, 103, 50, 60, 1, -1, -1, -1
558, 20, 560, 97, 99, 70, 1, -1, -1, -1
558, 19, 1284, 356, 232, 183, 1, -1, -1, -1
558, 18, 933, 80, 76, 63, 1, -1, -1, -1
558, 16, 656, 263, 176, 151, 1, -1, -1, -1
558, 15, 346, 781, 374, 304, 1, -1, -1, -1
559, 23, 1005, 179, 232, 112, 1, -1, -1, -1
559, 21, 1177, 103, 50, 61, 1, -1, -1, -1
559, 20, 559, 96, 101, 71, 1, -1, -1, -1
559, 19, 1284, 356, 232, 183, 1, -1, -1, -1
559, 18, 933, 80, 76, 64, 1, -1, -1, -1
559, 16, 656, 267, 180, 154, 1, -1, -1, -1
559, 15, 324, 801, 381, 294, 1, -1, -1, -1
560, 23, 988, 180, 232, 112, 1, -1, -1, -1
560, 21, 1177, 103, 50, 62, 1, -1, -1, -1
560, 20, 559, 96, 101, 72, 1, -1, -1, -1
560, 19, 1284, 356, 232, 183, 1, -1, -1, -1
560, 18, 934, 80, 76, 63, 1, -1, -1, -1
560, 16, 654, 274, 181, 156, 1, -1, -1, -1
560, 15, 297, 824, 393, 275, 1, -1, -1, -1
561, 23, 971, 182, 231, 112, 1, -1, -1, -1
561, 21, 1177, 102, 50, 63, 1, -1, -1, -1
561, 20, 559, 96, 101, 72, 1, -1, -1, -1
561, 19, 1284, 356, 233, 183, 1, -1, -1, -1
561, 18, 934, 80, 76, 63, 1, -1, -1, -1
561, 16, 651, 280, 187, 158, 1, -1, -1, -1
561, 15, 268, 850, 404, 254, 1, -1, -1, -1
562, 23, 954, 183, 229, 112, 1, -1, -1, -1
562, 21, 1177, 102, 50, 64, 1, -1, -1, -1
562, 20, 559, 95, 101, 72, 1, -1, -1, -1
562, 19, 1283, 356, 234, 183, 1, -1, -1, -1
562, 18, 934, 81, 76, 62, 1, -1, -1, -1
562, 16, 649, 286, 190, 159, 1, -1, -1, -1
562, 15, 238, 876, 417, 230, 1, -1, -1, -1
563, 23, 938, 184, 227, 113, 1, -1, -1, -1
563, 21, 1177, 102, 50, 64, 1, -1, -1, -1
563, 20, 559, 94, 101, 73, 1, -1, -1, -1
563, 19, 1283, 355, 234, 185, 1, -1, -1, -1
563, 18, 934, 81, 76, 62, 1, -1, -1, -1
563, 16, 643, 292, 195, 162, 1, -1, -1, -1
563, 15, 216, 906, 420, 204, 1, -1, -1, -1
564, 23, 920, 186, 224, 112, 1, -1, -1, -1
564, 21, 1177, 102, 50, 64, 1, -1, -1, -1
564, 20, 559, 94, 101, 73, 1, -1, -1, -1
564, 19, 1284, 355, 233, 185, 1, -1, -1, -1
564, 18, 934, 80, 77, 63, 1, -1, -1, -1
564, 16, 640, 301, 198, 164, 1, -1, -1, -1
564, 15, 193, 939, 421, 172, 1, -1, -1, -1
565, 23, 903, 189, 223, 112, 1, -1, -1, -1
565, 21, 1177, 103, 49, 62, 1, -1, -1, -1
565, 20, 560, 95, 100, 73, 1, -1, -1, -1
565, 19, 1284, 355, 233, 184, 1, -1, -1, -1
565, 18, 934, 80, 76, 63, 1, -1, -1, -1
565, 16, 641, 308, 199, 167, 1, -1, -1, -1
565, 15, 164, 971, 428, 137, 1, -1, -1, -1
566, 23, 888, 190, 220, 114, 1, -1, -1, -1
566, 21, 1177, 103, 48, 62, 1, -1, -1, -1
566, 20, 560, 96, 100, 73, 1, -1, -1, -1
566, 19, 1284, 355, 232, 184, 1, -1, -1, -1
566, 18, 934, 80, 76, 63, 1, -1, -1, -1
566, 16, 641, 314, 202, 170, 1, -1, -1, -1
567, 23, 873, 191, 218, 115, 1, -1, -1, -1
567, 21, 1177, 104, 48, 60, 1, -1, -1, -1
567, 20, 560, 96, 99, 73, 1, -1, -1, -1
567, 19, 1284, 355, 232, 184, 1, -1, -1, -1
567, 18, 934, 80, 76, 62, 1, -1, -1, -1
567, 16, 637, 323, 206, 173, 1, -1, -1, -1
568, 23, 857, 193, 216, 115, 1, -1, -1, -1
568, 21, 1177, 103, 48, 61, 1, -1, -1, -1
568, 20, 560, 96, 99, 73, 1, -1, -1, -1
568, 19, 1284, 355, 232, 184, 1, -1, -1, -1
568, 18, 934, 80, 76, 62, 1, -1, -1, -1
568, 16, 635, 332, 211, 175, 1, -1, -1, -1
569, 23, 842, 194, 214, 116, 1, -1, -1, -1
569, 21, 1177, 103, 49, 61, 1, -1, -1, -1
569, 20, 560, 97, 99, 73, 1, -1, -1, -1
569, 19, 1284, 356, 232, 183, 1, -1, -1, -1
569, 18, 934, 80, 76, 63, 1, -1, -1, -1
569, 16, 631, 341, 213, 178, 1, -1, -1, -1
570, 23, 827, 196, 212, 116, 1, -1, -1, -1
570, 21, 1177, 103, 48, 60, 1, -1, -1, -1
570, 20, 560, 96, 98, 73, 1, -1, -1, -1
570, 19, 1284, 356, 231, 183, 1, -1, -1, -1
570, 18, 934, 79, 76, 63, 1, -1, -1, -1
570, 16, 631, 350, 216, 181, 1, -1, -1, -1
571, 23, 812, 197, 210, 118, 1, -1, -1, -1
571, 21, 1177, 104, 48, 59, 1, -1, -1, -1
571, 20, 560, 96, 99, 73, 1, -1, -1, -1
571, 19, 1284, 356, 231, 183, 1, -1, -1, -1
571, 18, 934, 79, 76, 64, 1, -1, -1, -1
571, 16, 630, 359, 218, 185, 1, -1, -1, -1
572, 23, 798, 200, 208, 119, 1, -1, -1, -1
572, 21, 1177, 103, 48, 60, 1, -1, -1, -1
572, 20, 560, 97, 99, 72, 1, -1, -1, -1
572, 19, 1284, 356, 231, 182, 1, -1, -1, -1
572, 18, 934, 79, 76, 64, 1, -1, -1, -1
572, 16, 626, 370, 224, 188, 1, -1, -1, -1
573, 26, 878, 94, 59, 49, 1, -1, -1, -1
573, 23, 784, 200, 206, 121, 1, -1, -1, -1
573, 21, 1177, 103, 48, 60, 1, -1, -1, -1
573, 20, 560, 99, 99, 70, 1, -1, -1, -1
573, 19, 1284, 356, 231, 183, 1, -1, -1, -1
573, 18, 934, 79, 76, 64, 1, -1, -1, -1
573, 16, 622, 382, 228, 190, 1, -1, -1, -1
574, 26, 878, 93, 59, 49, 1, -1, -1, -1
574, 23, 771, 203, 203, 122, 1, -1, -1, -1
574, 21, 1177, 103, 48, 60, 1, -1, -1, -1
574, 20, 560, 99, 98, 70, 1, -1, -1, -1
574, 19, 1284, 356, 231, 183, 1, -1, -1, -1
574, 18, 935, 79, 75, 64, 1, -1, -1, -1
574, 16, 618, 393, 231, 193, 1, -1, -1, -1
575, 26, 878, 93, 59, 49, 1, -1, -1, -1
575, 23, 758, 206, 201, 123, 1, -1, -1, -1
575, 21, 1177, 104, 48, 59, 1, -1, -1, -1
575, 20, 561, 99, 97, 70, 1, -1, -1, -1
575, 19, 1284, 356, 232, 183, 1, -1, -1, -1
575, 18, 935, 78, 75, 65, 1, -1, -1, -1
575, 16, 616, 403, 233, 197, 1, -1, -1, -1
576, 26, 878, 93, 60, 49, 1, -1, -1, -1
576, 23, 746, 208, 200, 124, 1, -1, -1, -1
576, 21, 1178, 104, 47, 59, 1, -1, -1, -1
576, 20, 561, 99, 97, 70, 1, -1, -1, -1
576, 19, 1284, 356, 231, 183, 1, -1, -1, -1
576, 18, 935, 79, 75, 64, 1, -1, -1, -1
576, 16, 610, 413, 239, 202, 1, -1, -1, -1
577, 26, 878, 93, 60, 49, 1, -1, -1, -1
577, 23, 733, 209, 197, 126, 1, -1, -1, -1
577, 21, 1177, 104, 48, 59, 1, -1, -1, -1
577, 20, 561, 99, 97, 70, 1, -1, -1, -1
577, 19, 1284, 356, 231, 182, 1, -1, -1, -1
577, 18, 935, 80, 75, 63, 1, -1, -1, -1
577, 16, 604, 425, 246, 205, 1, -1, -1, -1
578, 26, 886, 93, 56, 49, 1, -1, -1, -1
578, 23, 721, 213, 196, 127, 1, -1, -1, -1
578, 21, 1177, 104, 48, 59, 1, -1, -1, -1
578, 20, 561, 99, 97, 70, 1, -1, -1, -1
578, 19, 1284, 356, 232, 182, 1, -1, -1, -1
578, 18, 935, 80, 75, 64, 1, -1, -1, -1
578, 16, 596, 437, 252, 209, 1, -1, -1, -1
579, 26, 890, 93, 53, 48, 1, -1, -1, -1
579, 23, 712, 217, 192, 127, 1, -1, -1, -1
579, 21, 1178, 104, 47, 59, 1, -1, -1, -1
579, 20, 560, 96, 99, 72, 1, -1, -1, -1
579, 19, 1285, 356, 231, 183, 1, -1, -1, -1
579, 18, 936, 80, 74, 63, 1, -1, -1, -1
579, 16, 591, 450, 258, 212, 1, -1, -1, -1
580, 26, 891, 94, 52, 47, 1, -1, -1, -1
580, 23, 702, 218, 192, 130, 1, -1, -1, -1
580, 21, 1178, 104, 47, 59, 1, -1, -1, -1
580, 20, 560, 95, 99, 73, 1, -1, -1, -1
580, 19, 1285, 356, 231, 183, 1, -1, -1, -1
580, 18, 936, 80, 74, 63, 1, -1, -1, -1
580, 16, 585, 463, 264, 214, 1, -1, -1, -1
581, 26, 894, 94, 49, 47, 1, -1, -1, -1
581, 23, 693, 221, 191, 130, 1, -1, -1, -1
581, 21, 1177, 104, 48, 60, 1, -1, -1, -1
581, 20, 560, 97, 99, 72, 1, -1, -1, -1
581, 19, 1285, 356, 231, 183, 1, -1, -1, -1
581, 18, 936, 80, 74, 63, 1, -1, -1, -1
581, 16, 577, 475, 270, 220, 1, -1, -1, -1
582, 23, 685, 225, 189, 131, 1, -1, -1, -1
582, 21, 1178, 104, 47, 60, 1, -1, -1, -1
582, 20, 558, 92, 101, 75, 1, -1, -1, -1
582, 19, 1285, 356, 231, 183, 1, -1, -1, -1
582, 18, 936, 81, 73, 62, 1, -1, -1, -1
582, 16, 567, 489, 276, 225, 1, -1, -1, -1
583, 23, 677, 229, 188, 131, 1, -1, -1, -1
583, 21, 1177, 104, 48, 60, 1, -1, -1, -1
583, 20, 559, 95, 100, 74, 1, -1, -1, -1
583, 19, 1285, 356, 231, 183, 1, -1, -1, -1
583, 18, 936, 80, 73, 63, 1, -1, -1, -1
583, 16, 559, 503, 282, 231, 1, -1, -1, -1
584, 23, 668, 233, 188, 133, 1, -1, -1, -1
584, 21, 1178, 104, 47, 59, 1, -1, -1, -1
584, 20, 558, 90, 101, 76, 1, -1, -1, -1
584, 19, 1285, 356, 231, 183, 1, -1, -1, -1
584, 18, 936, 80, 73, 63, 1, -1, -1, -1
584, 16, 548, 521, 290, 234, 1, -1, -1, -1
585, 23, 660, 236, 186, 134, 1, -1, -1, -1
585, 21, 1178, 104, 47, 59, 1, -1, -1, -1
585, 20, 557, 89, 103, 77, 1, -1, -1, -1
585, 19, 1285, 356, 231, 183, 1, -1, -1, -1
585, 18, 936, 81, 73, 62, 1, -1, -1, -1
585, 16, 538, 537, 294, 239, 1, -1, -1, -1